time X0 Y0 X1 Y1 X2 Y2 X3 Y3 X4 Y4 X5 Y5 X6 Y6 X7 Y7 X8 Y8 X9 Y9
3360 0.159 1.003 1.135 0.707 1.044 0.665 0.268 0.374 1.1388125 0.4415 0.173 0.81 1.145 0.425 0.516 1.013 0.097 1.001 0.507 0.935
3361 0.279 0.999 0.997 1.012 1.038 0.793 0.287 0.348 1.142 0.753 0.218 0.862 1.146 0.46 0.458 0.979 0.197 1.012 0.384 0.965
3362 0.304 1.01 1.008 0.985 1.06 0.885 0.294 0.305 1.14 0.813 0.225 0.924 1.157 0.483 0.342 1.011 0.283 1.003 0.34 0.99
3363 0.295 1.078 1.036 0.977 1.059 0.935 0.325 0.276 1.106 0.879 0.189 0.961 1.165 0.524 0.313 1.077 0.284 1.01 0.325 1.045
3364 0.316 1.113 1.061 0.978 1.001 0.895 0.332 0.284 1.08 0.904 0.166 0.931 1.159 0.571 0.346 1.11 0.199 1.062 0.386 1.107
3365 0.376 1.127 1.075 0.958 0.896 0.89 0.343 0.346 1.031 0.865 0.224 0.974 1.146 0.605 0.394 1.117 0.205 0.992 0.398 1.132
3366 0.369 1.135 1.057 0.94 0.809 0.824 0.318 0.38 0.954 0.877 0.298 0.976 1.12 0.632 0.382 1.036 0.279 1.009 0.435 1.091
3367 0.383 1.098 1.053 0.928 0.77 0.81 0.282 0.354 0.972 0.94 0.329 1.007 1.095 0.652 0.391 1.004 0.284 1.059 0.45 1.05
3368 0.378 1.069 1.035 0.929 0.716 0.829 0.259 0.344 0.964 0.982 0.388 0.98 1.086 0.686 0.39 1.018 0.312 1.106 0.446 1.065
3369 0.401 1.053 1.029 0.926 0.688 0.854 0.238 0.377 0.98 1.035 0.414 0.939 1.092 0.724 0.442 1.043 0.387 1.123 0.545 1.041
3370 0.445 1.049 0.996 0.899 0.675 0.865 0.257 0.443 1.028 1.065 0.505 0.92 1.102 0.77 0.557 1.018 0.451 1.097 0.657 0.977
3371 0.529 1.014 0.977 0.868 0.686 0.912 0.249 0.53 1.04 1.059 0.595 0.882 1.087 0.806 0.681 0.971 0.536 1.104 0.797 0.98
3372 0.642 1.029 0.99 0.835 0.733 0.961 0.201 0.607 1.035 1.043 0.648 0.857 1.06 0.832 0.808 0.987 0.605 1.079 0.923 1.019
3373 0.744 1.007 0.975 0.821 0.829 0.986 0.159 0.708 0.999 1.078 0.78 0.903 1.034 0.842 0.855 1.002 0.709 1.071 0.994 1.039
3374 0.844 0.993 0.977 0.796 0.892 1.021 0.21 0.796 0.965 1.103 0.893 0.926 1.026 0.862 0.918 1.037 0.767 1.102 0.985 1.071
3375 0.893 0.999 0.964 0.782 0.967 1.049 0.292 0.865 1.001 1.125 0.97 0.98 1.05 0.874 0.964 1.091 0.826 1.127 1.026 1.087
3376 0.936 1.015 0.973 0.76 1.038 1.01 0.378 0.953 1.046 1.126 1.032 0.979 1.071 0.864 1.006 1.123 0.862 1.122 1.06 1.031
3377 0.973 0.986 0.992 0.743 1.006 0.993 0.38 1.058 1.067 1.076 1.085 0.934 1.065 0.837 1.037 1.142 0.876 1.092 1.028 1.002
3378 0.937 1.044 1.015 0.728 0.978 0.93 0.36 1.135 1.042 1.008 1.072 0.916 1.031 0.83 1.078 1.115 0.862 1.049 1.005 0.929
3379 0.922 1.085 1.034 0.716 0.998 0.893 0.285 1.154 1.044 0.931 1.122 0.854 1.018 0.86 1.045 1.044 0.883 1.011 1.01 0.888
3380 0.837 1.068 1.059 0.695 0.947 0.986 0.178 1.159 1.103 0.871 1.126 0.773 1.008 0.834 1.041 0.981 0.944 0.985 1.038 0.864
3381 0.74 1.05 1.078 0.68 1.041 0.91 0.086 1.112 1.146 0.805 1.122 0.799 0.947 0.826 1.064 0.913 0.995 0.965 1.034 0.893
3382 0.643 1.059 1.103 0.664 1.028 0.916 0.068 0.992 1.142 0.723 1.099 0.834 0.908 0.862 1.116 0.851 0.977 0.896 1.049 0.881
3383 0.603 1.003 1.13 0.642 1.053 0.887 0.071 0.892 1.129 0.669 1.047 0.816 0.891 0.846 1.158 0.866 0.909 0.879 1.07 0.878
3384 0.586 0.951 1.141 0.611 1.084 0.874 0.067 0.788 1.079 0.638 1.008 0.75 0.781 0.851 1.138 0.979 0.898 0.809 1.115 0.884
3385 0.543 0.932 1.133 0.573 1.075 0.811 0.067 0.659 0.995 0.707 1.008 0.719 0.875 0.796 1.164 1.017 0.932 0.775 1.098 0.818
3386 0.494 0.953 1.13 0.543 1.044 0.778 0.068 0.55 1.013 0.72 0.995 0.761 0.903 0.78 1.156 1.035 0.966 0.75 1.079 0.735
3387 0.455 0.956 1.122 0.512 1.03 0.758 0.059 0.46 0.985 0.739 0.991 0.754 0.937 0.799 1.124 1.033 0.947 0.785 1.115 0.599
3388 0.364 0.948 1.127 0.486 1.054 0.781 0.058 0.351 0.937 0.741 0.978 0.793 0.926 0.771 1.1 1.019 0.988 0.812 1.119 0.544
3389 0.293 0.928 1.159 0.488 1.094 0.858 0.057 0.256 0.931 0.681 1.038 0.802 0.971 0.795 1.057 0.986 0.987 0.829 1.126 0.521
3390 0.239 0.889 1.18 0.515 1.078 0.927 0.028 0.167 0.951 0.613 1.059 0.833 0.993 0.868 1.09 0.934 0.99 0.907 1.142 0.512
3391 0.178 0.864 1.186 0.543 1.053 0.904 0.025 0.095 0.999 0.552 1.062 0.884 1.019 0.902 1.092 0.913 0.996 0.924 1.172 0.512
3392 0.183 0.82 1.184 0.574 1.029 0.907 0.084 0.026 1.011 0.505 1.056 0.829 0.975 0.876 1.117 0.93 0.983 0.907 1.166 0.559
3393 0.231 0.662 1.188 0.595 1.008 0.898 0.195 0.044 1.008 0.464 0.987 0.751 0.992 0.856 1.097 0.955 0.995 0.881 1.079 0.676
3394 0.231 0.536 1.183 0.62 0.98 0.831 0.305 0.068 0.972 0.443 1.022 0.733 1.014 0.779 1.11 0.934 0.99 0.817 1.03 0.7
3395 0.288 0.492 1.183 0.64 0.882 0.862 0.41 0.067 0.931 0.425 0.993 0.768 1.024 0.787 1.091 0.929 1.05 0.825 1.048 0.634
3396 0.329 0.48 1.14 0.627 0.849 0.845 0.5 0.1 0.888 0.403 0.949 0.866 1.055 0.84 1.092 0.923 1.03 0.867 1.052 0.803
3397 0.372 0.503 1.175 0.659 0.826 0.832 0.624 0.112 0.855 0.355 1.001 0.926 1.052 0.861 1.096 0.904 1.078 0.922 1.186 0.703
3398 0.451 0.532 1.17 0.632 0.873 0.778 0.729 0.072 0.814 0.328 1.003 0.99 1.003 0.905 1.123 0.913 1.082 0.949 1.188 0.721
3399 0.481 0.602 1.131 0.529 0.932 0.782 0.842 0.061 0.778 0.324 1.022 0.986 1.052 0.973 1.138 0.951 1.064 1.021 1.2 0.746
3400 0.447 0.62 1.065 0.357 0.975 0.807 0.957 0.08 0.728 0.318 1.025 1.016 1.021 0.965 1.146 0.977 1.066 1.064 1.16 0.777
3401 0.397 0.605 1.051 0.181 1.006 0.896 1.062 0.059 0.678 0.315 0.96 1.001 1.001 0.968 1.141 1.003 1.088 1.097 1.172 0.795
3402 0.345 0.589 1.117 0.093 1.052 0.865 1.177 0.092 0.623 0.309 0.922 1.023 0.972 1.007 1.113 1.018 1.027 1.126 1.18 0.795
3403 0.323 0.592 1.078 0.055 1.079 0.815 1.16 0.218 0.574 0.311 0.88 1.007 0.977 1.058 1.083 1.007 0.943 1.097 1.167 0.82
3404 0.379 0.655 0.972 0.081 1.123 0.864 1.145 0.309 0.521 0.284 0.797 1.005 1.023 1.072 1.068 0.986 0.892 1.042 1.158 0.826
3405 0.511 0.725 0.928 0.108 1.115 0.93 1.103 0.412 0.494 0.244 0.719 1.044 1.07 1.034 1.064 0.978 0.863 0.982 1.159 0.849
3406 0.627 0.764 0.838 0.216 1.109 1.003 1.108 0.507 0.484 0.19 0.67 1.072 1.116 1.062 1.052 0.956 0.857 0.943 1.155 0.866
3407 0.738 0.814 0.698 0.377 1.108 1.065 1.015 0.569 0.532 0.146 0.631 1.101 1.123 1.098 1.038 0.943 0.836 0.868 1.122 0.882
3408 0.819 0.837 0.604 0.304 1.159 1.096 0.972 0.654 0.591 0.165 0.662 1.003 1.117 1.117 1.032 0.923 0.873 0.86 1.101 0.881
3409 0.859 0.877 0.621 0.191 1.119 1.159 0.993 0.74 0.644 0.146 0.674 0.918 1.015 1.077 1.039 0.905 0.906 0.929 1.092 0.893
3410 0.852 0.955 0.668 0.157 1.098 1.161 0.982 0.807 0.695 0.118 0.695 0.835 0.878 0.996 1.033 0.878 0.882 0.929 1.074 0.909
3411 0.752 0.947 0.739 0.234 1.059 1.156 1.035 0.851 0.75 0.105 0.719 0.641 0.86 0.951 1.056 0.906 0.798 0.888 1.065 1.15
3412 0.682 0.895 0.719 0.362 1.019 1.133 1.039 0.822 0.809 0.139 0.713 0.471 0.829 0.918 1.052 0.885 0.765 0.743 1.049 0.897
3413 0.627 0.818 0.671 0.383 1.051 1.149 1.041 0.807 0.853 0.127 0.708 0.41 0.877 0.924 1.111 0.854 0.74 0.598 1.065 0.882
3414 0.601 0.718 0.645 0.37 1.075 1.147 1.048 0.78 0.914 0.106 0.703 0.374 0.926 0.986 1.157 0.804 0.706 0.494 1.095 0.893
3415 0.573 0.646 0.648 0.327 1.056 1.133 1.05 0.746 0.975 0.131 0.688 0.26 0.875 0.986 1.168 0.748 0.68 0.421 1.105 0.888
3416 0.514 0.584 0.725 0.227 1.098 1.09 1.071 0.724 1.046 0.183 0.737 0.196 0.786 0.96 1.104 0.725 0.672 0.362 1.112 0.875
3417 0.449 0.487 0.856 0.172 1.118 1.111 1.049 0.799 1.065 0.23 0.793 0.118 0.68 0.924 1.114 0.768 0.708 0.293 1.113 0.856
3418 0.431 0.451 0.953 0.17 1.077 1.125 1.019 0.874 1.067 0.283 0.9 0.106 0.706 0.85 1.107 0.838 0.762 0.228 1.133 0.855
3419 0.444 0.431 1.027 0.23 1.059 1.131 1.026 0.939 1.088 0.344 1.005 0.162 0.819 0.87 1.087 0.821 0.884 0.214 1.135 0.894
3420 0.435 0.401 1.073 0.296 1.095 1.118 0.992 0.963 1.089 0.404 1.045 0.25 0.868 0.918 1.075 0.815 0.977 0.25 1.124 0.933
3421 0.437 0.346 1.101 0.398 1.133 1.066 0.937 0.976 1.086 0.494 1.085 0.339 0.913 0.943 1.061 0.792 1.039 0.334 1.093 0.94
3422 0.381 0.366 1.085 0.496 1.085 0.984 0.965 0.982 1.084 0.539 1.113 0.399 0.88 0.991 1.039 0.785 1.061 0.431 1.083 0.937
3423 0.294 0.434 1.077 0.576 1.058 1.014 1.013 0.963 1.062 0.602 1.143 0.475 0.844 1.08 1.015 0.773 1.06 0.533 1.069 0.949
3424 0.302 0.393 1.13 0.635 1.079 1.072 1.005 0.924 1.055 0.673 1.143 0.54 0.886 1.141 1.001 0.756 1.085 0.592 1.061 0.958
3425 0.261 0.284 1.088 0.733 1.079 1.119 1.006 0.882 1.045 0.726 1.12 0.593 0.884 1.168 0.988 0.739 1.072 0.658 1.042 0.966
3426 0.225 0.204 1.046 0.805 1.05 1.098 1.02 0.843 0.998 0.761 1.116 0.669 0.847 1.156 0.972 0.731 1.061 0.724 1.02 0.973
3427 0.155 0.143 1.072 0.839 1.01 1.083 0.987 0.814 0.939 0.762 1.132 0.751 0.791 1.165 0.969 0.72 1.073 0.763 1.0 1.007
3428 0.113 0.092 1.054 0.817 0.975 1.085 0.944 0.812 0.9 0.784 1.123 0.811 0.846 1.139 0.938 0.705 1.103 0.792 0.998 1.029
3429 0.121 0.067 1.02 0.846 0.941 1.064 0.937 0.852 0.898 0.824 1.069 0.869 0.926 1.084 0.926 0.682 1.05 0.748 0.976 1.078
3430 0.044 0.06 0.982 0.862 0.964 1.029 0.929 0.849 0.906 0.862 0.982 0.874 0.889 1.084 0.924 0.664 0.967 0.764 0.973 1.105
3431 0.049 0.156 0.96 0.874 1.016 0.991 0.914 0.895 0.865 0.898 0.942 0.927 0.87 1.129 0.93 0.639 0.912 0.789 1.001 1.124
3432 0.104 0.282 0.939 0.907 1.023 0.941 0.941 0.937 0.867 0.835 0.906 1.031 0.908 1.145 0.932 0.608 0.911 0.828 1.03 1.14
3433 0.245 0.416 0.926 0.965 1.026 0.916 0.918 0.977 0.77 0.925 0.968 1.079 0.96 1.114 0.977 0.591 0.836 0.86 1.048 1.145
3434 0.428 0.594 0.957 0.932 1.006 0.877 0.975 1.011 0.811 0.991 1.028 1.099 0.956 1.158 0.965 0.586 0.784 0.937 1.067 1.115
3435 0.658 0.816 0.995 0.957 1.034 0.859 0.96 0.971 0.913 1.035 1.056 1.051 0.902 1.147 0.97 0.56 0.829 0.985 1.089 1.095
3436 0.88 1.004 1.006 1.002 1.102 0.889 0.96 0.943 0.967 1.061 1.048 1.023 0.886 1.113 0.975 0.531 0.954 0.932 1.106 1.095
