time X0 Y0 X1 Y1 X2 Y2 X3 Y3 X4 Y4 X5 Y5 X6 Y6 X7 Y7 X8 Y8 X9 Y9
2318 1.044 0.842 0.124 0.332 0.165 0.187 0.243 1.1549999999999998 1.078 1.132 1.108 0.919 1.106 1.141 0.063 0.575 0.14100000000000001 0.358 0.063 0.556
2319 1.038 0.874 0.07 0.221 0.246 0.133 0.188 1.146 1.084 1.157 1.084 0.905 1.116 1.145 0.082 0.504 0.168 0.261 0.049 0.259
2320 1.034 0.886 0.036 0.251 0.386 0.213 0.16 1.135 1.035 1.155 1.115 0.905 1.154 1.145 0.06 0.547 0.262 0.232 0.078 0.325
2321 1.003 0.912 0.046 0.286 0.587 0.415 0.156 1.103 0.994 1.159 1.135 0.945 1.161 1.107 0.124 0.53 0.338 0.237 0.086 0.446
2322 1.023 0.978 0.043 0.325 0.794 0.648 0.184 1.062 0.957 1.154 1.114 0.986 1.156 1.056 0.103 0.506 0.372 0.33 0.107 0.483
2323 1.019 0.992 0.065 0.347 0.945 0.842 0.198 1.044 0.95 1.156 1.07 0.997 1.141 1.011 0.14 0.546 0.427 0.343 0.081 0.519
2324 0.97 1.009 0.064 0.304 0.963 0.943 0.165 0.995 0.894 1.162 1.03 1.033 1.113 0.976 0.139 0.651 0.426 0.263 0.118 0.575
2325 0.927 1.02 0.038 0.268 1.017 0.988 0.136 0.987 0.836 1.17 1.057 1.09 1.023 0.967 0.187 0.715 0.386 0.188 0.139 0.638
2326 0.937 1.009 0.033 0.217 0.942 0.975 0.099 0.982 0.777 1.161 1.097 1.134 1.07 0.991 0.253 0.662 0.342 0.136 0.188 0.681
