time X0 Y0 X1 Y1 X2 Y2 X3 Y3 X4 Y4 X5 Y5 X6 Y6 X7 Y7 X8 Y8 X9 Y9
480 0.907 1.129 1.0205 1.005 1.185 0.386 0.36 0.228 0.996 1.099 1.15 1.114 1.025 1.006 0.368 0.228 1.132 1.106 1.124 1.124
481 1.04 1.147 1.085 1.052 1.184 0.486 0.315 0.184 1.048 1.108 1.123 1.041 1.108 1.042 0.318 0.323 1.085 1.067 1.104 1.079
482 1.09 1.133 1.149 1.006 1.177 0.588 0.307 0.214 1.027 1.071 1.154 0.967 1.142 0.97 0.24 0.235 1.071 1.087 1.097 1.117
483 1.103 1.074 1.107 1.05 1.169 0.683 0.245 0.171 1.044 1.095 1.158 0.856 1.161 0.916 0.179 0.31 1.078 1.08 1.159 1.085
484 1.099 0.989 1.06 0.941 1.18 0.777 0.182 0.164 1.008 1.042 1.125 0.831 1.136 0.97 0.126 0.366 1.04 0.992 1.128 0.985
485 0.993 0.91 0.959 0.87 1.15 0.862 0.144 0.253 0.903 0.976 0.992 0.871 1.029 0.899 0.1 0.463 0.885 0.946 1.047 0.962
486 0.824 0.848 0.77 0.838 1.057 0.897 0.202 0.316 0.786 0.956 0.824 0.835 0.911 0.842 0.135 0.514 0.633 0.83 1.003 0.958
487 0.637 0.771 0.572 0.764 0.978 0.921 0.259 0.295 0.614 0.885 0.613 0.771 0.865 0.843 0.18 0.49 0.365 0.646 0.962 0.955
488 0.791 0.829 0.464 0.68 0.921 0.915 0.228 0.521 0.455 0.784 0.489 0.692 0.9 0.912 0.263 0.547 0.422 0.666 0.927 0.954
