time X0 Y0 X1 Y1 X2 Y2 X3 Y3 X4 Y4 X5 Y5 X6 Y6 X7 Y7 X8 Y8 X9 Y9
2969 0.212 0.257 0.194 0.319 1.145 0.311 0.791 0.905 0.097 0.188 0.955 0.937 0.378 0.26749999999999996 0.225 0.374 0.236 0.329 0.373 0.293
2970 0.153 0.274 0.258 0.332 1.149 0.348 0.745 0.969 0.087 0.237 0.849 0.835 0.315 0.401 0.29 0.41 0.255 0.399 0.346 0.351
2971 0.079 0.306 0.236 0.388 1.158 0.388 0.766 1.046 0.099 0.258 0.868 0.823 0.34 0.491 0.329 0.467 0.297 0.401 0.387 0.459
2972 0.126 0.381 0.206 0.426 1.155 0.438 0.772 1.064 0.069 0.299 0.885 0.803 0.472 0.58 0.413 0.491 0.328 0.471 0.51 0.526
2973 0.173 0.367 0.189 0.346 1.158 0.481 0.777 1.094 0.121 0.345 0.908 0.801 0.628 0.589 0.491 0.553 0.335 0.527 0.667 0.561
2974 0.181 0.364 0.225 0.343 1.148 0.527 0.801 1.125 0.189 0.309 0.945 0.796 0.764 0.643 0.591 0.6 0.317 0.576 0.823 0.584
2975 0.254 0.374 0.277 0.391 1.134 0.565 0.847 1.161 0.241 0.248 0.959 0.831 0.912 0.652 0.696 0.584 0.279 0.544 0.971 0.602
2976 0.313 0.415 0.309 0.5 1.175 0.595 0.938 1.143 0.271 0.206 0.936 0.828 0.958 0.776 0.791 0.631 0.24 0.525 1.089 0.608
2977 0.305 0.506 0.344 0.585 1.191 0.635 1.007 1.098 0.376 0.257 0.962 0.946 0.929 0.807 0.84 0.742 0.186 0.549 1.129 0.694
2978 0.332 0.598 0.404 0.681 1.18 0.676 1.06 1.104 0.382 0.349 1.013 1.01 0.949 0.828 0.872 0.832 0.159 0.654 1.127 0.757
2979 0.293 0.708 0.491 0.739 1.15 0.699 1.086 1.14 0.353 0.441 1.056 1.079 0.947 0.86 0.931 0.876 0.137 0.749 1.073 0.85
2980 0.221 0.791 0.534 0.827 1.103 0.711 1.05 1.163 0.291 0.431 1.103 1.13 0.993 0.927 0.936 0.887 0.134 0.834 1.031 0.882
2981 0.195 0.919 0.401 0.905 1.059 0.714 1.026 1.121 0.259 0.403 1.1 1.164 1.006 0.983 0.924 0.901 0.112 0.949 0.992 0.926
2982 0.176 1.05 0.261 0.965 1.057 0.735 1.03 1.094 0.233 0.341 1.16 1.158 0.968 1.052 0.909 0.915 0.087 1.034 0.944 0.976
2983 0.111 1.044 0.149 1.013 1.074 0.774 1.05 1.059 0.263 0.316 1.154 1.082 0.913 1.08 0.87 0.901 0.091 1.071 0.916 1.028
2984 0.096 1.081 0.083 1.06 1.073 0.806 1.049 1.058 0.275 0.412 1.117 1.038 0.815 1.086 0.84 0.901 0.082 1.126 0.963 1.076
2985 0.124 1.151 0.119 1.132 1.066 0.827 1.071 1.005 0.216 0.514 1.093 1.002 0.724 1.107 0.836 0.901 0.08 1.156 0.982 1.119
2986 0.247 1.146 0.179 1.132 1.056 0.845 1.041 0.982 0.241 0.647 1.053 1.066 0.625 1.136 0.834 0.877 0.116 1.136 0.91 1.143
2987 0.364 1.144 0.267 1.135 1.026 0.86 0.962 0.988 0.342 0.824 0.969 1.095 0.537 1.134 0.855 0.856 0.202 1.14 0.848 1.108
2988 0.427 1.125 0.384 1.133 1.028 0.881 0.946 0.94 0.415 1.022 0.908 1.103 0.471 1.13 0.878 0.868 0.315 1.135 0.749 1.064
2989 0.516 1.07 0.433 1.11 0.998 0.918 0.919 0.893 0.49 1.059 0.826 1.085 0.566 1.1 0.865 0.909 0.433 1.163 0.644 1.095
2990 0.604 1.048 0.539 1.081 0.987 0.93 0.921 0.815 0.569 1.096 0.709 1.098 0.644 1.06 0.855 0.913 0.493 1.116 0.657 1.094
2991 0.646 1.018 0.604 1.042 0.978 0.972 0.97 0.758 0.68 1.07 0.743 0.997 0.692 1.017 0.834 0.916 0.553 1.056 0.702 1.042
2992 0.753 0.999 0.665 0.994 0.99 0.988 1.009 0.734 0.735 1.013 0.808 0.937 0.762 0.976 0.809 0.909 0.612 1.043 0.79 0.969
2993 0.801 0.974 0.715 0.961 1.028 1.004 1.036 0.737 0.777 0.952 0.857 0.899 0.806 0.918 0.855 0.863 0.67 1.021 0.862 0.948
2994 0.854 0.941 0.761 0.921 1.039 1.023 1.073 0.756 0.842 0.934 0.99 0.86 0.855 0.918 0.872 0.82 0.723 1.009 0.944 0.895
2995 0.901 0.944 0.821 0.916 1.053 1.046 1.092 0.764 0.883 0.93 1.073 0.894 0.923 0.913 0.903 0.814 0.753 0.966 1.024 0.944
2996 0.939 0.979 0.845 0.896 1.041 1.08 1.124 0.709 0.898 0.935 1.087 0.991 0.983 0.96 0.972 0.785 0.803 0.937 1.03 1.017
2997 0.956 1.018 0.888 0.882 1.009 1.094 1.107 0.675 0.908 0.962 1.054 1.038 1.005 1.001 1.001 0.74 0.829 0.94 0.982 1.037
2998 0.934 1.047 0.957 0.896 1.021 1.064 1.068 0.638 0.909 1.026 1.03 1.021 0.998 1.01 0.971 0.674 0.888 0.951 0.959 1.072
2999 0.935 1.044 1.003 0.863 1.01 1.031 1.103 0.593 0.927 1.017 1.042 1.007 0.942 0.986 0.948 0.595 0.916 0.966 0.876 1.126
3000 0.916 1.015 1.058 0.857 0.96 1.001 1.131 0.554 0.949 0.993 1.023 1.07 0.931 0.983 0.977 0.509 0.937 0.912 0.903 1.156
3001 0.909 1.001 1.087 0.905 1.001 0.951 1.143 0.523 0.967 0.958 0.993 1.009 0.95 0.904 1.016 0.446 0.97 0.842 0.935 1.137
3002 0.875 0.982 1.083 0.927 1.027 0.907 1.132 0.426 1.021 0.929 1.037 0.952 0.982 0.871 1.046 0.383 1.021 0.804 0.952 1.096
3003 0.857 0.969 1.065 0.959 1.043 0.867 1.135 0.323 0.985 0.87 1.045 0.994 0.993 0.837 1.076 0.332 1.056 0.725 0.941 1.069
3004 0.829 0.941 1.035 0.96 1.045 0.803 1.154 0.281 0.985 0.837 1.06 1.02 0.989 0.776 1.121 0.296 1.086 0.578 0.924 1.046
3005 0.824 0.909 0.995 0.91 1.003 0.812 1.162 0.223 0.943 0.789 1.097 1.032 0.987 0.729 1.111 0.238 1.119 0.421 0.926 1.001
3006 0.827 0.877 0.964 0.895 0.965 0.807 1.142 0.287 0.889 0.781 1.131 1.061 0.96 0.669 1.045 0.219 1.138 0.315 0.946 0.994
3007 0.837 0.862 0.973 0.926 0.941 0.77 1.119 0.225 0.903 0.734 1.141 1.094 0.927 0.6 0.983 0.257 1.091 0.271 0.975 0.99
3008 0.84 0.84 0.975 0.932 0.908 0.731 1.091 0.197 0.929 0.666 1.154 1.09 0.923 0.522 0.968 0.33 1.062 0.207 1.001 0.965
3009 0.865 0.828 0.998 0.955 0.905 0.644 1.099 0.117 0.898 0.587 1.161 1.067 0.945 0.451 0.951 0.395 0.989 0.286 1.038 0.976
3010 0.885 0.828 0.972 0.912 0.973 0.569 1.054 0.058 0.912 0.473 1.156 1.026 0.948 0.446 0.946 0.403 0.93 0.338 1.067 0.977
3011 0.926 0.812 0.96 0.958 1.009 0.479 0.955 0.059 0.909 0.476 1.113 1.007 0.946 0.385 0.988 0.361 0.864 0.28 1.116 0.982
3012 0.954 0.803 0.993 0.957 0.994 0.378 0.889 0.068 0.856 0.42 1.136 0.982 1.001 0.319 1.022 0.315 0.894 0.136 1.019 0.964
3013 0.988 0.838 0.972 0.948 0.967 0.281 0.808 0.069 0.845 0.351 1.142 0.966 1.014 0.229 1.088 0.289 0.942 0.096 1.001 0.938
3014 1.01 0.865 0.998 0.957 0.976 0.197 0.727 0.07 0.85 0.224 1.138 0.947 0.984 0.146 1.131 0.34 1.012 0.11 0.993 0.901
3015 1.037 0.899 0.972 0.943 1.038 0.162 0.665 0.055 0.894 0.12 1.121 0.941 0.934 0.107 1.132 0.424 1.003 0.134 1.04 0.91
3016 1.055 0.909 0.983 0.926 1.107 0.238 0.593 0.057 0.89 0.048 1.123 0.923 0.928 0.102 1.132 0.497 0.958 0.106 1.101 0.942
3017 1.079 0.918 1.001 0.949 1.156 0.348 0.513 0.065 0.956 0.042 1.155 0.97 0.919 0.101 1.121 0.563 0.925 0.089 1.093 0.939
3018 1.097 0.904 0.97 0.972 1.165 0.423 0.453 0.079 1.051 0.044 1.175 0.944 0.885 0.12 1.088 0.615 0.987 0.073 1.086 0.951
3019 1.1 0.885 0.959 1.016 1.15 0.468 0.419 0.109 1.114 0.043 1.171 0.97 0.937 0.208 1.054 0.661 1.077 0.156 1.075 0.979
3020 1.093 0.87 0.983 1.01 1.139 0.543 0.391 0.13 1.163 0.048 1.124 0.984 1.01 0.328 1.094 0.7 1.112 0.291 1.071 0.997
3021 1.103 0.837 0.949 0.971 1.139 0.581 0.356 0.141 1.171 0.096 1.102 0.976 1.003 0.472 1.083 0.723 1.108 0.456 1.029 0.974
3022 1.058 0.836 0.957 0.937 1.103 0.619 0.314 0.129 1.187 0.179 1.056 0.986 0.996 0.56 1.082 0.679 1.108 0.573 1.018 0.98
3023 1.018 0.838 0.949 0.87 1.124 0.685 0.228 0.146 1.145 0.229 1.042 0.951 0.955 0.652 1.105 0.682 1.049 0.655 1.023 0.988
3024 1.0 0.814 0.985 0.865 1.124 0.751 0.159 0.106 1.079 0.279 0.987 0.919 0.944 0.697 1.098 0.802 1.032 0.73 1.018 0.977
3025 0.941 0.814 1.031 0.887 1.114 0.798 0.086 0.156 0.979 0.277 0.992 0.909 0.9 0.785 1.081 0.896 1.038 0.799 0.995 0.994
3026 0.911 0.887 0.977 0.919 1.091 0.854 0.034 0.146 0.875 0.245 0.946 0.951 0.929 0.821 1.062 0.896 1.036 0.829 1.034 0.984
3027 0.949 0.918 1.041 0.961 1.058 0.852 0.047 0.104 0.78 0.229 0.927 0.985 0.914 0.86 1.029 0.91 0.98 0.877 0.985 1.04
