time X0 Y0 X1 Y1 X2 Y2 X3 Y3 X4 Y4 X5 Y5 X6 Y6 X7 Y7 X8 Y8 X9 Y9
1320 0.064 0.289 0.807 0.881 0.055 0.766 0.975 0.899 0.108 0.943 0.054876953125 0.28209375 0.073 0.88 0.055 0.312 1.028 0.934 0.092 0.75
1321 0.076 0.332 0.736 0.898 0.063 0.572 0.954 0.965 0.131 0.866 0.036 0.572 0.066 0.722 0.051 0.35 1.093 0.983 0.077 0.561
1322 0.103 0.372 0.651 0.838 0.087 0.452 0.898 0.972 0.11 0.756 0.039 0.446 0.074 0.547 0.092 0.4 1.093 1.036 0.087 0.431
1323 0.176 0.335 0.564 0.739 0.142 0.451 0.842 0.951 0.119 0.649 0.048 0.403 0.091 0.465 0.088 0.407 1.162 1.049 0.076 0.433
1324 0.117 0.202 0.481 0.665 0.24 0.392 0.8 0.943 0.102 0.57 0.049 0.285 0.174 0.442 0.091 0.262 0.886 0.946 0.111 0.332
1325 0.059 0.087 0.417 0.627 0.184 0.26 0.761 0.897 0.131 0.457 0.056 0.15 0.245 0.386 0.075 0.142 1.149 1.094 0.036 0.236
1326 0.028 0.037 0.393 0.595 0.077 0.12 0.712 0.867 0.175 0.388 0.032 0.058 0.151 0.178 0.076 0.038 1.175 1.089 0.036 0.112
1327 0.086 0.029 0.355 0.615 0.144 0.065 0.658 0.84 0.204 0.379 0.092 0.048 0.199 0.06 0.12 0.045 1.169 1.103 0.125 0.091
1328 0.217 0.04 0.274 0.562 0.251 0.084 0.611 0.8 0.25 0.301 0.172 0.058 0.288 0.14 0.263 0.029 1.187 1.127 0.263 0.114
