time X0 Y0 X1 Y1 X2 Y2 X3 Y3 X4 Y4 X5 Y5 X6 Y6 X7 Y7 X8 Y8 X9 Y9
2997 0.276 0.049 0.395 0.435 0.339 0.47 0.26 0.056 0.876 0.06 0.8585 0.0475 0.047 0.297 0.258 0.041 0.852 0.022 0.864 1.137
2998 0.329 0.055 0.427 0.456 0.317 0.49 0.289 0.047 0.892 0.052 0.875 0.064 0.071 0.361 0.284 0.046 0.878 0.027 0.909 1.134
2999 0.363 0.062 0.459 0.476 0.295 0.499 0.308 0.078 0.888 0.068 0.893 0.08 0.142 0.342 0.312 0.02 0.904 0.022 0.945 1.139
3000 0.396 0.069 0.484 0.502 0.272 0.5 0.31 0.131 0.859 0.071 0.888 0.077 0.139 0.288 0.342 0.021 0.936 0.034 0.983 1.146
3001 0.432 0.067 0.5 0.526 0.246 0.496 0.308 0.182 0.868 0.066 0.9 0.065 0.116 0.225 0.348 0.066 0.96 0.035 0.995 1.174
3002 0.468 0.072 0.519 0.557 0.226 0.497 0.225 0.192 0.879 0.068 0.899 0.057 0.089 0.194 0.252 0.099 0.978 0.022 1.037 1.152
3003 0.503 0.092 0.529 0.584 0.205 0.499 0.156 0.17 0.859 0.049 0.888 0.081 0.068 0.155 0.181 0.144 0.999 0.025 1.083 1.139
3004 0.546 0.098 0.535 0.619 0.183 0.51 0.125 0.18 0.82 0.063 0.863 0.066 0.033 0.152 0.121 0.146 1.026 0.027 1.131 1.15
3005 0.587 0.074 0.561 0.653 0.167 0.519 0.06 0.161 0.785 0.104 0.886 0.134 0.03 0.104 0.06 0.139 1.052 0.024 1.15 1.142
3006 0.612 0.057 0.601 0.662 0.154 0.535 0.053 0.098 0.812 0.162 0.901 0.258 0.036 0.045 0.038 0.097 1.08 0.031 1.137 1.097
3007 0.654 0.046 0.638 0.637 0.138 0.56 0.042 0.052 0.855 0.229 0.858 0.351 0.053 0.026 0.038 0.05 1.105 0.024 1.122 1.07
3008 0.703 0.059 0.68 0.623 0.132 0.582 0.057 0.114 0.856 0.293 0.818 0.424 0.043 0.055 0.032 0.096 1.126 0.029 1.114 1.033
3009 0.722 0.045 0.711 0.633 0.148 0.603 0.07 0.097 0.859 0.372 0.8 0.494 0.09 0.072 0.048 0.087 1.148 0.028 1.114 0.99
3010 0.753 0.047 0.745 0.607 0.176 0.619 0.12 0.036 0.786 0.464 0.819 0.55 0.154 0.049 0.079 0.077 1.158 0.054 1.111 0.967
3011 0.783 0.055 0.669 0.586 0.178 0.642 0.155 0.083 0.738 0.591 0.773 0.589 0.173 0.093 0.103 0.047 1.153 0.048 1.099 0.935
3012 0.811 0.066 0.523 0.544 0.169 0.664 0.153 0.042 0.623 0.559 0.727 0.568 0.168 0.115 0.114 0.085 1.166 0.029 1.063 0.931
3013 0.834 0.05 0.342 0.447 0.155 0.68 0.119 0.028 0.495 0.507 0.636 0.603 0.175 0.075 0.148 0.108 1.18 0.023 1.03 0.922
3014 0.822 0.043 0.248 0.305 0.143 0.7 0.157 0.064 0.389 0.459 0.552 0.613 0.165 0.103 0.161 0.149 1.191 0.035 1.006 0.902
3015 0.803 0.036 0.205 0.214 0.138 0.717 0.152 0.157 0.257 0.525 0.464 0.609 0.168 0.154 0.141 0.203 1.185 0.056 0.995 0.857
3016 0.769 0.029 0.168 0.18 0.135 0.732 0.14 0.147 0.182 0.598 0.295 0.606 0.185 0.169 0.135 0.265 1.157 0.08 1.008 0.811
3017 0.737 0.027 0.106 0.227 0.129 0.747 0.121 0.162 0.149 0.686 0.202 0.635 0.18 0.17 0.139 0.418 1.144 0.105 1.032 0.78
3018 0.714 0.025 0.103 0.346 0.116 0.771 0.096 0.255 0.138 0.742 0.154 0.692 0.144 0.168 0.133 0.558 1.161 0.129 1.069 0.728
3019 0.686 0.03 0.084 0.465 0.102 0.832 0.094 0.344 0.108 0.797 0.167 0.761 0.111 0.214 0.143 0.668 1.187 0.138 1.069 0.622
3020 0.661 0.041 0.076 0.545 0.04 0.886 0.084 0.441 0.102 0.808 0.179 0.864 0.094 0.259 0.171 0.776 1.175 0.16 1.111 0.463
3021 0.634 0.054 0.078 0.656 0.078 0.964 0.085 0.53 0.09 0.827 0.178 0.961 0.091 0.319 0.173 0.874 1.18 0.142 1.129 0.338
3022 0.606 0.063 0.088 0.747 0.084 1.079 0.076 0.643 0.09 0.849 0.139 1.057 0.095 0.382 0.176 0.992 1.185 0.134 1.146 0.228
3023 0.598 0.095 0.086 0.829 0.109 1.146 0.067 0.743 0.084 0.87 0.109 1.111 0.086 0.469 0.116 1.076 1.165 0.136 1.165 0.164
3024 0.606 0.127 0.078 0.902 0.155 1.16 0.081 0.822 0.099 0.919 0.102 1.142 0.085 0.534 0.194 1.152 1.18 0.131 1.17 0.15
3025 0.632 0.143 0.086 0.924 0.229 1.168 0.084 0.902 0.096 1.005 0.173 1.155 0.077 0.597 0.283 1.134 1.154 0.125 1.175 0.176
3026 0.672 0.139 0.144 1.003 0.328 1.128 0.084 1.002 0.088 1.086 0.238 1.156 0.082 0.664 0.367 1.126 1.159 0.153 1.181 0.188
3027 0.693 0.13 0.16 1.092 0.409 1.13 0.074 1.033 0.138 1.142 0.286 1.151 0.088 0.722 0.472 1.094 1.171 0.183 1.186 0.208
3028 0.718 0.126 0.279 1.134 0.488 1.127 0.081 1.051 0.216 1.157 0.331 1.152 0.073 0.801 0.528 1.103 1.138 0.206 1.175 0.245
3029 0.743 0.129 0.308 1.162 0.526 1.162 0.096 1.068 0.286 1.146 0.337 1.149 0.08 0.873 0.541 1.14 1.1 0.189 1.182 0.264
3030 0.765 0.128 0.331 1.156 0.588 1.142 0.113 1.083 0.318 1.16 0.369 1.156 0.071 0.931 0.616 1.15 1.063 0.182 1.184 0.278
3031 0.792 0.134 0.38 1.17 0.647 1.106 0.136 1.095 0.33 1.158 0.451 1.163 0.086 0.996 0.688 1.082 1.04 0.147 1.184 0.302
3032 0.809 0.152 0.437 1.149 0.706 1.077 0.159 1.107 0.392 1.168 0.508 1.146 0.098 1.048 0.786 1.09 1.061 0.105 1.182 0.325
3033 0.816 0.178 0.506 1.156 0.769 1.096 0.187 1.12 0.466 1.156 0.596 1.143 0.088 1.081 0.813 1.17 1.098 0.08 1.181 0.34
3034 0.847 0.193 0.549 1.177 0.817 1.134 0.217 1.127 0.523 1.156 0.675 1.145 0.134 1.119 0.876 1.149 1.142 0.065 1.169 0.368
3035 0.883 0.18 0.607 1.167 0.885 1.127 0.237 1.117 0.603 1.148 0.704 1.172 0.163 1.133 0.968 1.144 1.17 0.059 1.171 0.394
3036 0.912 0.155 0.701 1.166 0.946 1.12 0.247 1.109 0.685 1.154 0.763 1.15 0.209 1.159 0.994 1.159 1.174 0.114 1.175 0.412
3037 0.949 0.133 0.784 1.169 1.015 1.128 0.284 1.092 0.744 1.172 0.841 1.136 0.258 1.183 1.071 1.146 1.162 0.167 1.179 0.414
3038 0.991 0.129 0.874 1.177 1.075 1.116 0.316 1.093 0.802 1.172 0.906 1.156 0.313 1.174 1.139 1.123 1.159 0.213 1.181 0.399
3039 1.005 0.146 0.937 1.172 1.125 1.07 0.347 1.095 0.87 1.173 0.957 1.174 0.373 1.166 1.142 1.059 1.158 0.253 1.182 0.373
3040 1.005 0.171 0.999 1.09 1.118 1.005 0.378 1.093 0.934 1.17 1.004 1.172 0.438 1.159 1.127 0.957 1.164 0.299 1.169 0.349
3041 1.008 0.194 1.068 0.952 1.07 0.947 0.395 1.102 1.016 1.13 1.041 1.167 0.476 1.172 1.097 0.951 1.164 0.331 1.167 0.372
3042 1.005 0.216 1.053 0.943 1.09 0.95 0.415 1.105 1.112 1.116 1.084 1.155 0.531 1.156 1.096 0.915 1.172 0.359 1.175 0.384
3043 1.006 0.243 1.099 0.965 1.133 1.033 0.441 1.114 1.159 1.092 1.112 1.143 0.586 1.149 1.099 0.869 1.176 0.398 1.161 0.407
3044 0.992 0.264 1.114 1.028 1.137 1.029 0.451 1.112 1.154 1.091 1.119 1.113 0.616 1.156 1.107 0.829 1.176 0.425 1.164 0.44
3045 0.982 0.285 1.106 1.063 1.159 1.04 0.473 1.114 1.136 1.109 1.102 1.077 0.659 1.162 1.115 0.795 1.176 0.449 1.174 0.483
3046 0.979 0.314 1.121 1.022 1.151 0.951 0.491 1.124 1.152 1.114 1.055 1.072 0.7 1.145 1.153 0.769 1.173 0.474 1.13 0.757
3047 0.97 0.328 1.122 0.911 1.139 0.882 0.509 1.13 1.159 1.076 1.061 0.979 0.725 1.124 1.116 0.711 1.158 0.488 1.143 0.509
3048 0.959 0.344 1.113 0.897 1.148 0.807 0.531 1.127 1.163 1.043 1.14 1.023 0.752 1.094 1.079 0.665 1.172 0.515 1.146 0.529
3049 0.953 0.37 1.128 0.797 1.16 0.745 0.548 1.123 1.138 0.987 1.157 0.8 0.775 1.06 1.053 0.6 1.174 0.554 1.11 0.543
3050 0.944 0.39 1.122 0.7 1.148 0.665 0.562 1.11 1.129 0.954 1.152 0.844 0.789 1.031 1.022 0.55 1.173 0.578 1.031 0.457
3051 0.943 0.414 1.131 0.594 1.166 0.613 0.578 1.085 1.133 0.909 1.117 0.903 0.8 0.996 0.98 0.517 1.171 0.601 1.013 0.401
3052 0.942 0.439 1.152 0.531 1.156 0.594 0.587 1.065 1.096 0.869 1.096 0.84 0.83 0.968 0.963 0.495 1.167 0.598 0.983 0.383
3053 0.954 0.454 1.137 0.43 1.153 0.563 0.601 1.046 1.06 0.838 1.093 0.802 0.873 0.968 0.97 0.458 1.16 0.62 0.961 0.424
3054 0.951 0.45 1.099 0.335 1.121 0.553 0.617 1.045 0.976 0.884 1.089 0.747 0.895 1.004 0.968 0.44 1.14 0.639 0.974 0.43
3055 0.963 0.449 1.113 0.226 1.08 0.504 0.622 1.064 0.956 0.987 1.09 0.699 0.939 1.027 0.948 0.419 1.132 0.659 0.943 0.409
3056 0.953 0.432 1.161 0.202 1.01 0.515 0.62 1.084 0.958 1.042 1.06 0.668 0.974 1.049 0.912 0.406 1.136 0.68 0.903 0.388
3057 0.926 0.414 1.134 0.142 0.955 0.462 0.621 1.1 0.969 1.082 1.024 0.665 1.018 1.111 0.894 0.401 1.146 0.7 0.859 0.394
3058 0.885 0.412 1.051 0.107 0.938 0.389 0.632 1.117 1.014 1.131 0.972 0.653 1.056 1.127 0.886 0.383 1.159 0.723 0.815 0.382
3059 0.838 0.412 0.967 0.08 0.936 0.268 0.651 1.126 1.066 1.126 0.947 0.612 1.108 1.156 0.881 0.361 1.169 0.74 0.784 0.361
3060 0.805 0.398 0.959 0.051 0.954 0.157 0.679 1.127 1.132 1.12 0.932 0.587 1.149 1.154 0.875 0.342 1.169 0.761 0.749 0.339
3061 0.791 0.353 0.976 0.054 0.946 0.086 0.696 1.121 1.163 1.114 0.924 0.53 1.161 1.137 0.87 0.317 1.168 0.78 0.716 0.329
3062 0.754 0.335 0.958 0.04 0.953 0.054 0.708 1.116 1.165 1.07 0.963 0.486 1.135 1.169 0.878 0.291 1.166 0.804 0.689 0.32
3063 0.712 0.333 0.976 0.052 0.954 0.06 0.722 1.111 1.166 1.065 1.004 0.42 1.109 1.148 0.888 0.265 1.17 0.825 0.619 0.335
3064 0.67 0.32 0.958 0.066 0.945 0.056 0.748 1.108 1.146 1.07 1.059 0.392 1.149 1.092 0.894 0.237 1.162 0.847 0.528 0.373
3065 0.64 0.325 0.971 0.08 0.953 0.053 0.762 1.111 1.159 1.01 1.088 0.378 1.127 1.046 0.89 0.214 1.161 0.874 0.451 0.385
3066 0.6 0.337 0.976 0.068 0.986 0.052 0.784 1.121 1.117 0.994 1.11 0.348 1.109 0.99 0.884 0.187 1.154 0.901 0.386 0.385
3067 0.555 0.318 0.925 0.062 0.944 0.047 0.797 1.13 1.136 0.962 1.149 0.319 1.054 1.037 0.865 0.173 1.138 0.916 0.315 0.383
3068 0.539 0.28 0.848 0.103 0.897 0.044 0.819 1.144 1.142 0.946 1.156 0.274 0.982 1.065 0.835 0.196 1.116 0.921 0.249 0.351
3069 0.532 0.24 0.778 0.138 0.848 0.051 0.836 1.15 1.14 0.906 1.158 0.244 0.914 1.109 0.802 0.237 1.101 0.907 0.203 0.305
3070 0.532 0.184 0.703 0.191 0.771 0.112 0.849 1.135 1.145 0.849 1.114 0.201 0.868 1.132 0.762 0.292 1.096 0.885 0.146 0.288
3071 0.608 0.151 0.612 0.183 0.686 0.159 0.812 1.151 1.141 0.793 1.064 0.213 0.819 1.123 0.733 0.307 1.103 0.875 0.092 0.276
3072 0.626 0.114 0.592 0.153 0.67 0.134 0.753 1.161 1.141 0.742 1.0 0.181 0.79 1.112 0.715 0.32 1.12 0.889 0.058 0.303
3073 0.587 0.072 0.539 0.14 0.622 0.065 0.682 1.158 1.161 0.705 0.96 0.13 0.771 1.097 0.692 0.326 1.126 0.909 0.071 0.355
3074 0.526 0.054 0.442 0.121 0.583 0.042 0.673 1.132 1.163 0.649 0.916 0.09 0.757 1.073 0.663 0.337 1.126 0.926 0.082 0.389
3075 0.466 0.067 0.326 0.107 0.486 0.034 0.617 1.138 1.174 0.617 0.863 0.082 0.752 1.045 0.646 0.323 1.117 0.942 0.1 0.435
3076 0.393 0.058 0.237 0.063 0.422 0.026 0.557 1.156 1.171 0.576 0.809 0.084 0.756 1.027 0.649 0.302 1.098 0.929 0.115 0.476
3077 0.326 0.118 0.16 0.05 0.346 0.031 0.492 1.158 1.141 0.568 0.764 0.107 0.768 1.011 0.654 0.272 1.103 0.908 0.134 0.505
3078 0.275 0.212 0.101 0.031 0.243 0.046 0.44 1.161 1.144 0.522 0.715 0.117 0.805 0.997 0.671 0.236 1.122 0.906 0.152 0.536
3079 0.243 0.294 0.072 0.031 0.146 0.034 0.43 1.178 1.145 0.473 0.676 0.088 0.86 0.987 0.681 0.209 1.138 0.91 0.159 0.563
3080 0.256 0.356 0.053 0.032 0.074 0.037 0.396 1.176 1.152 0.422 0.628 0.06 0.932 0.973 0.705 0.195 1.146 0.911 0.167 0.597
3081 0.262 0.405 0.035 0.042 0.057 0.028 0.372 1.184 1.15 0.371 0.552 0.074 0.991 0.96 0.728 0.183 1.152 0.915 0.175 0.623
3082 0.259 0.455 0.024 0.041 0.049 0.061 0.376 1.162 1.154 0.327 0.51 0.099 1.051 0.936 0.751 0.166 1.16 0.923 0.19 0.659
3083 0.259 0.516 0.027 0.027 0.044 0.032 0.296 1.17 1.172 0.283 0.48 0.125 1.087 0.931 0.763 0.14 1.168 0.948 0.186 0.688
3084 0.27 0.566 0.04 0.018 0.091 0.067 0.234 1.18 1.144 0.23 0.442 0.099 1.109 0.933 0.762 0.106 1.169 0.943 0.183 0.738
3085 0.271 0.621 0.039 0.066 0.054 0.147 0.19 1.18 1.133 0.178 0.438 0.068 1.12 0.936 0.762 0.07 1.168 0.922 0.176 0.774
