time X0 Y0 X1 Y1 X2 Y2 X3 Y3 X4 Y4 X5 Y5 X6 Y6 X7 Y7 X8 Y8 X9 Y9
2070 0.055 0.921 1.02 0.571 0.092 0.759 0.9135 0.07 0.697 0.921 0.989 0.575 0.042 1.078 0.889 0.052 0.15 0.3 0.328 0.055
2071 0.059 0.879 1.018 0.574 0.075 0.705 0.869 0.079 0.684 0.958 0.974 0.587 0.041 1.058 0.909 0.054 0.136 0.326 0.386 0.059
2072 0.05 0.848 1.041 0.63 0.073 0.677 0.832 0.117 0.682 0.993 0.995 0.532 0.039 1.04 0.905 0.085 0.117 0.349 0.45 0.045
2073 0.045 0.806 1.08 0.659 0.062 0.655 0.797 0.148 0.694 1.024 0.963 0.494 0.039 1.019 0.932 0.101 0.104 0.366 0.545 0.063
2074 0.049 0.761 1.148 0.725 0.04 0.634 0.736 0.117 0.725 1.033 0.938 0.458 0.037 1.001 0.899 0.157 0.082 0.39 0.629 0.065
2075 0.051 0.723 1.15 0.81 0.028 0.616 0.699 0.083 0.758 1.038 0.937 0.42 0.038 0.981 0.865 0.195 0.069 0.402 0.696 0.055
2076 0.048 0.676 1.165 0.863 0.03 0.59 0.769 0.076 0.781 1.068 0.955 0.372 0.039 0.96 0.815 0.256 0.056 0.424 0.698 0.049
2077 0.035 0.638 1.136 0.94 0.038 0.56 0.828 0.133 0.805 1.087 1.009 0.341 0.039 0.947 0.863 0.29 0.052 0.455 0.745 0.064
2078 0.032 0.608 1.15 0.995 0.043 0.529 0.89 0.232 0.83 1.057 1.057 0.322 0.037 0.925 0.958 0.314 0.053 0.486 0.783 0.115
2079 0.03 0.584 1.144 1.026 0.06 0.519 0.984 0.289 0.834 1.02 1.082 0.283 0.038 0.907 1.048 0.304 0.072 0.517 0.775 0.169
2080 0.063 0.568 1.139 1.051 0.073 0.518 0.961 0.256 0.861 1.006 1.109 0.231 0.038 0.885 1.108 0.293 0.091 0.537 0.74 0.201
2081 0.041 0.533 1.126 1.094 0.073 0.48 1.006 0.219 0.881 0.981 1.131 0.171 0.044 0.855 1.157 0.228 0.086 0.488 0.688 0.228
2082 0.035 0.495 1.128 1.141 0.067 0.473 1.076 0.188 0.905 0.954 1.13 0.116 0.034 0.83 1.164 0.134 0.066 0.504 0.665 0.258
2083 0.038 0.431 1.058 1.144 0.092 0.437 1.092 0.237 0.944 0.926 1.077 0.07 0.034 0.81 1.171 0.058 0.057 0.481 0.646 0.291
2084 0.028 0.401 0.993 1.145 0.123 0.428 1.087 0.293 0.973 0.959 1.011 0.08 0.032 0.789 1.14 0.034 0.071 0.486 0.636 0.33
2085 0.027 0.37 0.932 1.143 0.144 0.446 1.073 0.361 1.003 0.989 0.953 0.084 0.033 0.756 1.051 0.052 0.09 0.489 0.666 0.375
2086 0.034 0.317 0.897 1.151 0.153 0.465 1.094 0.417 1.031 1.003 0.899 0.071 0.037 0.729 1.007 0.078 0.104 0.476 0.69 0.419
2087 0.034 0.282 0.892 1.133 0.173 0.475 1.118 0.466 1.062 1.006 0.849 0.131 0.032 0.701 1.018 0.139 0.127 0.474 0.734 0.432
2088 0.043 0.218 0.891 1.137 0.193 0.482 1.106 0.507 1.074 0.975 0.797 0.16 0.037 0.669 1.065 0.194 0.142 0.48 0.774 0.428
2089 0.055 0.156 0.926 1.136 0.225 0.489 1.06 0.484 1.065 0.935 0.739 0.152 0.035 0.637 1.139 0.216 0.159 0.476 0.819 0.46
2090 0.045 0.113 0.95 1.063 0.247 0.498 1.023 0.545 1.028 0.915 0.684 0.125 0.032 0.62 1.154 0.218 0.17 0.462 0.85 0.496
2091 0.048 0.078 0.993 0.993 0.255 0.515 1.013 0.609 1.044 0.921 0.652 0.086 0.027 0.596 1.159 0.24 0.176 0.445 0.853 0.54
2092 0.072 0.039 1.037 0.937 0.234 0.535 1.022 0.678 1.021 0.913 0.642 0.063 0.027 0.561 1.159 0.241 0.177 0.438 0.829 0.593
2093 0.122 0.059 1.036 0.927 0.195 0.537 1.063 0.69 0.975 0.892 0.594 0.062 0.028 0.522 1.163 0.227 0.183 0.4 0.819 0.632
2094 0.165 0.09 1.005 0.9 0.145 0.53 1.106 0.69 0.784 0.813 0.558 0.058 0.03 0.499 1.152 0.234 0.195 0.381 0.824 0.68
2095 0.203 0.083 0.987 0.888 0.112 0.524 1.127 0.663 0.662 0.743 0.512 0.081 0.022 0.468 1.148 0.22 0.217 0.368 0.722 0.731
2096 0.2 0.062 0.982 0.858 0.088 0.517 1.153 0.673 0.505 0.663 0.449 0.077 0.025 0.442 1.163 0.238 0.237 0.372 0.64 0.737
2097 0.183 0.091 0.956 0.837 0.065 0.503 1.154 0.716 0.355 0.578 0.397 0.072 0.022 0.406 1.163 0.265 0.259 0.383 0.592 0.771
2098 0.185 0.131 0.935 0.8 0.052 0.485 1.146 0.764 0.237 0.508 0.345 0.071 0.028 0.37 1.148 0.318 0.281 0.417 0.5 0.702
2099 0.177 0.181 0.912 0.771 0.052 0.459 1.143 0.82 0.126 0.494 0.289 0.083 0.026 0.357 1.16 0.359 0.3 0.425 0.41 0.635
2100 0.132 0.208 0.906 0.733 0.057 0.434 1.142 0.864 0.078 0.448 0.174 0.102 0.022 0.357 1.164 0.404 0.322 0.437 0.325 0.62
2101 0.073 0.201 0.936 0.69 0.053 0.367 1.14 0.922 0.043 0.41 0.107 0.101 0.019 0.334 1.153 0.481 0.331 0.458 0.28 0.628
2102 0.047 0.239 0.964 0.656 0.055 0.344 1.13 0.98 0.029 0.429 0.059 0.119 0.022 0.305 1.122 0.531 0.335 0.478 0.233 0.605
2103 0.024 0.27 0.953 0.613 0.043 0.33 1.133 1.029 0.037 0.456 0.062 0.205 0.05 0.292 1.072 0.571 0.336 0.499 0.264 0.55
2104 0.058 0.266 0.922 0.58 0.058 0.338 1.119 1.09 0.033 0.485 0.023 0.232 0.028 0.323 1.082 0.63 0.325 0.516 0.305 0.52
2105 0.053 0.323 0.89 0.571 0.061 0.363 1.105 1.151 0.043 0.521 0.019 0.203 0.032 0.324 1.12 0.639 0.355 0.513 0.327 0.537
2106 0.053 0.383 0.848 0.579 0.066 0.43 1.073 1.165 0.052 0.539 0.015 0.181 0.047 0.357 1.144 0.659 0.405 0.504 0.345 0.548
2107 0.065 0.446 0.833 0.583 0.056 0.487 1.013 1.147 0.154 0.542 0.013 0.152 0.149 0.367 1.137 0.704 0.445 0.545 0.361 0.557
2108 0.123 0.492 0.802 0.57 0.06 0.552 0.97 1.147 0.227 0.54 0.014 0.123 0.234 0.396 1.153 0.738 0.477 0.589 0.374 0.575
2109 0.084 0.54 0.765 0.567 0.051 0.584 0.945 1.158 0.321 0.601 0.018 0.087 0.3 0.512 1.147 0.804 0.523 0.595 0.383 0.593
2110 0.043 0.579 0.735 0.56 0.044 0.619 0.874 1.141 0.407 0.655 0.01 0.058 0.358 0.618 1.118 0.892 0.544 0.653 0.403 0.609
2111 0.087 0.622 0.722 0.553 0.041 0.654 0.828 1.142 0.47 0.705 0.014 0.035 0.437 0.668 1.094 0.973 0.556 0.725 0.427 0.613
2112 0.129 0.626 0.7 0.53 0.053 0.705 0.82 1.178 0.471 0.739 0.011 0.026 0.488 0.711 1.119 1.025 0.552 0.781 0.445 0.572
2113 0.139 0.577 0.666 0.524 0.043 0.757 0.755 1.137 0.521 0.757 0.016 0.019 0.561 0.77 1.142 1.03 0.531 0.845 0.455 0.502
2114 0.099 0.522 0.627 0.549 0.054 0.798 0.682 1.137 0.563 0.781 0.035 0.014 0.563 0.853 1.15 1.074 0.552 0.896 0.468 0.455
2115 0.049 0.494 0.609 0.562 0.06 0.847 0.706 1.165 0.556 0.81 0.063 0.013 0.693 0.963 1.133 1.132 0.594 0.973 0.476 0.42
2116 0.034 0.461 0.569 0.555 0.043 0.893 0.791 1.155 0.561 0.835 0.082 0.014 0.857 1.032 1.133 1.154 0.615 1.053 0.474 0.381
2117 0.051 0.393 0.532 0.546 0.046 0.933 0.871 1.158 0.569 0.857 0.103 0.016 0.978 1.078 1.141 1.147 0.636 1.101 0.44 0.331
2118 0.078 0.326 0.491 0.556 0.053 0.97 0.94 1.164 0.578 0.878 0.126 0.054 1.026 1.06 1.142 1.124 0.697 1.124 0.406 0.317
2119 0.074 0.236 0.469 0.585 0.055 1.012 0.993 1.084 0.591 0.899 0.136 0.086 1.017 1.073 1.137 1.092 0.772 1.146 0.35 0.309
2120 0.099 0.133 0.454 0.614 0.049 1.048 1.01 1.056 0.61 0.915 0.128 0.12 1.027 1.068 1.132 1.135 0.815 1.177 0.301 0.287
2121 0.061 0.119 0.451 0.648 0.055 1.082 0.997 1.054 0.633 0.919 0.118 0.134 1.02 1.054 1.126 1.163 0.874 1.172 0.253 0.245
2122 0.045 0.184 0.475 0.675 0.064 1.122 1.0 1.054 0.656 0.913 0.112 0.142 1.022 1.06 1.07 1.162 0.927 1.168 0.217 0.213
2123 0.069 0.26 0.5 0.711 0.054 1.153 0.987 1.079 0.675 0.91 0.081 0.124 1.045 1.11 1.018 1.161 0.976 1.155 0.179 0.185
2124 0.078 0.334 0.553 0.762 0.071 1.18 1.021 1.102 0.698 0.915 0.074 0.115 1.028 1.131 1.029 1.165 1.02 1.153 0.141 0.154
2125 0.06 0.393 0.583 0.788 0.131 1.177 1.038 1.044 0.719 0.922 0.044 0.103 1.078 1.115 1.031 1.151 1.018 1.121 0.116 0.135
2126 0.057 0.454 0.597 0.815 0.172 1.175 1.024 0.981 0.74 0.935 0.029 0.096 1.112 1.092 0.994 1.138 1.049 1.044 0.089 0.117
2127 0.067 0.53 0.578 0.853 0.219 1.16 0.989 0.929 0.76 0.953 0.014 0.107 1.121 1.077 1.047 1.097 1.132 1.058 0.064 0.106
2128 0.07 0.609 0.558 0.889 0.268 1.151 0.939 0.92 0.769 0.973 0.014 0.123 1.154 1.115 1.123 1.115 1.144 1.016 0.04 0.095
2129 0.114 0.656 0.561 0.934 0.316 1.164 0.923 0.878 0.788 0.987 0.033 0.136 1.154 1.125 1.127 1.031 1.136 0.976 0.025 0.094
2130 0.171 0.646 0.594 0.951 0.361 1.17 0.886 0.85 0.815 0.979 0.054 0.129 1.146 1.089 1.104 0.951 1.128 0.916 0.013 0.104
2131 0.194 0.603 0.639 0.95 0.4 1.157 0.87 0.828 0.835 0.98 0.062 0.107 1.143 1.043 1.117 0.891 1.111 0.85 0.035 0.13
2132 0.253 0.567 0.671 0.933 0.433 1.163 0.906 0.801 0.85 1.006 0.066 0.086 1.136 0.98 1.103 0.836 1.091 0.792 0.055 0.135
2133 0.256 0.497 0.703 0.929 0.462 1.154 0.937 0.781 0.841 1.046 0.081 0.064 1.111 0.941 1.132 0.767 1.086 0.756 0.08 0.143
2134 0.204 0.456 0.743 0.871 0.497 1.149 0.965 0.741 0.828 1.074 0.076 0.031 1.052 0.983 1.153 0.71 1.06 0.691 0.103 0.147
2135 0.148 0.427 0.743 0.834 0.53 1.164 0.928 0.69 0.817 1.095 0.093 0.02 1.037 1.037 1.143 0.653 0.946 0.675 0.125 0.147
2136 0.099 0.382 0.734 0.807 0.557 1.166 0.895 0.67 0.815 1.123 0.116 0.014 1.01 1.058 1.142 0.584 0.88 0.619 0.144 0.138
2137 0.092 0.304 0.737 0.782 0.579 1.137 0.823 0.671 0.823 1.142 0.147 0.017 1.0 1.106 1.168 0.542 0.827 0.49 0.169 0.12
2138 0.13 0.195 0.759 0.732 0.622 1.115 0.769 0.683 0.838 1.159 0.169 0.018 0.974 1.134 1.165 0.49 0.844 0.382 0.191 0.111
2139 0.093 0.121 0.737 0.693 0.648 1.051 0.707 0.677 0.868 1.145 0.194 0.024 0.95 1.153 1.175 0.452 0.902 0.312 0.219 0.113
2140 0.054 0.079 0.714 0.662 0.676 1.016 0.651 0.622 0.888 1.136 0.207 0.027 0.967 1.153 1.166 0.396 0.866 0.277 0.24 0.123
2141 0.043 0.034 0.673 0.638 0.715 1.011 0.617 0.576 0.917 1.139 0.23 0.029 1.005 1.156 1.16 0.335 0.661 0.232 0.263 0.131
2142 0.08 0.034 0.627 0.631 0.732 1.059 0.574 0.526 0.942 1.143 0.251 0.034 1.083 1.155 1.169 0.276 0.468 0.154 0.271 0.111
2143 0.033 0.085 0.613 0.659 0.75 1.083 0.539 0.476 0.97 1.154 0.282 0.042 1.128 1.16 1.177 0.231 0.379 0.107 0.271 0.068
2144 0.043 0.091 0.574 0.663 0.78 1.071 0.506 0.455 0.989 1.16 0.308 0.04 1.141 1.151 1.187 0.195 0.303 0.095 0.291 0.06
2145 0.059 0.06 0.543 0.617 0.822 1.098 0.447 0.404 1.01 1.161 0.321 0.021 1.158 1.126 1.171 0.146 0.301 0.075 0.209 0.1
2146 0.076 0.027 0.515 0.543 0.87 1.121 0.399 0.342 1.027 1.146 0.348 0.021 1.16 1.102 1.189 0.099 0.305 0.095 0.123 0.07
2147 0.076 0.045 0.48 0.464 0.909 1.13 0.415 0.268 1.045 1.126 0.366 0.023 1.15 1.048 1.179 0.051 0.317 0.13 0.118 0.035
2148 0.089 0.037 0.466 0.379 0.957 1.129 0.467 0.233 1.072 1.112 0.396 0.03 1.164 0.981 1.137 0.033 0.339 0.156 0.105 0.065
2149 0.07 0.031 0.491 0.306 0.996 1.161 0.524 0.28 1.099 1.106 0.433 0.031 1.162 0.937 1.11 0.055 0.369 0.168 0.118 0.107
2150 0.048 0.064 0.532 0.364 1.021 1.175 0.529 0.31 1.122 1.102 0.465 0.028 1.152 0.97 1.054 0.043 0.396 0.171 0.206 0.2
2151 0.09 0.096 0.51 0.419 1.061 1.177 0.531 0.356 1.137 1.096 0.499 0.03 1.149 1.025 0.993 0.044 0.419 0.153 0.25 0.322
2152 0.098 0.154 0.501 0.488 1.091 1.175 0.53 0.394 1.151 1.083 0.527 0.022 1.142 1.059 0.93 0.046 0.441 0.15 0.184 0.389
2153 0.06 0.2 0.511 0.564 1.118 1.166 0.511 0.414 1.14 1.087 0.567 0.034 1.143 1.027 0.888 0.053 0.467 0.158 0.105 0.309
2154 0.046 0.24 0.528 0.637 1.129 1.161 0.521 0.451 1.139 1.051 0.58 0.025 1.133 0.99 0.838 0.07 0.493 0.173 0.055 0.278
2155 0.06 0.264 0.56 0.714 1.159 1.146 0.545 0.482 1.139 1.019 0.607 0.025 1.124 0.958 0.787 0.073 0.519 0.185 0.041 0.277
2156 0.049 0.254 0.514 0.794 1.157 1.127 0.563 0.521 1.126 0.976 0.633 0.033 1.08 0.937 0.722 0.074 0.545 0.198 0.04 0.29
2157 0.031 0.27 0.518 0.848 1.118 1.079 0.586 0.525 1.068 0.946 0.661 0.038 1.0 0.918 0.677 0.082 0.562 0.209 0.072 0.295
2158 0.036 0.293 0.723 0.938 1.111 1.056 0.588 0.487 0.988 0.925 0.687 0.035 0.915 0.918 0.633 0.057 0.585 0.22 0.047 0.279
2159 0.026 0.282 0.87 0.935 1.11 1.03 0.586 0.455 0.903 0.945 0.716 0.037 0.877 0.945 0.587 0.062 0.608 0.231 0.044 0.27
2160 0.041 0.292 0.841 0.935 1.118 0.996 0.588 0.412 0.858 0.934 0.742 0.029 0.854 0.957 0.528 0.071 0.616 0.25 0.044 0.284
2161 0.058 0.309 0.828 0.952 1.142 0.972 0.61 0.379 0.844 0.933 0.768 0.023 0.863 0.986 0.482 0.065 0.618 0.277 0.075 0.287
2162 0.057 0.314 0.788 0.986 1.15 0.94 0.64 0.389 0.853 0.927 0.791 0.027 0.815 0.964 0.441 0.065 0.617 0.301 0.087 0.294
2163 0.049 0.311 0.728 0.981 1.13 0.917 0.678 0.41 0.857 0.942 0.812 0.024 0.744 0.989 0.409 0.093 0.629 0.332 0.073 0.294
2164 0.043 0.261 0.702 1.002 1.118 0.865 0.708 0.394 0.851 0.961 0.842 0.03 0.706 1.052 0.379 0.127 0.646 0.35 0.076 0.264
2165 0.035 0.274 0.719 1.052 1.117 0.835 0.753 0.402 0.833 0.971 0.87 0.039 0.736 1.102 0.345 0.157 0.657 0.359 0.046 0.331
2166 0.081 0.293 0.742 1.1 1.106 0.799 0.737 0.432 0.814 0.968 0.897 0.048 0.762 1.136 0.326 0.211 0.664 0.376 0.059 0.304
2167 0.137 0.344 0.792 1.146 1.105 0.748 0.708 0.467 0.798 1.004 0.934 0.05 0.782 1.161 0.287 0.253 0.662 0.357 0.031 0.275
2168 0.113 0.453 0.824 1.169 1.109 0.701 0.659 0.492 0.792 1.033 0.967 0.039 0.799 1.169 0.252 0.286 0.677 0.353 0.041 0.29
2169 0.115 0.52 0.846 1.153 1.123 0.658 0.621 0.507 0.792 1.057 0.982 0.023 0.833 1.158 0.233 0.326 0.698 0.359 0.039 0.284
2170 0.217 0.597 0.817 1.172 1.142 0.625 0.619 0.552 0.794 1.073 1.009 0.024 0.781 1.166 0.266 0.421 0.715 0.375 0.068 0.265
2171 0.371 0.757 0.798 1.141 1.151 0.584 0.628 0.589 0.808 1.085 1.033 0.025 0.79 1.166 0.31 0.524 0.73 0.389 0.072 0.315
2172 0.474 0.819 0.871 1.155 1.153 0.562 0.582 0.649 0.835 1.091 1.055 0.022 0.786 1.153 0.304 0.598 0.75 0.405 0.073 0.251
2173 0.61 0.922 0.96 1.138 1.135 0.535 0.557 0.715 0.86 1.096 1.08 0.024 0.807 1.148 0.271 0.623 0.773 0.42 0.07 0.242
2174 0.748 1.045 1.027 1.113 1.012 0.473 0.555 0.785 0.879 1.107 1.094 0.023 0.817 1.144 0.26 0.677 0.795 0.442 0.11 0.307
2175 0.799 1.129 1.087 1.046 0.95 0.44 0.491 0.829 0.898 1.115 1.117 0.022 0.812 1.144 0.28 0.737 0.83 0.46 0.092 0.38
2176 0.817 1.164 1.118 0.953 0.896 0.444 0.465 0.867 0.934 1.12 1.141 0.028 0.874 1.165 0.287 0.795 0.856 0.471 0.046 0.41
2177 0.875 1.162 1.118 0.871 0.866 0.46 0.462 0.914 0.95 1.113 1.162 0.042 0.95 1.127 0.268 0.847 0.874 0.493 0.039 0.356
2178 0.936 1.129 1.145 0.781 0.822 0.444 0.472 0.971 1.023 1.07 1.183 0.051 0.996 1.126 0.243 0.913 0.884 0.526 0.036 0.313
2179 0.984 1.115 1.129 0.681 0.786 0.44 0.46 1.017 1.023 1.022 1.187 0.075 1.023 1.128 0.21 0.968 0.889 0.555 0.036 0.273
2180 1.026 1.06 1.112 0.6 0.757 0.46 0.455 1.062 1.064 0.9 1.187 0.099 1.046 1.136 0.256 1.02 0.885 0.578 0.072 0.28
2181 1.046 0.967 1.019 0.538 0.724 0.489 0.444 1.102 1.089 0.767 1.19 0.11 1.064 1.145 0.323 1.065 0.874 0.602 0.077 0.334
2182 1.077 0.82 0.893 0.518 0.693 0.501 0.407 1.115 1.126 0.65 1.19 0.13 1.09 1.151 0.35 1.106 0.858 0.632 0.045 0.379
2183 1.128 0.711 0.786 0.501 0.645 0.513 0.392 1.15 1.163 0.603 1.182 0.153 1.11 1.152 0.383 1.116 0.838 0.655 0.048 0.432
2184 1.149 0.611 0.691 0.474 0.614 0.539 0.437 1.17 1.154 0.536 1.178 0.182 1.131 1.141 0.395 1.141 0.825 0.687 0.052 0.49
2185 1.142 0.518 0.553 0.456 0.58 0.573 0.496 1.162 1.134 0.44 1.178 0.21 1.139 1.114 0.426 1.157 0.817 0.709 0.087 0.527
2186 1.132 0.435 0.408 0.472 0.519 0.583 0.558 1.13 1.105 0.333 1.186 0.227 1.138 1.084 0.452 1.145 0.805 0.73 0.134 0.489
2187 1.084 0.397 0.281 0.472 0.445 0.549 0.61 1.097 1.147 0.24 1.184 0.259 1.135 1.046 0.48 1.128 0.795 0.755 0.192 0.45
2188 1.052 0.336 0.191 0.428 0.391 0.518 0.615 1.055 1.175 0.184 1.171 0.283 1.135 1.019 0.515 1.129 0.789 0.78 0.143 0.376
2189 1.057 0.257 0.136 0.36 0.348 0.448 0.658 1.012 1.112 0.154 1.165 0.315 1.145 0.994 0.561 1.11 0.791 0.8 0.088 0.318
2190 1.098 0.187 0.087 0.307 0.361 0.388 0.7 0.982 1.076 0.064 1.171 0.338 1.149 0.972 0.595 1.096 0.809 0.811 0.053 0.259
2191 1.106 0.158 0.047 0.237 0.373 0.327 0.75 0.953 0.998 0.053 1.174 0.366 1.145 0.945 0.618 1.081 0.825 0.82 0.049 0.222
2192 1.137 0.138 0.062 0.215 0.4 0.271 0.787 0.935 0.944 0.08 1.168 0.39 1.141 0.917 0.653 1.071 0.838 0.836 0.043 0.202
2193 1.162 0.12 0.048 0.226 0.44 0.248 0.827 0.899 0.835 0.093 1.166 0.417 1.145 0.895 0.653 1.034 0.856 0.848 0.028 0.23
2194 1.159 0.146 0.049 0.198 0.465 0.215 0.882 0.881 0.708 0.093 1.178 0.441 1.153 0.87 0.656 1.002 0.885 0.836 0.037 0.215
2195 1.151 0.187 0.078 0.17 0.482 0.165 0.924 0.873 0.593 0.083 1.175 0.463 1.138 0.849 0.681 0.993 0.897 0.812 0.083 0.189
2196 1.168 0.228 0.052 0.21 0.449 0.117 0.96 0.837 0.517 0.132 1.176 0.484 1.112 0.854 0.713 0.975 0.902 0.795 0.079 0.203
2197 1.16 0.3 0.068 0.173 0.378 0.105 0.97 0.793 0.422 0.129 1.177 0.491 1.099 0.872 0.721 0.948 0.906 0.777 0.075 0.163
2198 1.163 0.368 0.059 0.217 0.299 0.09 0.994 0.756 0.295 0.143 1.17 0.515 1.076 0.874 0.713 0.92 0.904 0.755 0.057 0.206
2199 1.162 0.435 0.087 0.252 0.222 0.067 1.018 0.718 0.16 0.177 1.171 0.542 1.062 0.853 0.727 0.892 0.918 0.755 0.065 0.238
2200 1.164 0.508 0.041 0.247 0.158 0.066 1.035 0.662 0.098 0.239 1.173 0.566 1.068 0.838 0.756 0.892 0.937 0.768 0.026 0.181
2201 1.157 0.55 0.03 0.143 0.089 0.058 1.035 0.612 0.06 0.295 1.171 0.587 1.083 0.822 0.785 0.92 0.953 0.785 0.047 0.103
2202 1.161 0.595 0.08 0.141 0.067 0.091 1.044 0.562 0.045 0.332 1.175 0.603 1.1 0.811 0.814 0.945 0.972 0.795 0.078 0.115
2203 1.164 0.639 0.042 0.183 0.103 0.118 1.045 0.511 0.042 0.349 1.176 0.646 1.116 0.801 0.854 0.94 1.005 0.807 0.07 0.159
2204 1.16 0.706 0.065 0.252 0.115 0.075 1.037 0.463 0.039 0.365 1.177 0.686 1.131 0.782 0.892 0.917 1.035 0.812 0.045 0.228
2205 1.166 0.743 0.073 0.304 0.097 0.038 1.034 0.419 0.043 0.352 1.176 0.721 1.136 0.765 0.931 0.9 1.053 0.813 0.112 0.265
2206 1.149 0.754 0.061 0.292 0.084 0.02 1.01 0.382 0.066 0.347 1.175 0.744 1.158 0.776 0.966 0.889 1.072 0.809 0.103 0.212
2207 1.153 0.739 0.076 0.215 0.109 0.023 0.946 0.36 0.054 0.266 1.174 0.76 1.091 0.81 1.009 0.918 1.093 0.823 0.061 0.15
2208 1.157 0.714 0.094 0.129 0.126 0.019 0.906 0.36 0.062 0.186 1.175 0.782 1.103 0.828 1.039 0.955 1.071 0.863 0.027 0.091
2209 1.154 0.688 0.168 0.079 0.158 0.025 0.882 0.326 0.1 0.104 1.174 0.811 1.085 0.842 1.035 0.989 1.129 0.897 0.026 0.048
2210 1.149 0.658 0.15 0.042 0.207 0.025 0.859 0.275 0.186 0.147 1.171 0.839 1.065 0.846 1.028 1.033 1.15 0.875 0.064 0.06
2211 1.12 0.615 0.209 0.022 0.247 0.055 0.823 0.244 0.125 0.233 1.148 0.844 1.033 0.829 1.012 1.066 1.17 0.858 0.11 0.059
2212 1.072 0.56 0.247 0.022 0.231 0.162 0.752 0.256 0.097 0.344 1.165 0.848 1.01 0.854 0.985 1.094 1.172 0.883 0.145 0.073
2213 0.987 0.519 0.275 0.03 0.164 0.251 0.714 0.273 0.068 0.432 1.16 0.818 0.989 0.869 0.968 1.099 1.167 0.904 0.102 0.12
2214 0.906 0.465 0.316 0.042 0.142 0.386 0.638 0.241 0.174 0.533 1.157 0.742 0.971 0.887 0.952 1.141 1.166 0.934 0.05 0.15
2215 0.823 0.421 0.365 0.046 0.187 0.502 0.583 0.197 0.296 0.605 1.162 0.685 0.951 0.902 0.925 1.152 1.171 0.963 0.057 0.227
2216 0.761 0.38 0.408 0.034 0.271 0.559 0.523 0.168 0.354 0.66 1.16 0.669 0.925 0.91 0.892 1.147 1.169 0.991 0.058 0.29
2217 0.705 0.355 0.46 0.043 0.338 0.557 0.49 0.195 0.357 0.744 1.159 0.703 0.908 0.913 0.864 1.158 1.169 1.023 0.057 0.365
2218 0.678 0.332 0.506 0.03 0.365 0.482 0.453 0.207 0.265 0.837 1.147 0.742 0.875 0.911 0.828 1.142 1.168 1.051 0.054 0.44
2219 0.657 0.315 0.549 0.033 0.324 0.411 0.412 0.258 0.174 0.924 1.154 0.774 0.851 0.904 0.792 1.163 1.167 1.078 0.053 0.505
2220 0.641 0.302 0.594 0.046 0.251 0.391 0.389 0.325 0.095 0.918 1.142 0.819 0.825 0.895 0.757 1.138 1.157 1.103 0.055 0.571
2221 0.627 0.297 0.634 0.046 0.177 0.411 0.33 0.347 0.057 0.858 1.131 0.841 0.802 0.893 0.754 1.102 1.147 1.132 0.032 0.593
2222 0.618 0.285 0.692 0.061 0.094 0.346 0.276 0.367 0.068 0.727 1.138 0.873 0.775 0.889 0.749 1.059 1.164 1.146 0.064 0.622
2223 0.601 0.281 0.752 0.05 0.05 0.279 0.194 0.339 0.077 0.617 1.149 0.913 0.744 0.883 0.745 1.034 1.161 1.164 0.096 0.587
2224 0.586 0.277 0.801 0.045 0.037 0.303 0.178 0.279 0.068 0.525 1.148 0.964 0.719 0.876 0.749 0.991 1.138 1.178 0.07 0.488
2225 0.568 0.275 0.848 0.048 0.047 0.335 0.174 0.225 0.048 0.489 1.142 1.014 0.696 0.862 0.751 0.963 1.117 1.179 0.061 0.446
2226 0.545 0.265 0.886 0.074 0.058 0.289 0.191 0.188 0.094 0.391 1.139 1.082 0.675 0.837 0.75 0.927 1.09 1.181 0.055 0.378
2227 0.53 0.263 0.945 0.069 0.052 0.205 0.189 0.126 0.191 0.173 1.133 1.15 0.656 0.816 0.733 0.882 1.057 1.178 0.04 0.31
2228 0.516 0.26 0.993 0.052 0.121 0.174 0.142 0.096 0.185 0.123 1.097 1.173 0.648 0.793 0.743 0.84 1.033 1.183 0.038 0.251
2229 0.498 0.26 1.033 0.044 0.082 0.101 0.125 0.102 0.137 0.117 1.039 1.178 0.629 0.756 0.775 0.812 1.006 1.176 0.039 0.193
2230 0.477 0.291 1.075 0.045 0.036 0.085 0.106 0.09 0.071 0.123 1.006 1.175 0.612 0.727 0.821 0.804 0.977 1.176 0.049 0.149
2231 0.462 0.311 1.117 0.047 0.049 0.048 0.065 0.086 0.096 0.147 0.949 1.158 0.593 0.682 0.861 0.807 0.945 1.172 0.052 0.116
2232 0.454 0.328 1.141 0.035 0.027 0.051 0.092 0.034 0.077 0.06 0.887 1.172 0.593 0.658 0.903 0.793 0.918 1.183 0.04 0.076
2233 0.46 0.35 1.161 0.042 0.056 0.045 0.164 0.03 0.138 0.035 0.822 1.175 0.598 0.646 0.924 0.748 0.902 1.182 0.094 0.043
2234 0.468 0.375 1.168 0.092 0.089 0.075 0.211 0.031 0.164 0.042 0.763 1.157 0.571 0.592 0.917 0.709 0.887 1.183 0.116 0.023
2235 0.475 0.391 1.156 0.149 0.122 0.059 0.314 0.035 0.226 0.043 0.696 1.165 0.531 0.509 0.897 0.659 0.862 1.178 0.175 0.036
2236 0.476 0.415 1.14 0.196 0.156 0.036 0.442 0.054 0.285 0.037 0.631 1.171 0.515 0.461 0.89 0.64 0.835 1.173 0.273 0.059
2237 0.488 0.425 1.154 0.23 0.197 0.073 0.578 0.058 0.377 0.049 0.558 1.168 0.504 0.442 0.892 0.608 0.81 1.181 0.314 0.039
2238 0.492 0.418 1.168 0.269 0.244 0.088 0.647 0.062 0.477 0.074 0.471 1.172 0.5 0.444 0.86 0.574 0.78 1.178 0.384 0.071
2239 0.478 0.41 1.175 0.317 0.32 0.097 0.638 0.065 0.557 0.072 0.417 1.169 0.504 0.457 0.869 0.554 0.753 1.183 0.487 0.099
2240 0.466 0.398 1.168 0.355 0.385 0.201 0.7 0.077 0.612 0.067 0.362 1.17 0.49 0.465 0.861 0.578 0.731 1.185 0.562 0.075
2241 0.464 0.383 1.155 0.391 0.395 0.268 0.818 0.078 0.653 0.062 0.327 1.166 0.476 0.458 0.888 0.583 0.709 1.183 0.631 0.083
2242 0.46 0.36 1.147 0.434 0.375 0.328 0.888 0.215 0.711 0.071 0.296 1.158 0.467 0.448 0.895 0.623 0.695 1.183 0.683 0.133
2243 0.442 0.341 1.171 0.464 0.303 0.352 0.88 0.31 0.757 0.054 0.238 1.166 0.465 0.435 0.902 0.657 0.669 1.176 0.792 0.217
2244 0.411 0.336 1.176 0.487 0.244 0.352 0.865 0.39 0.81 0.088 0.161 1.17 0.457 0.42 0.933 0.687 0.644 1.176 0.868 0.322
2245 0.378 0.333 1.163 0.53 0.166 0.322 0.992 0.449 0.835 0.143 0.088 1.16 0.439 0.414 0.967 0.679 0.609 1.171 0.905 0.403
2246 0.349 0.325 1.141 0.557 0.132 0.254 1.104 0.506 0.864 0.207 0.065 1.153 0.434 0.387 1.006 0.674 0.577 1.175 1.004 0.449
2247 0.336 0.305 1.136 0.608 0.105 0.198 1.125 0.587 0.889 0.276 0.059 1.145 0.434 0.371 1.05 0.667 0.554 1.184 1.084 0.514
2248 0.334 0.282 1.165 0.687 0.089 0.137 1.135 0.693 0.907 0.309 0.067 1.136 0.435 0.354 1.076 0.67 0.52 1.184 1.124 0.588
2249 0.343 0.26 1.17 0.722 0.076 0.08 1.155 0.766 0.95 0.364 0.072 1.144 0.426 0.334 1.089 0.692 0.485 1.18 1.155 0.655
2250 0.35 0.236 1.155 0.749 0.08 0.035 1.15 0.811 1.018 0.392 0.093 1.106 0.409 0.322 1.094 0.726 0.462 1.187 1.161 0.713
2251 0.359 0.214 1.15 0.822 0.131 0.027 1.144 0.868 1.097 0.389 0.182 1.033 0.397 0.308 1.077 0.763 0.432 1.186 1.157 0.755
2252 0.367 0.191 1.156 0.881 0.18 0.06 1.153 0.895 1.143 0.387 0.228 0.989 0.381 0.294 1.057 0.785 0.403 1.188 1.152 0.824
2253 0.38 0.172 1.149 0.965 0.251 0.054 1.131 0.977 1.149 0.459 0.145 1.014 0.371 0.273 1.022 0.794 0.378 1.188 1.158 0.888
2254 0.402 0.159 1.154 1.069 0.305 0.069 1.128 1.071 1.132 0.533 0.112 1.048 0.387 0.242 0.989 0.807 0.361 1.188 1.153 0.959
2255 0.425 0.151 1.156 1.144 0.357 0.073 1.149 1.129 1.153 0.601 0.077 1.072 0.392 0.226 0.959 0.817 0.343 1.19 1.158 1.036
2256 0.449 0.152 1.07 1.163 0.418 0.071 1.078 1.153 1.153 0.68 0.064 1.045 0.386 0.203 0.927 0.8 0.316 1.178 1.142 1.091
2257 0.475 0.151 0.946 1.123 0.487 0.075 1.023 1.156 1.154 0.776 0.058 1.021 0.37 0.189 0.935 0.775 0.299 1.169 1.109 1.142
2258 0.5 0.158 0.837 1.159 0.55 0.06 0.965 1.149 1.131 0.834 0.068 1.002 0.347 0.18 0.924 0.737 0.274 1.173 1.026 1.14
2259 0.527 0.178 0.772 1.165 0.611 0.057 0.888 1.144 1.059 0.893 0.078 1.029 0.324 0.182 0.916 0.711 0.246 1.184 0.915 1.152
2260 0.55 0.188 0.654 1.155 0.651 0.073 0.804 1.15 1.011 0.97 0.095 1.048 0.303 0.185 0.887 0.683 0.233 1.19 0.851 1.135
2261 0.572 0.214 0.488 1.141 0.721 0.067 0.704 1.143 0.968 1.047 0.066 1.061 0.277 0.186 0.852 0.648 0.207 1.19 0.815 1.168
2262 0.571 0.246 0.303 1.119 0.796 0.06 0.6 1.141 0.903 1.112 0.061 1.01 0.247 0.168 0.817 0.639 0.18 1.19 0.721 1.158
2263 0.57 0.272 0.133 1.032 0.843 0.082 0.518 1.157 0.797 1.133 0.062 0.933 0.226 0.168 0.795 0.635 0.145 1.192 0.618 1.152
2264 0.578 0.297 0.075 0.922 0.881 0.128 0.454 1.155 0.741 1.172 0.056 0.855 0.208 0.171 0.757 0.616 0.113 1.193 0.522 1.154
2265 0.587 0.32 0.071 0.798 0.944 0.097 0.364 1.064 0.655 1.145 0.039 0.784 0.187 0.184 0.716 0.608 0.078 1.186 0.45 1.145
2266 0.606 0.34 0.036 0.751 0.994 0.062 0.314 1.043 0.588 1.111 0.048 0.695 0.173 0.2 0.679 0.583 0.05 1.191 0.396 1.131
2267 0.632 0.352 0.041 0.673 1.058 0.051 0.268 1.037 0.517 1.068 0.064 0.589 0.169 0.225 0.634 0.57 0.041 1.168 0.323 1.146
2268 0.659 0.364 0.049 0.609 1.118 0.057 0.226 1.029 0.433 1.072 0.102 0.513 0.16 0.247 0.583 0.574 0.072 1.14 0.281 1.149
2269 0.677 0.374 0.055 0.51 1.151 0.114 0.176 1.036 0.346 1.07 0.11 0.389 0.137 0.253 0.54 0.6 0.08 1.118 0.204 1.148
2270 0.72 0.369 0.092 0.422 1.143 0.177 0.112 1.067 0.261 1.088 0.211 0.38 0.11 0.239 0.495 0.611 0.072 1.096 0.118 1.157
2271 0.744 0.364 0.146 0.349 1.112 0.222 0.057 1.069 0.171 1.101 0.258 0.287 0.099 0.215 0.455 0.604 0.065 1.101 0.086 1.12
2272 0.767 0.371 0.112 0.252 1.103 0.282 0.046 1.028 0.098 1.076 0.165 0.2 0.091 0.194 0.421 0.578 0.061 1.042 0.082 1.038
2273 0.797 0.39 0.112 0.208 1.119 0.352 0.042 0.992 0.054 1.077 0.089 0.17 0.07 0.184 0.385 0.563 0.044 1.011 0.057 0.955
2274 0.773 0.42 0.12 0.137 1.115 0.424 0.043 0.954 0.056 1.037 0.088 0.131 0.058 0.149 0.35 0.573 0.06 1.011 0.075 0.884
2275 0.765 0.443 0.24 0.111 1.129 0.482 0.042 0.922 0.056 1.054 0.113 0.054 0.111 0.106 0.312 0.596 0.049 1.024 0.097 0.824
2276 0.762 0.47 0.354 0.111 1.14 0.531 0.036 0.892 0.056 1.007 0.113 0.049 0.218 0.065 0.273 0.609 0.058 0.948 0.111 0.758
2277 0.766 0.504 0.459 0.166 1.149 0.589 0.034 0.867 0.06 0.944 0.139 0.029 0.35 0.099 0.235 0.643 0.059 0.897 0.115 0.684
2278 0.76 0.511 0.543 0.208 1.157 0.649 0.034 0.832 0.064 0.88 0.168 0.036 0.48 0.141 0.213 0.665 0.062 0.845 0.127 0.616
2279 0.762 0.556 0.614 0.244 1.16 0.702 0.032 0.799 0.049 0.847 0.247 0.044 0.575 0.218 0.187 0.675 0.081 0.796 0.12 0.553
2280 0.741 0.58 0.662 0.281 1.146 0.769 0.033 0.771 0.084 0.789 0.332 0.042 0.665 0.252 0.148 0.656 0.103 0.755 0.138 0.47
2281 0.718 0.597 0.688 0.314 1.144 0.836 0.03 0.733 0.114 0.731 0.373 0.038 0.676 0.282 0.118 0.634 0.138 0.717 0.153 0.407
2282 0.69 0.624 0.705 0.345 1.161 0.889 0.031 0.704 0.115 0.669 0.41 0.065 0.719 0.336 0.112 0.647 0.143 0.674 0.197 0.359
2283 0.661 0.637 0.715 0.36 1.15 0.953 0.03 0.675 0.086 0.655 0.497 0.049 0.849 0.306 0.06 0.611 0.149 0.639 0.252 0.297
2284 0.632 0.647 0.732 0.372 1.145 1.004 0.027 0.633 0.068 0.605 0.554 0.049 0.902 0.299 0.055 0.505 0.114 0.602 0.263 0.253
2285 0.597 0.639 0.75 0.376 1.151 1.063 0.027 0.589 0.073 0.528 0.625 0.055 0.885 0.374 0.061 0.421 0.121 0.541 0.26 0.207
2286 0.573 0.621 0.77 0.378 1.138 1.122 0.027 0.56 0.091 0.472 0.708 0.051 0.949 0.509 0.058 0.355 0.122 0.498 0.281 0.148
2287 0.542 0.606 0.796 0.405 1.095 1.15 0.033 0.524 0.128 0.438 0.799 0.044 1.014 0.754 0.048 0.312 0.112 0.467 0.323 0.094
2288 0.51 0.608 0.821 0.446 1.039 1.153 0.023 0.481 0.16 0.422 0.898 0.042 1.045 0.984 0.052 0.238 0.081 0.434 0.383 0.085
2289 0.476 0.626 0.841 0.479 0.97 1.152 0.023 0.448 0.191 0.4 0.982 0.035 1.008 1.113 0.049 0.169 0.077 0.371 0.452 0.102
2290 0.452 0.646 0.858 0.509 0.897 1.155 0.024 0.41 0.25 0.372 1.045 0.042 0.961 1.145 0.061 0.123 0.081 0.329 0.505 0.101
2291 0.438 0.677 0.876 0.534 0.836 1.15 0.02 0.374 0.375 0.387 1.09 0.036 0.896 1.157 0.096 0.083 0.083 0.277 0.558 0.128
2292 0.449 0.71 0.889 0.563 0.774 1.158 0.03 0.336 0.453 0.402 1.128 0.05 0.817 1.151 0.044 0.045 0.089 0.226 0.577 0.158
2293 0.455 0.73 0.89 0.598 0.706 1.15 0.026 0.295 0.504 0.419 1.156 0.061 0.724 1.132 0.041 0.114 0.086 0.166 0.59 0.187
2294 0.472 0.746 0.88 0.616 0.62 1.149 0.018 0.27 0.52 0.464 1.164 0.062 0.659 1.155 0.062 0.139 0.064 0.164 0.591 0.22
2295 0.466 0.77 0.872 0.629 0.517 1.116 0.017 0.234 0.55 0.49 1.162 0.09 0.612 1.15 0.085 0.104 0.085 0.141 0.605 0.237
2296 0.445 0.778 0.883 0.654 0.396 1.024 0.02 0.201 0.601 0.475 1.161 0.107 0.549 1.152 0.132 0.08 0.068 0.096 0.627 0.253
2297 0.425 0.77 0.899 0.672 0.343 0.881 0.02 0.195 0.627 0.449 1.17 0.072 0.562 1.098 0.194 0.079 0.08 0.061 0.652 0.273
2298 0.406 0.751 0.924 0.689 0.258 0.74 0.017 0.188 0.643 0.401 1.174 0.088 0.604 1.127 0.248 0.085 0.15 0.074 0.661 0.311
2299 0.4 0.724 0.951 0.698 0.212 0.595 0.025 0.159 0.66 0.357 1.137 0.104 0.65 1.119 0.298 0.095 0.227 0.084 0.678 0.347
2300 0.394 0.699 0.974 0.7 0.253 0.484 0.026 0.125 0.675 0.373 1.173 0.093 0.702 1.108 0.344 0.126 0.297 0.083 0.682 0.36
2301 0.379 0.676 0.998 0.704 0.188 0.355 0.025 0.093 0.671 0.417 1.175 0.088 0.773 1.106 0.402 0.162 0.354 0.08 0.673 0.396
2302 0.355 0.664 1.023 0.698 0.107 0.246 0.011 0.067 0.711 0.443 1.181 0.095 0.825 1.068 0.454 0.135 0.404 0.06 0.689 0.427
2303 0.32 0.66 1.048 0.703 0.061 0.148 0.017 0.044 0.748 0.469 1.164 0.097 0.871 1.033 0.498 0.109 0.468 0.041 0.715 0.443
2304 0.304 0.667 1.075 0.704 0.034 0.069 0.04 0.015 0.805 0.484 1.153 0.097 0.915 0.976 0.555 0.133 0.554 0.056 0.744 0.468
2305 0.281 0.678 1.1 0.703 0.026 0.029 0.077 0.016 0.848 0.458 1.172 0.079 0.935 0.918 0.592 0.166 0.655 0.066 0.782 0.48
2306 0.252 0.681 1.125 0.697 0.068 0.026 0.113 0.019 0.898 0.467 1.173 0.098 0.985 0.909 0.617 0.226 0.73 0.063 0.827 0.472
2307 0.217 0.672 1.137 0.696 0.108 0.02 0.147 0.028 0.95 0.463 1.123 0.146 1.048 0.893 0.642 0.288 0.84 0.075 0.867 0.469
2308 0.204 0.643 1.148 0.713 0.146 0.031 0.194 0.03 0.992 0.442 1.125 0.147 1.092 0.871 0.654 0.344 0.884 0.055 0.9 0.471
2309 0.188 0.613 1.105 0.775 0.207 0.042 0.23 0.024 1.051 0.431 1.137 0.171 1.12 0.826 0.668 0.397 0.961 0.07 0.935 0.495
2310 0.169 0.591 1.139 0.793 0.259 0.016 0.279 0.033 1.106 0.437 1.132 0.134 1.109 0.812 0.711 0.424 0.983 0.049 0.95 0.531
2311 0.158 0.571 1.153 0.754 0.294 0.017 0.368 0.062 1.141 0.426 1.18 0.145 1.126 0.806 0.747 0.424 1.018 0.076 0.95 0.577
2312 0.137 0.55 1.154 0.703 0.312 0.024 0.509 0.054 1.167 0.416 1.126 0.162 1.145 0.768 0.808 0.414 0.962 0.128 0.942 0.621
2313 0.124 0.528 1.157 0.658 0.337 0.019 0.622 0.059 1.173 0.372 1.129 0.115 1.154 0.734 0.86 0.395 0.929 0.179 0.935 0.668
2314 0.106 0.506 1.148 0.59 0.374 0.019 0.736 0.099 1.172 0.333 1.132 0.088 1.153 0.7 0.884 0.37 0.851 0.17 0.928 0.709
2315 0.129 0.503 1.156 0.552 0.437 0.033 0.783 0.12 1.175 0.306 1.097 0.09 1.153 0.667 0.888 0.314 0.84 0.142 0.921 0.757
2316 0.12 0.527 1.17 0.515 0.48 0.026 0.735 0.136 1.173 0.262 1.12 0.14 1.148 0.639 0.941 0.261 0.945 0.136 0.929 0.797
2317 0.109 0.557 1.172 0.466 0.519 0.023 0.689 0.124 1.182 0.231 1.175 0.091 1.151 0.606 1.006 0.259 1.088 0.125 0.94 0.832
2318 0.081 0.562 1.171 0.406 0.559 0.025 0.625 0.107 1.167 0.183 1.177 0.046 1.155 0.576 1.057 0.256 1.172 0.14 0.945 0.872
2319 0.085 0.534 1.159 0.342 0.602 0.023 0.579 0.066 1.14 0.146 1.126 0.032 1.156 0.54 1.102 0.276 1.17 0.072 0.962 0.918
2320 0.095 0.513 1.119 0.305 0.643 0.022 0.524 0.048 1.101 0.114 1.057 0.038 1.154 0.52 1.091 0.295 1.171 0.029 0.986 0.927
2321 0.09 0.479 1.111 0.335 0.683 0.027 0.478 0.055 1.057 0.104 1.031 0.075 1.15 0.5 1.124 0.24 1.158 0.074 0.974 0.955
2322 0.089 0.451 1.105 0.372 0.725 0.027 0.433 0.035 1.088 0.132 1.012 0.099 1.141 0.477 1.152 0.188 1.088 0.099 0.905 0.975
2323 0.083 0.426 1.073 0.385 0.744 0.026 0.374 0.046 1.05 0.165 0.967 0.072 1.123 0.462 1.155 0.125 1.131 0.141 0.854 0.987
2324 0.048 0.408 1.065 0.356 0.764 0.022 0.312 0.063 1.068 0.308 0.931 0.063 1.068 0.484 1.148 0.106 1.128 0.082 0.817 0.995
2325 0.027 0.394 1.084 0.446 0.793 0.029 0.27 0.035 1.083 0.338 0.89 0.066 1.003 0.523 1.174 0.073 1.058 0.068 0.785 1.02
2326 0.022 0.382 1.059 0.572 0.825 0.033 0.215 0.047 1.116 0.319 0.861 0.081 0.941 0.559 1.164 0.067 1.004 0.045 0.774 1.033
2327 0.023 0.361 0.949 0.755 0.85 0.022 0.157 0.055 1.135 0.269 0.834 0.108 0.913 0.584 1.154 0.089 0.974 0.029 0.78 1.037
2328 0.026 0.357 0.85 0.907 0.882 0.023 0.097 0.065 1.132 0.239 0.792 0.113 0.886 0.615 1.169 0.077 0.974 0.029 0.798 0.969
2329 0.028 0.345 0.822 0.966 0.91 0.024 0.039 0.051 1.131 0.204 0.769 0.082 0.854 0.668 1.16 0.06 1.0 0.028 0.795 0.986
2330 0.041 0.326 0.82 0.994 0.936 0.026 0.036 0.131 1.119 0.171 0.777 0.053 0.774 0.719 1.114 0.048 1.031 0.027 0.745 1.075
2331 0.027 0.315 0.783 1.025 0.959 0.021 0.061 0.213 1.119 0.123 0.733 0.038 0.723 0.779 1.139 0.056 1.063 0.042 0.565 1.153
2332 0.024 0.335 0.749 1.045 0.982 0.022 0.11 0.236 1.125 0.102 0.694 0.063 0.689 0.834 1.163 0.067 1.088 0.054 0.45 1.164
2333 0.021 0.35 0.714 1.074 1.021 0.02 0.069 0.297 1.142 0.09 0.68 0.053 0.658 0.87 1.173 0.097 1.072 0.046 0.346 1.165
2334 0.023 0.365 0.681 1.063 1.053 0.021 0.042 0.381 1.132 0.066 0.684 0.077 0.629 0.904 1.127 0.092 1.049 0.091 0.257 1.18
2335 0.023 0.377 0.651 1.077 1.082 0.021 0.052 0.474 1.125 0.043 0.656 0.075 0.604 0.932 1.117 0.094 1.092 0.103 0.2 1.171
2336 0.031 0.394 0.612 1.099 1.115 0.021 0.074 0.53 1.11 0.054 0.657 0.124 0.588 0.962 1.172 0.081 1.11 0.075 0.119 1.172
2337 0.052 0.402 0.583 1.126 1.145 0.021 0.065 0.606 1.109 0.064 0.673 0.154 0.58 0.994 1.16 0.042 1.13 0.066 0.094 1.185
2338 0.072 0.405 0.545 1.134 1.138 0.042 0.071 0.688 1.125 0.054 0.678 0.193 0.572 1.018 1.175 0.039 1.135 0.047 0.063 1.137
2339 0.089 0.397 0.502 1.114 1.115 0.002 0.079 0.737 1.098 0.028 0.647 0.22 0.563 1.044 1.118 0.032 1.121 0.057 0.066 1.046
2340 0.103 0.38 0.463 1.098 1.091 0.036 0.058 0.763 1.095 0.05 0.593 0.222 0.543 1.057 1.189 0.081 1.117 0.093 0.065 0.939
2341 0.109 0.363 0.443 1.069 1.054 0.042 0.036 0.746 1.07 0.054 0.546 0.18 0.52 1.054 1.183 0.115 1.154 0.142 0.041 0.887
2342 0.111 0.342 0.431 1.036 1.015 0.044 0.038 0.689 1.06 0.074 0.532 0.124 0.505 1.047 1.19 0.141 1.163 0.228 0.046 0.815
2343 0.109 0.323 0.418 0.987 0.998 0.028 0.038 0.63 1.078 0.056 0.524 0.076 0.497 1.044 1.182 0.173 1.167 0.321 0.04 0.745
2344 0.13 0.297 0.416 0.955 1.033 0.025 0.029 0.588 1.067 0.053 0.478 0.054 0.482 1.036 1.181 0.208 1.164 0.415 0.039 0.703
2345 0.148 0.282 0.406 0.91 1.039 0.055 0.088 0.621 1.057 0.036 0.425 0.075 0.471 1.019 1.184 0.223 1.158 0.492 0.057 0.628
2346 0.175 0.275 0.401 0.863 1.029 0.044 0.172 0.612 1.047 0.057 0.353 0.267 0.47 0.999 1.185 0.246 1.157 0.56 0.14 0.626
2347 0.194 0.286 0.431 0.83 1.006 0.061 0.254 0.443 1.028 0.063 0.286 0.409 0.462 0.983 1.182 0.27 1.17 0.519 0.219 0.562
2348 0.151 0.316 0.451 0.796 0.96 0.066 0.236 0.389 0.997 0.056 0.25 0.296 0.458 0.964 1.184 0.289 1.173 0.462 0.213 0.413
2349 0.071 0.286 0.474 0.771 0.907 0.086 0.206 0.325 0.97 0.055 0.323 0.305 0.465 0.94 1.177 0.321 1.179 0.4 0.211 0.357
2350 0.04 0.244 0.487 0.732 0.859 0.093 0.288 0.294 0.953 0.064 0.415 0.318 0.494 0.916 1.179 0.349 1.163 0.36 0.183 0.333
2351 0.04 0.212 0.478 0.697 0.808 0.064 0.412 0.288 0.966 0.049 0.48 0.329 0.516 0.892 1.176 0.284 1.167 0.388 0.167 0.394
2352 0.037 0.259 0.463 0.663 0.743 0.047 0.518 0.349 0.955 0.061 0.552 0.315 0.517 0.874 1.168 0.22 1.181 0.411 0.14 0.421
2353 0.046 0.265 0.466 0.621 0.689 0.059 0.61 0.324 0.932 0.067 0.621 0.326 0.512 0.852 1.172 0.151 1.18 0.43 0.102 0.429
2354 0.051 0.278 0.483 0.578 0.643 0.059 0.64 0.298 0.902 0.044 0.692 0.212 0.498 0.831 1.182 0.096 1.18 0.458 0.064 0.41
2355 0.057 0.279 0.497 0.543 0.597 0.044 0.674 0.286 0.897 0.026 0.689 0.12 0.475 0.807 1.148 0.043 1.179 0.491 0.057 0.333
2356 0.086 0.238 0.489 0.499 0.551 0.04 0.708 0.292 0.857 0.037 0.621 0.073 0.456 0.795 1.153 0.043 1.177 0.522 0.056 0.259
2357 0.045 0.156 0.459 0.462 0.486 0.051 0.727 0.311 0.814 0.032 0.548 0.057 0.435 0.786 1.163 0.06 1.174 0.554 0.043 0.197
2358 0.053 0.076 0.415 0.441 0.418 0.056 0.725 0.332 0.77 0.031 0.455 0.034 0.413 0.784 1.167 0.093 1.176 0.589 0.068 0.148
2359 0.132 0.061 0.39 0.43 0.343 0.048 0.722 0.351 0.729 0.036 0.395 0.062 0.393 0.792 1.151 0.073 1.173 0.61 0.132 0.112
2360 0.237 0.064 0.344 0.434 0.284 0.035 0.727 0.369 0.67 0.058 0.323 0.047 0.371 0.809 1.154 0.073 1.174 0.629 0.187 0.12
2361 0.232 0.032 0.309 0.448 0.269 0.045 0.724 0.388 0.623 0.062 0.313 0.047 0.355 0.826 1.121 0.06 1.177 0.659 0.238 0.106
2362 0.173 0.043 0.281 0.502 0.277 0.098 0.714 0.404 0.579 0.053 0.381 0.044 0.309 0.848 1.142 0.05 1.167 0.683 0.205 0.076
2363 0.129 0.051 0.265 0.6 0.317 0.092 0.711 0.426 0.533 0.045 0.501 0.09 0.269 0.862 1.162 0.051 1.171 0.715 0.138 0.07
2364 0.109 0.065 0.249 0.649 0.364 0.114 0.705 0.443 0.603 0.102 0.498 0.028 0.238 0.877 1.164 0.09 1.174 0.74 0.116 0.095
2365 0.1 0.101 0.236 0.706 0.397 0.126 0.69 0.459 0.8 0.343 0.451 0.035 0.212 0.909 1.173 0.135 1.172 0.77 0.073 0.163
2366 0.079 0.17 0.229 0.753 0.44 0.137 0.681 0.482 0.971 0.542 0.381 0.045 0.188 0.932 1.147 0.23 1.172 0.782 0.037 0.194
2367 0.064 0.2 0.207 0.789 0.484 0.121 0.682 0.507 1.107 0.712 0.325 0.034 0.17 0.947 1.129 0.426 1.163 0.808 0.07 0.24
2368 0.068 0.234 0.18 0.774 0.572 0.178 0.685 0.53 1.144 0.807 0.27 0.036 0.15 0.968 1.138 0.581 1.166 0.84 0.063 0.309
2369 0.069 0.264 0.147 0.778 0.631 0.214 0.685 0.552 1.151 0.857 0.228 0.065 0.13 0.991 1.148 0.717 1.167 0.859 0.046 0.361
2370 0.039 0.289 0.131 0.805 0.653 0.187 0.67 0.577 1.168 0.831 0.247 0.107 0.11 1.013 1.157 0.806 1.168 0.894 0.055 0.427
2371 0.025 0.248 0.116 0.828 0.687 0.168 0.652 0.596 1.166 0.859 0.294 0.124 0.089 1.036 1.131 0.86 1.163 0.915 0.077 0.502
2372 0.027 0.205 0.092 0.847 0.696 0.118 0.647 0.618 1.165 0.915 0.318 0.159 0.092 1.072 1.132 0.9 1.163 0.946 0.118 0.55
2373 0.027 0.155 0.067 0.843 0.747 0.091 0.649 0.641 1.139 0.956 0.322 0.211 0.097 1.091 1.165 0.896 1.17 0.969 0.117 0.618
2374 0.052 0.12 0.054 0.87 0.775 0.061 0.662 0.664 1.107 1.026 0.342 0.257 0.092 1.113 1.16 0.865 1.161 1.005 0.09 0.588
2375 0.09 0.162 0.068 0.9 0.814 0.035 0.682 0.68 1.058 1.093 0.375 0.278 0.082 1.129 1.158 0.833 1.167 1.028 0.073 0.536
2376 0.084 0.196 0.078 0.928 0.855 0.06 0.703 0.692 0.936 1.116 0.421 0.293 0.071 1.15 1.154 0.773 1.169 1.058 0.066 0.596
2377 0.096 0.24 0.078 0.963 0.906 0.088 0.717 0.706 0.799 1.108 0.468 0.293 0.07 1.176 1.154 0.706 1.169 1.085 0.073 0.699
2378 0.053 0.273 0.058 0.993 0.97 0.079 0.745 0.714 0.629 1.061 0.509 0.322 0.095 1.186 1.167 0.647 1.166 1.107 0.061 0.771
2379 0.034 0.234 0.061 1.038 1.022 0.073 0.767 0.724 0.419 0.99 0.529 0.361 0.124 1.176 1.165 0.577 1.157 1.13 0.063 0.888
2380 0.031 0.185 0.067 1.079 1.058 0.059 0.793 0.735 0.221 0.98 0.565 0.403 0.118 1.151 1.162 0.537 1.163 1.148 0.064 0.991
2381 0.037 0.129 0.085 1.112 1.106 0.094 0.815 0.747 0.121 1.016 0.562 0.447 0.111 1.134 1.152 0.508 1.162 1.173 0.066 1.08
2382 0.077 0.095 0.111 1.113 1.124 0.159 0.846 0.756 0.08 1.07 0.557 0.508 0.095 1.133 1.167 0.452 1.139 1.184 0.056 1.138
2383 0.113 0.061 0.139 1.086 1.125 0.225 0.873 0.747 0.06 1.122 0.58 0.533 0.114 1.144 1.172 0.425 1.115 1.184 0.059 1.181
2384 0.168 0.068 0.174 1.075 1.12 0.28 0.897 0.748 0.074 1.156 0.591 0.582 0.15 1.143 1.153 0.348 1.098 1.183 0.106 1.191
2385 0.217 0.073 0.202 1.092 1.173 0.284 0.921 0.761 0.122 1.171 0.574 0.645 0.173 1.143 1.135 0.322 1.07 1.185 0.181 1.178
2386 0.251 0.101 0.226 1.108 1.176 0.232 0.944 0.786 0.184 1.166 0.56 0.691 0.206 1.158 1.165 0.326 1.047 1.183 0.254 1.164
2387 0.212 0.225 0.282 1.079 1.176 0.155 0.971 0.816 0.249 1.162 0.556 0.73 0.265 1.152 1.172 0.289 1.03 1.18 0.352 1.123
2388 0.176 0.291 0.313 1.083 1.175 0.103 1.002 0.816 0.309 1.142 0.561 0.771 0.343 1.147 1.169 0.328 1.036 1.178 0.436 1.148
2389 0.147 0.381 0.346 1.019 1.163 0.074 1.027 0.775 0.363 1.132 0.587 0.799 0.45 1.139 1.155 0.383 1.04 1.179 0.542 1.15
2390 0.131 0.449 0.366 0.99 1.114 0.055 1.047 0.716 0.406 1.121 0.632 0.799 0.548 1.134 1.142 0.435 1.05 1.179 0.62 1.147
2391 0.116 0.513 0.392 0.968 1.061 0.055 1.065 0.684 0.492 1.085 0.674 0.791 0.628 1.116 1.142 0.489 1.046 1.165 0.68 1.154
2392 0.095 0.555 0.416 0.962 1.054 0.119 1.07 0.677 0.571 1.045 0.692 0.753 0.582 1.015 1.139 0.555 1.062 1.168 0.747 1.146
2393 0.067 0.614 0.437 0.964 1.095 0.178 1.123 0.683 0.624 0.984 0.709 0.714 0.541 0.94 1.14 0.615 1.042 1.171 0.809 1.139
2394 0.059 0.675 0.432 0.908 1.146 0.224 1.147 0.701 0.606 0.942 0.738 0.68 0.449 0.967 1.144 0.655 1.052 1.156 0.879 1.153
2395 0.087 0.729 0.285 0.863 1.17 0.264 1.158 0.72 0.567 0.9 0.747 0.635 0.461 0.979 1.144 0.682 1.057 1.15 0.906 1.175
2396 0.095 0.798 0.144 0.798 1.147 0.308 1.152 0.748 0.54 0.873 0.752 0.569 0.471 0.999 1.148 0.715 1.079 1.145 0.98 1.154
2397 0.083 0.764 0.084 0.867 1.153 0.353 1.13 0.775 0.531 0.852 0.737 0.508 0.483 1.025 1.14 0.757 1.098 1.161 1.051 1.139
2398 0.061 0.796 0.08 0.94 1.168 0.401 1.099 0.792 0.572 0.825 0.74 0.453 0.491 1.052 1.11 0.796 1.108 1.177 1.113 1.149
2399 0.069 0.876 0.098 0.996 1.173 0.433 1.082 0.833 0.617 0.796 0.726 0.414 0.496 1.076 1.096 0.807 1.112 1.181 1.08 1.056
2400 0.04 0.884 0.137 1.042 1.163 0.504 1.096 0.882 0.669 0.795 0.703 0.363 0.501 1.096 1.072 0.812 1.086 1.178 1.078 1.158
2401 0.044 0.82 0.168 1.09 1.162 0.58 1.097 0.942 0.702 0.81 0.725 0.32 0.506 1.12 1.047 0.82 1.006 1.172 1.05 1.14
2402 0.048 0.756 0.147 1.146 1.163 0.64 1.092 0.988 0.728 0.804 0.741 0.287 0.511 1.145 1.027 0.824 0.986 1.171 0.979 1.153
2403 0.051 0.659 0.111 1.167 1.16 0.734 1.086 1.049 0.755 0.807 0.739 0.226 0.504 1.163 1.004 0.826 0.945 1.176 0.942 1.158
2404 0.085 0.572 0.08 1.158 1.157 0.826 1.055 1.097 0.783 0.822 0.719 0.181 0.495 1.179 0.981 0.832 0.893 1.17 0.88 1.151
2405 0.216 0.439 0.057 1.115 1.168 0.9 1.012 1.112 0.798 0.838 0.672 0.132 0.48 1.18 0.959 0.837 0.913 1.178 0.881 1.177
2406 0.347 0.315 0.061 1.065 1.161 0.96 0.985 1.121 0.828 0.85 0.632 0.084 0.456 1.106 0.939 0.85 0.856 1.177 0.843 1.167
2407 0.385 0.192 0.065 1.011 1.168 0.981 0.965 1.13 0.871 0.844 0.596 0.038 0.447 1.005 0.918 0.86 0.825 1.167 0.817 1.177
2408 0.34 0.093 0.088 0.956 1.147 0.995 0.951 1.159 0.888 0.811 0.549 0.036 0.441 0.932 0.904 0.849 0.792 1.171 0.783 1.183
2409 0.271 0.101 0.094 0.905 1.147 1.052 0.91 1.169 0.897 0.788 0.496 0.036 0.434 0.854 0.897 0.833 0.763 1.172 0.753 1.181
2410 0.237 0.106 0.09 0.858 1.126 1.105 0.894 1.176 0.888 0.758 0.466 0.079 0.42 0.779 0.879 0.828 0.712 1.167 0.708 1.182
