time X0 Y0 X1 Y1 X2 Y2 X3 Y3 X4 Y4 X5 Y5 X6 Y6 X7 Y7 X8 Y8 X9 Y9
556 0.425 0.079 0.925 1.121 1.017 1.044 0.975 0.94 0.069 1.179 0.268 0.076 1.126 0.594 1.036 1.046 1.1303232460021972 0.5940952262878418 1.035 0.948
557 0.304 0.067 1.037 1.106 1.02 1.044 1.047 0.914 0.082 1.149 0.165 0.077 1.138 0.674 1.02 1.06 1.09 0.853 1.079 0.897
558 0.202 0.081 1.018 1.055 1.003 1.027 1.033 0.851 0.075 1.119 0.091 0.057 1.155 0.741 1.047 1.031 1.105 0.824 1.082 0.869
559 0.121 0.111 0.995 0.997 0.973 0.942 0.99 0.885 0.091 1.096 0.075 0.193 1.123 0.751 1.068 0.899 1.157 0.778 1.096 0.793
560 0.068 0.163 0.994 0.895 0.918 0.836 0.964 0.818 0.118 1.088 0.094 0.315 1.127 0.774 1.136 0.836 1.135 0.799 1.124 0.785
561 0.077 0.289 1.082 0.855 0.926 0.738 1.031 0.796 0.15 1.09 0.093 0.447 1.118 0.77 1.126 0.908 1.129 0.824 1.026 0.747
562 0.083 0.416 1.09 0.919 0.951 0.669 1.124 0.748 0.178 1.075 0.104 0.574 1.132 0.694 1.125 0.979 1.132 0.909 1.075 0.657
563 0.11 0.539 1.092 1.009 0.977 0.599 1.135 0.871 0.181 1.039 0.21 0.635 1.138 0.663 1.134 1.043 1.128 1.02 1.053 0.62
564 0.15 0.632 1.1 1.109 1.04 0.57 1.121 1.019 0.181 1.012 0.302 0.704 1.132 0.696 1.155 1.112 1.116 1.101 1.053 0.596
565 0.198 0.713 1.078 1.124 1.025 0.589 1.132 1.118 0.178 0.979 0.346 0.804 1.086 0.782 1.155 1.161 1.122 1.15 1.102 0.67
566 0.222 0.805 1.042 1.016 0.979 0.691 1.053 1.071 0.18 0.927 0.293 0.898 1.057 0.913 1.15 1.099 1.05 1.15 1.081 0.779
567 0.208 0.891 1.061 0.977 0.942 0.806 1.074 1.003 0.207 0.938 0.239 0.869 1.053 0.955 1.136 1.013 1.026 1.169 1.069 0.858
568 0.274 0.943 1.027 0.907 0.952 0.908 1.098 1.027 0.113 1.063 0.276 0.866 1.012 0.892 1.147 0.884 0.957 1.152 1.094 0.891
569 0.411 0.968 0.979 1.023 0.953 0.951 1.127 1.018 0.133 1.122 0.302 0.843 1.004 0.922 1.127 0.832 0.876 1.151 1.063 0.858
570 0.494 1.001 0.902 1.091 0.938 1.011 1.016 0.946 0.286 1.112 0.333 0.834 0.98 0.934 1.117 0.912 0.772 1.128 1.061 0.831
571 0.573 1.046 0.761 1.078 0.845 1.059 1.01 0.984 0.433 1.108 0.364 0.836 0.94 1.029 1.087 0.867 0.673 1.106 0.967 0.873
572 0.616 1.076 0.638 1.073 0.749 1.077 0.924 1.03 0.533 1.139 0.397 0.823 0.812 1.061 1.02 0.948 0.603 1.103 0.942 1.009
573 0.586 1.059 0.629 1.105 0.63 1.12 0.829 1.04 0.551 1.136 0.434 0.801 0.694 1.066 0.965 1.018 0.545 1.078 0.888 1.041
574 0.52 0.946 0.624 1.058 0.585 1.129 0.731 0.974 0.5 1.101 0.453 0.769 0.617 1.007 0.892 1.054 0.542 1.067 0.785 0.999
575 0.49 0.827 0.637 0.941 0.523 1.1 0.681 0.863 0.439 1.042 0.435 0.705 0.602 0.914 0.804 1.02 0.508 0.952 0.735 0.875
576 0.459 0.735 0.69 0.969 0.46 1.109 0.656 0.752 0.413 0.971 0.438 0.672 0.571 0.835 0.727 0.916 0.493 0.847 0.694 0.786
577 0.45 0.68 0.656 0.84 0.383 1.121 0.613 0.655 0.394 0.91 0.47 0.663 0.602 0.781 0.748 0.839 0.479 0.752 0.593 0.693
578 0.521 0.657 0.65 0.745 0.308 1.125 0.535 0.63 0.356 0.879 0.511 0.627 0.616 0.712 0.709 0.75 0.457 0.686 0.522 0.656
579 0.474 0.592 0.655 0.615 0.237 1.133 0.495 0.575 0.312 0.925 0.455 0.568 0.632 0.613 0.678 0.67 0.449 0.672 0.539 0.632
580 0.44 0.549 0.637 0.501 0.182 1.155 0.453 0.488 0.237 0.996 0.422 0.537 0.589 0.508 0.656 0.584 0.412 0.663 0.528 0.588
581 0.423 0.475 0.569 0.407 0.158 1.163 0.433 0.414 0.161 1.09 0.368 0.455 0.533 0.41 0.69 0.526 0.404 0.555 0.55 0.549
582 0.379 0.39 0.489 0.389 0.148 1.156 0.411 0.284 0.141 1.141 0.315 0.373 0.442 0.3 0.745 0.505 0.402 0.469 0.643 0.531
583 0.339 0.295 0.42 0.358 0.151 1.166 0.363 0.172 0.127 1.143 0.262 0.292 0.452 0.181 0.764 0.446 0.366 0.354 0.713 0.515
584 0.282 0.208 0.365 0.263 0.156 1.142 0.273 0.206 0.162 1.085 0.242 0.236 0.492 0.12 0.775 0.375 0.331 0.258 0.749 0.478
585 0.225 0.202 0.239 0.327 0.167 1.083 0.208 0.153 0.146 1.014 0.182 0.223 0.492 0.161 0.771 0.306 0.207 0.317 0.762 0.43
586 0.149 0.169 0.162 0.428 0.138 1.037 0.122 0.126 0.107 0.958 0.097 0.225 0.3 0.256 0.7 0.264 0.107 0.381 0.746 0.389
587 0.092 0.152 0.106 0.527 0.12 0.978 0.063 0.1 0.083 0.899 0.052 0.229 0.135 0.225 0.622 0.262 0.075 0.454 0.714 0.353
588 0.048 0.113 0.057 0.592 0.098 0.912 0.063 0.061 0.066 0.831 0.033 0.265 0.056 0.243 0.557 0.258 0.048 0.513 0.674 0.326
589 0.055 0.078 0.046 0.657 0.085 0.833 0.05 0.052 0.054 0.768 0.057 0.4 0.095 0.417 0.532 0.287 0.088 0.596 0.632 0.309
590 0.047 0.064 0.063 0.701 0.086 0.753 0.047 0.057 0.048 0.72 0.065 0.517 0.081 0.609 0.511 0.331 0.094 0.715 0.601 0.292
591 0.061 0.064 0.078 0.692 0.072 0.752 0.082 0.034 0.104 0.713 0.075 0.606 0.047 0.653 0.462 0.398 0.133 0.714 0.56 0.3
592 0.109 0.047 0.078 0.63 0.111 0.8 0.172 0.069 0.202 0.673 0.125 0.593 0.054 0.581 0.383 0.433 0.207 0.606 0.514 0.338
593 0.194 0.079 0.085 0.549 0.124 0.853 0.239 0.102 0.273 0.562 0.226 0.56 0.046 0.531 0.36 0.507 0.295 0.549 0.484 0.372
594 0.249 0.095 0.096 0.489 0.139 0.908 0.3 0.086 0.292 0.532 0.271 0.442 0.054 0.468 0.345 0.51 0.298 0.442 0.451 0.394
595 0.329 0.084 0.093 0.398 0.184 0.854 0.381 0.098 0.345 0.478 0.238 0.345 0.066 0.427 0.414 0.421 0.362 0.363 0.418 0.394
596 0.399 0.092 0.084 0.374 0.219 0.69 0.448 0.113 0.408 0.456 0.254 0.253 0.063 0.436 0.463 0.376 0.397 0.369 0.439 0.335
597 0.473 0.115 0.077 0.314 0.265 0.577 0.519 0.131 0.434 0.413 0.362 0.206 0.161 0.421 0.523 0.321 0.379 0.351 0.536 0.275
598 0.543 0.133 0.057 0.249 0.364 0.509 0.601 0.125 0.514 0.423 0.472 0.175 0.221 0.317 0.598 0.184 0.392 0.316 0.585 0.166
599 0.579 0.065 0.05 0.18 0.468 0.49 0.693 0.118 0.614 0.439 0.579 0.114 0.236 0.216 0.695 0.155 0.438 0.275 0.596 0.119
600 0.636 0.066 0.058 0.11 0.576 0.478 0.698 0.072 0.689 0.451 0.501 0.078 0.25 0.139 0.729 0.253 0.485 0.235 0.679 0.117
601 0.69 0.043 0.101 0.061 0.691 0.473 0.698 0.07 0.731 0.427 0.531 0.174 0.251 0.084 0.751 0.37 0.548 0.236 0.745 0.184
602 0.646 0.056 0.155 0.073 0.743 0.426 0.758 0.098 0.82 0.462 0.643 0.248 0.341 0.088 0.83 0.427 0.587 0.277 0.771 0.311
603 0.699 0.103 0.22 0.077 0.804 0.454 0.849 0.123 0.889 0.514 0.725 0.296 0.461 0.113 0.917 0.415 0.645 0.318 0.781 0.391
604 0.775 0.114 0.299 0.075 0.897 0.497 0.947 0.107 0.953 0.559 0.812 0.329 0.551 0.116 0.978 0.369 0.676 0.369 0.868 0.418
605 0.858 0.117 0.386 0.074 0.987 0.56 1.012 0.129 1.026 0.594 0.916 0.263 0.628 0.136 1.032 0.272 0.693 0.397 0.973 0.366
606 0.912 0.112 0.47 0.074 1.033 0.652 1.11 0.109 1.091 0.612 0.969 0.166 0.767 0.142 1.075 0.19 0.729 0.41 1.037 0.251
607 1.0 0.091 0.551 0.054 1.159 0.613 1.092 0.14 1.146 0.579 0.969 0.131 0.884 0.097 1.111 0.209 0.789 0.438 1.133 0.251
608 0.956 0.053 0.637 0.059 1.15 0.513 1.024 0.093 1.128 0.45 1.005 0.139 0.942 0.115 1.141 0.329 0.831 0.449 1.114 0.398
609 0.977 0.065 0.714 0.075 1.137 0.44 0.995 0.104 1.113 0.426 1.063 0.236 0.995 0.133 1.064 0.398 0.875 0.468 1.065 0.43
610 0.999 0.129 0.784 0.099 1.136 0.336 1.058 0.118 1.08 0.327 1.058 0.321 1.019 0.212 1.072 0.327 0.896 0.499 1.033 0.432
611 0.987 0.2 0.852 0.103 1.15 0.232 1.113 0.162 1.117 0.225 0.971 0.342 1.074 0.231 1.055 0.263 0.888 0.541 1.083 0.399
612 0.989 0.163 0.906 0.116 1.164 0.153 1.127 0.118 1.143 0.12 0.969 0.253 1.019 0.259 1.081 0.304 0.87 0.57 1.055 0.479
613 0.95 0.107 0.913 0.136 1.16 0.1 1.111 0.035 1.121 0.064 1.027 0.263 1.042 0.377 1.086 0.384 0.851 0.587 1.037 0.556
614 1.012 0.085 0.871 0.168 1.086 0.149 1.01 0.045 1.123 0.056 1.064 0.288 1.011 0.455 1.02 0.425 0.814 0.596 0.992 0.619
615 0.962 0.051 0.766 0.322 1.053 0.191 1.03 0.043 1.093 0.046 1.042 0.257 0.968 0.491 0.94 0.435 0.785 0.614 0.976 0.669
616 0.898 0.056 0.671 0.456 0.931 0.283 0.983 0.042 1.007 0.067 0.894 0.293 0.957 0.553 0.89 0.396 0.781 0.648 0.964 0.732
617 0.793 0.076 0.575 0.484 0.83 0.367 0.892 0.081 0.956 0.047 0.816 0.326 0.981 0.634 0.741 0.411 0.755 0.686 0.969 0.788
618 0.749 0.054 0.479 0.456 0.731 0.421 0.815 0.07 0.929 0.044 0.677 0.323 0.988 0.732 0.621 0.433 0.751 0.723 1.02 0.791
619 0.696 0.048 0.47 0.37 0.646 0.467 0.763 0.048 0.89 0.059 0.554 0.292 0.924 0.739 0.535 0.406 0.768 0.751 1.019 0.853
620 0.638 0.057 0.429 0.305 0.561 0.474 0.705 0.073 0.917 0.106 0.481 0.306 0.875 0.816 0.508 0.355 0.794 0.792 1.008 0.921
621 0.605 0.047 0.402 0.336 0.518 0.448 0.631 0.066 0.955 0.118 0.443 0.332 0.901 0.85 0.391 0.383 0.811 0.84 0.968 0.974
622 0.6 0.05 0.407 0.43 0.465 0.545 0.584 0.094 0.978 0.16 0.429 0.43 0.876 0.866 0.371 0.47 0.832 0.866 0.934 1.009
623 0.588 0.099 0.407 0.303 0.654 0.748 0.461 0.173 0.975 0.229 0.491 0.602 0.955 0.924 0.439 0.638 0.858 0.893 0.889 1.035
624 0.465 0.151 0.408 0.212 0.79 0.871 0.409 0.184 0.956 0.294 0.615 0.761 1.024 0.902 0.511 0.794 0.9 0.884 0.833 1.027
625 0.385 0.154 0.326 0.153 0.842 0.946 0.332 0.083 0.953 0.348 0.728 0.854 1.043 0.811 0.568 0.908 0.942 0.859 0.775 1.022
626 0.31 0.165 0.269 0.213 0.779 1.035 0.261 0.044 0.965 0.405 0.768 0.935 1.013 0.708 0.645 0.982 0.976 0.863 0.704 1.015
627 0.278 0.221 0.195 0.264 0.735 1.016 0.217 0.047 0.991 0.457 0.723 0.983 0.993 0.603 0.686 0.98 1.001 0.902 0.694 1.047
628 0.216 0.273 0.21 0.356 0.8 0.951 0.143 0.036 1.01 0.507 0.647 0.926 1.052 0.531 0.558 0.98 1.023 0.909 0.668 1.019
629 0.264 0.367 0.305 0.408 0.885 0.879 0.087 0.035 1.064 0.452 0.571 0.865 1.054 0.531 0.41 0.844 1.066 0.905 0.555 0.956
630 0.352 0.367 0.422 0.398 0.951 0.834 0.082 0.159 1.079 0.385 0.487 0.773 1.079 0.471 0.3 0.699 1.089 0.897 0.454 0.867
631 0.431 0.346 0.449 0.352 1.037 0.883 0.081 0.27 1.068 0.316 0.418 0.724 1.091 0.407 0.264 0.537 1.117 0.873 0.361 0.752
632 0.46 0.447 0.55 0.363 1.1 0.877 0.09 0.371 1.005 0.259 0.375 0.637 1.079 0.339 0.269 0.381 1.132 0.839 0.299 0.584
633 0.621 0.443 0.671 0.412 1.121 0.811 0.172 0.432 0.898 0.265 0.334 0.568 1.048 0.288 0.408 0.366 1.118 0.78 0.315 0.454
634 0.791 0.436 0.747 0.361 1.109 0.732 0.28 0.448 0.781 0.295 0.348 0.505 1.025 0.265 0.563 0.354 1.092 0.73 0.39 0.385
635 0.844 0.403 0.652 0.355 1.116 0.692 0.385 0.381 0.701 0.314 0.41 0.444 0.968 0.261 0.632 0.338 1.046 0.617 0.507 0.344
636 0.735 0.418 0.637 0.336 1.083 0.649 0.48 0.374 0.644 0.322 0.478 0.403 0.931 0.267 0.604 0.325 1.05 0.545 0.581 0.339
637 0.671 0.552 0.658 0.414 1.056 0.618 0.45 0.276 0.701 0.383 0.56 0.326 0.9 0.286 0.655 0.336 0.949 0.566 0.601 0.329
638 0.528 0.657 0.63 0.57 1.019 0.605 0.366 0.423 0.641 0.475 0.549 0.455 0.842 0.291 0.684 0.404 0.695 0.618 0.575 0.369
639 0.383 0.703 0.458 0.661 0.984 0.602 0.326 0.53 0.524 0.536 0.444 0.534 0.762 0.385 0.753 0.45 0.49 0.672 0.491 0.448
640 0.282 0.696 0.335 0.706 0.946 0.607 0.274 0.642 0.403 0.599 0.346 0.619 0.621 0.394 0.78 0.514 0.411 0.684 0.369 0.5
641 0.212 0.71 0.245 0.696 0.915 0.616 0.197 0.63 0.242 0.573 0.237 0.637 0.545 0.411 0.753 0.571 0.315 0.695 0.236 0.522
642 0.148 0.74 0.192 0.711 0.87 0.625 0.107 0.534 0.135 0.496 0.148 0.647 0.519 0.487 0.632 0.619 0.241 0.652 0.112 0.489
643 0.107 0.867 0.118 0.768 0.824 0.62 0.058 0.593 0.106 0.46 0.076 0.73 0.456 0.543 0.544 0.627 0.241 0.543 0.075 0.432
644 0.039 0.885 0.073 0.833 0.774 0.635 0.057 0.697 0.104 0.553 0.064 0.831 0.346 0.596 0.404 0.618 0.323 0.511 0.082 0.489
645 0.068 0.916 0.085 0.906 0.735 0.66 0.035 0.775 0.086 0.719 0.045 0.89 0.264 0.688 0.306 0.607 0.335 0.437 0.069 0.53
646 0.134 0.986 0.175 0.96 0.702 0.682 0.05 0.853 0.084 0.842 0.075 0.92 0.207 0.677 0.172 0.601 0.272 0.357 0.083 0.619
647 0.221 0.939 0.293 0.94 0.672 0.713 0.085 0.908 0.129 0.918 0.08 0.923 0.193 0.762 0.161 0.482 0.2 0.327 0.083 0.709
648 0.187 0.897 0.345 0.959 0.63 0.726 0.098 0.873 0.105 0.999 0.085 0.909 0.189 0.827 0.147 0.35 0.134 0.25 0.07 0.786
649 0.248 0.865 0.373 1.009 0.595 0.73 0.062 0.881 0.192 1.045 0.134 0.918 0.144 0.828 0.179 0.225 0.141 0.149 0.069 0.854
650 0.325 0.829 0.379 1.045 0.558 0.738 0.035 0.896 0.206 1.135 0.2 0.901 0.126 0.881 0.259 0.141 0.243 0.088 0.09 0.89
651 0.41 0.859 0.356 1.117 0.525 0.743 0.051 0.964 0.201 1.155 0.197 1.001 0.151 0.881 0.363 0.106 0.373 0.069 0.169 0.96
652 0.435 0.936 0.32 1.147 0.489 0.765 0.041 1.016 0.294 1.12 0.167 1.074 0.183 0.984 0.407 0.062 0.489 0.074 0.14 1.022
653 0.435 1.011 0.326 1.146 0.45 0.775 0.08 1.063 0.286 1.145 0.258 1.134 0.218 1.089 0.494 0.097 0.623 0.087 0.144 1.076
654 0.469 1.058 0.369 1.147 0.417 0.801 0.125 1.122 0.3 1.131 0.291 1.151 0.22 1.133 0.605 0.09 0.756 0.105 0.176 1.137
655 0.52 1.074 0.44 1.168 0.386 0.839 0.147 1.119 0.381 1.138 0.243 1.12 0.214 1.112 0.649 0.06 0.866 0.136 0.173 1.152
656 0.577 1.05 0.526 1.14 0.361 0.876 0.112 1.098 0.461 1.139 0.303 1.096 0.243 1.103 0.729 0.059 0.976 0.176 0.154 1.142
657 0.65 1.02 0.583 1.169 0.327 0.906 0.107 1.045 0.555 1.1 0.361 1.102 0.325 1.106 0.83 0.068 1.049 0.265 0.081 1.101
658 0.711 0.979 0.639 1.172 0.312 0.93 0.106 0.958 0.63 1.133 0.427 1.121 0.428 1.15 0.914 0.105 1.042 0.389 0.089 0.999
659 0.762 0.924 0.699 1.157 0.311 0.965 0.128 0.876 0.631 1.159 0.537 1.099 0.542 1.162 0.989 0.128 0.978 0.534 0.144 0.929
660 0.797 0.873 0.717 1.134 0.351 0.995 0.172 0.777 0.685 1.159 0.596 1.116 0.639 1.138 1.025 0.131 0.936 0.676 0.27 0.924
661 0.849 0.865 0.756 1.103 0.393 1.014 0.231 0.719 0.682 1.129 0.676 1.086 0.662 1.118 1.038 0.266 0.906 0.798 0.377 0.899
662 0.901 0.912 0.876 1.037 0.419 1.021 0.294 0.659 0.757 1.111 0.776 1.024 0.739 1.056 1.05 0.407 0.871 0.868 0.517 0.87
663 0.97 0.956 0.922 0.977 0.445 1.034 0.41 0.679 0.87 1.105 0.873 0.968 0.823 1.033 1.041 0.538 0.904 0.9 0.686 0.909
664 1.049 0.904 0.987 0.998 0.449 1.049 0.553 0.706 0.964 1.122 0.92 0.917 0.881 1.037 1.01 0.625 0.957 0.864 0.783 0.932
665 1.076 0.808 1.062 0.944 0.505 1.071 0.706 0.779 1.02 1.064 0.95 0.774 0.899 1.002 0.96 0.703 0.972 0.781 0.819 0.969
666 1.083 0.703 1.093 0.863 0.512 1.092 0.707 0.828 1.098 1.026 0.939 0.727 0.893 0.933 0.966 0.705 0.96 0.745 0.785 0.815
667 1.074 0.646 1.131 0.753 0.521 1.109 0.661 0.703 1.138 0.924 0.941 0.726 0.862 0.84 0.905 0.669 0.958 0.73 0.846 0.783
668 1.05 0.603 1.163 0.683 0.546 1.084 0.762 0.637 1.157 0.845 0.92 0.698 0.88 0.784 0.833 0.648 0.979 0.741 0.887 0.708
669 1.007 0.569 1.152 0.586 0.582 1.082 0.827 0.599 1.152 0.788 0.861 0.639 0.884 0.728 0.845 0.596 0.993 0.654 0.837 0.653
670 0.986 0.481 1.143 0.529 0.625 1.056 0.794 0.528 1.143 0.706 0.816 0.579 0.952 0.701 0.87 0.504 1.023 0.573 0.764 0.635
671 1.04 0.37 1.154 0.43 0.661 1.042 0.731 0.482 1.155 0.609 0.759 0.507 1.029 0.675 0.864 0.381 1.064 0.47 0.686 0.566
672 1.037 0.291 1.158 0.309 0.698 1.032 0.63 0.465 1.154 0.515 0.665 0.5 1.074 0.64 0.815 0.321 1.111 0.425 0.609 0.464
673 1.054 0.258 1.174 0.262 0.732 1.026 0.565 0.42 1.151 0.409 0.622 0.462 1.109 0.57 0.694 0.272 1.057 0.381 0.526 0.454
674 1.094 0.21 1.16 0.314 0.765 1.024 0.512 0.399 1.145 0.323 0.555 0.423 1.127 0.51 0.6 0.223 1.001 0.321 0.496 0.433
675 1.064 0.143 1.123 0.242 0.802 1.008 0.443 0.37 1.146 0.287 0.504 0.389 1.105 0.436 0.547 0.212 0.939 0.279 0.414 0.415
676 0.918 0.113 1.104 0.162 0.832 0.977 0.37 0.355 1.035 0.254 0.437 0.365 1.115 0.383 0.509 0.148 0.84 0.266 0.323 0.397
677 0.85 0.081 1.131 0.123 0.851 0.937 0.264 0.346 0.98 0.111 0.382 0.363 1.115 0.333 0.52 0.068 0.733 0.247 0.318 0.419
678 0.754 0.086 1.104 0.043 0.853 0.899 0.227 0.41 0.887 0.047 0.338 0.412 1.122 0.26 0.621 0.061 0.639 0.238 0.309 0.486
679 0.684 0.077 0.992 0.06 0.854 0.866 0.194 0.469 0.805 0.046 0.318 0.492 1.079 0.174 0.65 0.07 0.564 0.303 0.34 0.564
680 0.65 0.066 0.96 0.05 0.866 0.821 0.17 0.568 0.673 0.051 0.346 0.566 0.995 0.128 0.574 0.187 0.52 0.398 0.395 0.615
681 0.534 0.145 0.868 0.047 0.868 0.77 0.102 0.637 0.552 0.049 0.423 0.605 0.955 0.08 0.578 0.358 0.494 0.498 0.487 0.601
682 0.453 0.28 0.746 0.069 0.868 0.741 0.113 0.748 0.464 0.098 0.511 0.584 0.884 0.064 0.518 0.409 0.482 0.548 0.559 0.644
683 0.388 0.371 0.618 0.062 0.858 0.702 0.172 0.847 0.387 0.152 0.596 0.626 0.877 0.046 0.444 0.442 0.488 0.573 0.635 0.699
684 0.373 0.409 0.504 0.093 0.853 0.68 0.315 0.864 0.323 0.272 0.662 0.699 0.886 0.05 0.383 0.483 0.517 0.626 0.829 0.755
685 0.334 0.418 0.397 0.115 0.853 0.647 0.487 0.833 0.297 0.387 0.757 0.716 0.878 0.053 0.439 0.626 0.512 0.701 0.941 0.759
686 0.323 0.547 0.284 0.123 0.839 0.588 0.684 0.773 0.348 0.463 0.864 0.697 0.814 0.14 0.52 0.723 0.603 0.75 1.03 0.794
687 0.361 0.64 0.196 0.098 0.83 0.548 0.775 0.679 0.478 0.507 0.873 0.627 0.735 0.229 0.627 0.76 0.718 0.729 1.049 0.885
688 0.432 0.7 0.128 0.086 0.814 0.487 0.782 0.562 0.501 0.478 0.808 0.543 0.671 0.312 0.723 0.753 0.791 0.699 1.032 0.985
689 0.515 0.747 0.083 0.057 0.76 0.437 0.722 0.456 0.583 0.486 0.824 0.446 0.6 0.384 0.81 0.704 0.861 0.664 0.947 1.042
690 0.601 0.775 0.055 0.03 0.741 0.382 0.704 0.508 0.567 0.443 0.863 0.421 0.656 0.375 0.88 0.655 0.927 0.59 0.822 1.026
691 0.681 0.73 0.031 0.096 0.664 0.374 0.856 0.518 0.517 0.492 0.895 0.392 0.518 0.366 0.929 0.593 0.982 0.572 0.716 0.951
692 0.733 0.666 0.016 0.199 0.55 0.362 0.98 0.529 0.502 0.548 0.897 0.375 0.43 0.344 0.998 0.541 1.058 0.583 0.676 0.88
693 0.813 0.624 0.134 0.301 0.428 0.33 1.101 0.489 0.501 0.62 0.877 0.358 0.324 0.305 1.096 0.548 1.117 0.624 0.655 0.797
694 0.875 0.664 0.238 0.307 0.326 0.323 1.124 0.541 0.546 0.692 0.863 0.337 0.277 0.238 1.141 0.554 1.103 0.583 0.635 0.744
695 0.878 0.764 0.25 0.192 0.269 0.247 1.001 0.593 0.594 0.68 0.869 0.307 0.279 0.136 1.138 0.489 1.005 0.62 0.61 0.73
696 0.826 0.814 0.309 0.101 0.275 0.169 0.874 0.645 0.554 0.632 0.878 0.282 0.366 0.086 1.054 0.403 0.907 0.68 0.685 0.773
697 0.817 0.87 0.425 0.103 0.324 0.093 0.79 0.702 0.511 0.599 0.893 0.255 0.513 0.115 1.01 0.313 0.841 0.748 0.767 0.822
698 0.865 0.922 0.553 0.121 0.447 0.091 0.687 0.747 0.471 0.585 0.891 0.222 0.611 0.1 0.967 0.26 0.863 0.806 0.814 0.877
699 0.868 0.994 0.627 0.075 0.53 0.088 0.581 0.723 0.511 0.643 0.914 0.182 0.658 0.062 0.909 0.237 0.931 0.84 0.822 0.954
700 0.873 1.07 0.689 0.073 0.531 0.07 0.562 0.671 0.524 0.68 0.928 0.149 0.737 0.051 0.908 0.196 0.998 0.904 0.809 1.02
701 0.959 1.077 0.754 0.059 0.639 0.074 0.622 0.694 0.514 0.675 0.932 0.124 0.801 0.067 0.925 0.157 1.029 0.894 0.843 1.081
702 1.016 1.056 0.819 0.08 0.652 0.066 0.69 0.728 0.505 0.686 0.945 0.088 0.869 0.097 0.9 0.1 1.022 1.005 0.916 1.101
703 1.024 1.066 0.814 0.092 0.775 0.073 0.75 0.796 0.581 0.75 0.979 0.066 0.86 0.095 0.939 0.101 1.109 1.066 0.956 1.132
704 1.1 1.07 0.856 0.071 0.731 0.068 0.819 0.851 0.692 0.846 1.032 0.084 0.88 0.068 0.992 0.099 1.14 1.035 0.994 1.149
705 1.136 1.018 0.934 0.094 0.643 0.073 0.873 0.911 0.794 0.942 1.083 0.066 0.984 0.1 1.018 0.165 1.112 0.925 0.968 1.146
706 1.108 0.97 0.961 0.17 0.682 0.145 0.924 0.948 0.861 1.053 1.119 0.063 0.977 0.141 0.973 0.187 1.133 0.847 0.913 1.114
707 1.111 0.862 0.804 0.233 0.733 0.299 0.984 0.936 0.795 1.123 1.145 0.086 0.853 0.214 0.91 0.232 1.112 0.769 0.839 1.098
708 1.089 0.773 0.742 0.347 0.64 0.42 1.035 0.964 0.684 1.134 1.151 0.122 0.767 0.298 0.835 0.348 1.088 0.635 0.774 1.106
709 1.101 0.656 0.647 0.377 0.536 0.442 1.064 1.002 0.597 1.099 1.147 0.171 0.694 0.382 0.737 0.413 1.065 0.528 0.701 1.123
710 1.112 0.542 0.598 0.439 0.549 0.593 1.075 1.064 0.521 1.098 1.149 0.2 0.636 0.391 0.604 0.487 1.079 0.434 0.638 1.104
711 1.095 0.439 0.591 0.568 0.559 0.811 1.061 1.12 0.451 1.143 1.148 0.227 0.555 0.442 0.566 0.65 1.087 0.322 0.538 1.094
712 1.085 0.328 0.561 0.712 0.487 0.98 1.011 1.142 0.358 1.129 1.146 0.26 0.498 0.576 0.54 0.805 1.065 0.241 0.434 1.114
713 1.139 0.292 0.513 0.842 0.393 1.047 0.935 1.141 0.294 1.162 1.125 0.241 0.438 0.724 0.475 0.925 0.996 0.204 0.329 1.121
714 1.139 0.321 0.451 0.946 0.268 1.056 0.873 1.143 0.183 1.123 1.115 0.191 0.404 0.863 0.405 1.0 0.922 0.164 0.254 1.133
715 1.13 0.365 0.347 1.005 0.137 1.061 0.808 1.127 0.112 1.148 0.994 0.164 0.321 0.922 0.296 1.034 0.854 0.168 0.193 1.148
716 1.109 0.386 0.235 1.036 0.081 1.12 0.737 1.128 0.081 1.141 0.902 0.132 0.227 0.922 0.184 1.059 0.776 0.217 0.128 1.138
717 1.096 0.425 0.156 1.07 0.059 1.113 0.652 1.122 0.062 1.171 0.802 0.154 0.154 0.932 0.116 1.12 0.697 0.204 0.077 1.118
718 1.088 0.458 0.082 1.046 0.055 1.018 0.59 1.117 0.061 1.139 0.721 0.223 0.096 0.946 0.103 1.118 0.634 0.178 0.08 1.088
719 1.078 0.486 0.117 0.978 0.102 0.982 0.518 1.124 0.086 1.083 0.659 0.291 0.071 0.933 0.094 1.037 0.549 0.21 0.067 1.0
720 1.068 0.512 0.118 0.886 0.112 0.977 0.44 1.125 0.105 1.037 0.557 0.282 0.065 0.875 0.154 0.999 0.511 0.28 0.07 0.961
721 1.061 0.547 0.141 0.81 0.148 0.899 0.37 1.137 0.125 0.988 0.484 0.196 0.07 0.815 0.203 1.001 0.442 0.269 0.083 0.888
722 1.057 0.579 0.193 0.692 0.19 0.773 0.305 1.137 0.107 0.922 0.431 0.134 0.092 0.693 0.28 0.943 0.416 0.208 0.092 0.799
723 1.046 0.605 0.228 0.589 0.221 0.655 0.251 1.105 0.083 0.868 0.378 0.193 0.079 0.631 0.33 0.873 0.307 0.193 0.097 0.731
724 1.016 0.64 0.25 0.482 0.236 0.538 0.181 1.11 0.09 0.779 0.305 0.267 0.123 0.546 0.328 0.747 0.243 0.212 0.11 0.652
725 0.988 0.651 0.241 0.385 0.25 0.439 0.128 1.151 0.13 0.651 0.293 0.357 0.155 0.448 0.313 0.576 0.195 0.292 0.143 0.553
726 0.97 0.676 0.188 0.362 0.229 0.37 0.077 1.174 0.136 0.522 0.354 0.407 0.168 0.397 0.325 0.45 0.206 0.335 0.124 0.468
727 0.961 0.717 0.204 0.335 0.207 0.383 0.067 1.113 0.166 0.437 0.346 0.413 0.204 0.41 0.354 0.461 0.198 0.278 0.116 0.408
728 0.964 0.753 0.186 0.272 0.188 0.351 0.065 1.05 0.218 0.375 0.391 0.366 0.239 0.395 0.29 0.458 0.153 0.23 0.154 0.409
729 0.968 0.792 0.143 0.234 0.206 0.283 0.07 0.985 0.269 0.286 0.361 0.339 0.32 0.356 0.23 0.447 0.104 0.208 0.128 0.333
730 0.947 0.835 0.106 0.202 0.185 0.193 0.071 0.924 0.203 0.202 0.313 0.247 0.318 0.316 0.174 0.501 0.079 0.157 0.083 0.26
731 0.908 0.863 0.085 0.15 0.09 0.188 0.068 0.859 0.267 0.124 0.25 0.172 0.289 0.255 0.146 0.462 0.072 0.101 0.065 0.218
732 0.868 0.883 0.07 0.103 0.094 0.17 0.065 0.812 0.188 0.06 0.269 0.143 0.304 0.204 0.256 0.393 0.052 0.047 0.076 0.236
733 0.837 0.897 0.058 0.054 0.095 0.099 0.064 0.748 0.098 0.071 0.228 0.102 0.269 0.159 0.294 0.289 0.077 0.034 0.139 0.257
734 0.794 0.897 0.042 0.053 0.117 0.102 0.06 0.679 0.124 0.07 0.138 0.104 0.185 0.146 0.286 0.177 0.075 0.039 0.197 0.173
735 0.75 0.891 0.062 0.038 0.087 0.13 0.057 0.619 0.105 0.133 0.172 0.115 0.154 0.188 0.244 0.103 0.116 0.035 0.132 0.252
736 0.723 0.863 0.116 0.047 0.052 0.219 0.066 0.553 0.09 0.247 0.097 0.131 0.17 0.252 0.214 0.053 0.145 0.07 0.119 0.361
737 0.677 0.824 0.18 0.03 0.058 0.325 0.065 0.49 0.112 0.37 0.065 0.24 0.191 0.358 0.244 0.05 0.143 0.151 0.105 0.466
738 0.648 0.801 0.231 0.048 0.05 0.353 0.146 0.522 0.058 0.427 0.047 0.329 0.168 0.425 0.322 0.074 0.126 0.249 0.128 0.454
739 0.61 0.789 0.301 0.069 0.05 0.4 0.227 0.586 0.071 0.424 0.062 0.362 0.129 0.47 0.327 0.146 0.102 0.349 0.156 0.554
740 0.572 0.79 0.312 0.136 0.071 0.515 0.193 0.688 0.116 0.483 0.056 0.29 0.117 0.512 0.279 0.268 0.11 0.417 0.2 0.639
741 0.517 0.776 0.329 0.206 0.079 0.593 0.166 0.749 0.127 0.64 0.057 0.227 0.183 0.643 0.295 0.373 0.142 0.503 0.239 0.708
742 0.469 0.769 0.31 0.271 0.075 0.678 0.162 0.814 0.106 0.766 0.054 0.175 0.181 0.737 0.344 0.419 0.131 0.596 0.215 0.81
743 0.429 0.771 0.262 0.385 0.062 0.742 0.18 0.892 0.089 0.867 0.047 0.12 0.164 0.825 0.366 0.473 0.094 0.685 0.21 0.908
744 0.389 0.805 0.189 0.527 0.085 0.821 0.21 1.002 0.04 0.911 0.045 0.072 0.147 0.913 0.298 0.595 0.07 0.749 0.241 0.973
745 0.386 0.846 0.14 0.637 0.07 0.848 0.268 1.063 0.082 1.01 0.067 0.04 0.132 0.987 0.193 0.725 0.059 0.754 0.31 0.957
746 0.398 0.889 0.066 0.679 0.077 0.911 0.349 1.022 0.142 1.028 0.106 0.033 0.221 1.052 0.096 0.788 0.072 0.839 0.383 0.97
747 0.441 0.921 0.067 0.75 0.1 0.978 0.429 1.035 0.232 1.095 0.18 0.05 0.325 0.972 0.076 0.881 0.124 0.911 0.394 0.974
748 0.476 0.932 0.086 0.831 0.133 1.035 0.485 1.093 0.293 1.135 0.243 0.07 0.413 0.951 0.16 0.983 0.2 0.957 0.473 0.991
749 0.507 0.937 0.069 0.907 0.122 1.102 0.548 1.125 0.397 1.138 0.306 0.09 0.471 1.022 0.273 1.057 0.284 1.004 0.509 1.073
750 0.536 0.937 0.058 0.971 0.16 1.139 0.644 1.097 0.496 1.132 0.36 0.09 0.501 1.114 0.399 1.078 0.384 0.992 0.568 1.1
751 0.566 0.933 0.105 1.042 0.23 1.12 0.72 1.024 0.541 1.099 0.415 0.077 0.555 1.068 0.471 1.099 0.463 0.993 0.667 1.062
752 0.6 0.931 0.17 1.111 0.29 1.078 0.801 0.959 0.666 1.01 0.459 0.049 0.677 0.97 0.541 1.061 0.551 0.965 0.745 0.993
753 0.6 0.912 0.271 1.133 0.374 1.038 0.846 0.897 0.775 0.902 0.502 0.036 0.767 0.872 0.625 0.994 0.591 0.944 0.822 0.924
754 0.695 0.837 0.39 1.113 0.463 1.013 0.869 0.791 0.792 0.849 0.556 0.039 0.85 0.778 0.647 0.906 0.574 0.921 0.863 0.88
755 0.761 0.735 0.485 1.092 0.54 0.999 0.896 0.647 0.796 0.796 0.616 0.057 0.854 0.67 0.691 0.823 0.606 0.902 0.925 0.808
756 0.775 0.613 0.548 0.974 0.613 0.99 0.876 0.494 0.835 0.748 0.675 0.055 0.848 0.57 0.745 0.747 0.638 0.876 0.931 0.704
757 0.782 0.482 0.66 0.866 0.664 1.005 0.83 0.351 0.857 0.661 0.737 0.072 0.847 0.456 0.791 0.65 0.657 0.856 0.887 0.574
758 0.789 0.381 0.667 0.818 0.732 0.974 0.818 0.23 0.827 0.581 0.796 0.092 0.857 0.329 0.775 0.568 0.72 0.734 0.835 0.446
759 0.808 0.249 0.658 0.776 0.771 0.91 0.817 0.171 0.835 0.512 0.872 0.156 0.861 0.227 0.739 0.504 0.763 0.587 0.839 0.311
760 0.858 0.193 0.649 0.741 0.801 0.852 0.881 0.154 0.849 0.414 0.952 0.145 0.916 0.176 0.759 0.384 0.849 0.48 0.897 0.218
761 0.91 0.139 0.665 0.702 0.825 0.768 0.91 0.097 0.928 0.325 1.055 0.141 1.004 0.123 0.821 0.291 0.948 0.37 0.971 0.168
762 0.937 0.118 0.697 0.679 0.87 0.722 0.96 0.095 1.006 0.289 1.128 0.136 1.102 0.114 0.885 0.247 1.077 0.321 1.009 0.108
763 0.99 0.036 0.728 0.669 0.914 0.674 1.012 0.047 1.081 0.215 1.167 0.163 1.172 0.103 0.987 0.237 1.162 0.245 1.092 0.072
764 1.041 0.047 0.785 0.675 0.975 0.638 1.059 0.047 1.106 0.159 1.148 0.164 1.122 0.159 1.06 0.188 1.166 0.169 1.131 0.118
765 1.092 0.052 0.848 0.643 0.999 0.548 1.121 0.029 1.08 0.122 1.129 0.189 1.127 0.116 1.085 0.168 1.161 0.111 1.109 0.081
766 1.096 0.076 0.895 0.594 1.017 0.404 1.127 0.059 1.057 0.128 1.078 0.17 1.156 0.072 1.059 0.142 1.168 0.062 1.109 0.069
767 1.088 0.039 0.933 0.51 1.024 0.313 1.135 0.071 1.013 0.159 1.009 0.278 1.153 0.123 1.041 0.254 1.146 0.04 1.119 0.054
768 1.009 0.186 0.951 0.456 0.967 0.315 1.125 0.158 0.938 0.246 0.96 0.305 1.144 0.201 1.028 0.251 1.146 0.089 1.086 0.063
769 1.103 0.295 0.946 0.407 0.889 0.325 1.138 0.235 0.863 0.308 0.877 0.314 1.142 0.289 1.019 0.327 1.101 0.199 1.094 0.039
770 1.105 0.391 0.919 0.389 0.855 0.406 1.165 0.213 0.774 0.358 0.831 0.406 1.153 0.373 0.958 0.393 1.076 0.272 1.116 0.106
771 1.086 0.465 0.89 0.391 0.884 0.465 1.135 0.269 0.707 0.389 0.79 0.491 1.162 0.444 0.919 0.392 1.065 0.334 1.106 0.221
772 0.999 0.541 0.844 0.468 0.865 0.554 1.125 0.42 0.658 0.45 0.757 0.588 1.148 0.524 0.867 0.408 1.031 0.414 1.134 0.285
773 0.895 0.594 0.805 0.56 0.804 0.645 1.098 0.499 0.609 0.508 0.794 0.624 1.131 0.603 0.843 0.418 0.973 0.467 1.116 0.371
774 0.896 0.657 0.859 0.64 0.864 0.692 1.124 0.536 0.562 0.505 0.817 0.635 1.154 0.642 0.814 0.438 0.897 0.468 1.032 0.48
775 0.96 0.695 0.869 0.687 0.96 0.727 1.142 0.577 0.601 0.509 0.82 0.687 1.142 0.715 0.772 0.463 0.843 0.438 0.989 0.608
776 1.066 0.798 0.901 0.76 0.987 0.802 1.136 0.635 0.616 0.562 0.841 0.771 1.156 0.765 0.738 0.47 0.78 0.425 1.023 0.746
777 1.086 0.913 0.874 0.878 1.003 0.902 1.136 0.675 0.595 0.633 0.858 0.798 1.141 0.826 0.705 0.465 0.728 0.433 1.039 0.913
778 1.072 1.026 0.899 0.982 0.95 1.002 1.128 0.747 0.615 0.7 0.901 0.856 1.132 0.877 0.67 0.467 0.688 0.478 0.992 1.044
779 1.032 1.112 0.863 1.072 0.889 1.087 1.104 0.841 0.643 0.754 0.965 0.923 1.116 0.93 0.643 0.491 0.638 0.511 0.894 1.12
780 0.918 1.136 0.781 1.081 0.802 1.084 1.051 0.931 0.654 0.813 1.026 0.978 1.116 1.005 0.634 0.532 0.597 0.6 0.764 1.136
781 0.815 1.147 0.67 1.078 0.731 1.085 1.071 1.004 0.618 0.854 1.03 1.073 1.083 1.073 0.627 0.585 0.632 0.738 0.721 1.151
782 0.699 1.139 0.584 1.084 0.684 1.104 1.106 1.047 0.562 0.877 0.895 1.12 1.053 1.129 0.625 0.644 0.633 0.876 0.607 1.126
783 0.603 1.14 0.469 1.057 0.647 1.117 1.134 1.053 0.51 0.923 0.764 1.111 1.006 1.149 0.625 0.687 0.583 0.973 0.483 1.113
784 0.554 1.147 0.367 1.013 0.639 1.146 1.138 1.084 0.436 0.934 0.67 1.119 0.923 1.149 0.618 0.74 0.478 1.004 0.373 1.052
785 0.496 1.154 0.281 0.939 0.581 1.119 1.02 1.102 0.377 0.95 0.653 1.083 0.853 1.149 0.59 0.779 0.39 1.017 0.275 1.055
786 0.395 1.136 0.217 0.843 0.489 1.123 0.871 1.089 0.332 0.929 0.586 0.997 0.785 1.147 0.554 0.801 0.276 0.949 0.193 1.091
787 0.351 1.009 0.23 0.746 0.397 1.089 0.829 1.127 0.322 0.829 0.514 0.926 0.714 1.148 0.516 0.798 0.205 0.835 0.112 1.069
788 0.249 0.93 0.194 0.652 0.34 1.032 0.72 1.122 0.327 0.714 0.49 0.833 0.658 1.139 0.488 0.76 0.141 0.751 0.093 0.977
789 0.181 0.817 0.137 0.583 0.248 0.921 0.652 1.106 0.322 0.625 0.489 0.748 0.587 1.126 0.484 0.728 0.087 0.682 0.068 0.864
790 0.142 0.684 0.055 0.561 0.186 0.819 0.543 1.05 0.312 0.549 0.471 0.7 0.524 1.07 0.489 0.688 0.073 0.58 0.072 0.739
791 0.157 0.545 0.067 0.424 0.157 0.703 0.502 1.091 0.314 0.474 0.451 0.617 0.454 1.048 0.488 0.656 0.073 0.485 0.112 0.606
792 0.193 0.423 0.096 0.346 0.156 0.6 0.41 1.107 0.34 0.418 0.427 0.515 0.36 1.028 0.483 0.619 0.072 0.378 0.138 0.499
793 0.231 0.313 0.152 0.264 0.125 0.512 0.352 1.046 0.378 0.399 0.438 0.434 0.311 0.977 0.459 0.565 0.059 0.265 0.136 0.39
794 0.254 0.187 0.214 0.202 0.087 0.513 0.32 0.987 0.419 0.323 0.462 0.36 0.259 0.944 0.453 0.517 0.094 0.172 0.135 0.309
795 0.287 0.1 0.205 0.08 0.061 0.445 0.281 0.877 0.414 0.23 0.449 0.299 0.188 0.924 0.455 0.464 0.13 0.079 0.168 0.192
796 0.262 0.044 0.225 0.033 0.053 0.38 0.175 0.837 0.398 0.185 0.416 0.219 0.122 0.904 0.457 0.408 0.176 0.045 0.228 0.11
797 0.271 0.052 0.261 0.04 0.18 0.24 0.08 0.849 0.36 0.129 0.385 0.171 0.073 0.874 0.455 0.359 0.25 0.068 0.317 0.101
798 0.289 0.061 0.237 0.038 0.255 0.145 0.078 0.728 0.355 0.115 0.321 0.141 0.059 0.8 0.463 0.334 0.253 0.047 0.342 0.067
799 0.293 0.097 0.216 0.048 0.268 0.133 0.109 0.573 0.355 0.073 0.331 0.088 0.06 0.719 0.461 0.288 0.261 0.042 0.372 0.049
800 0.34 0.044 0.18 0.033 0.191 0.216 0.08 0.525 0.389 0.09 0.388 0.128 0.05 0.645 0.488 0.247 0.298 0.058 0.386 0.059
801 0.421 0.054 0.123 0.048 0.151 0.346 0.074 0.461 0.397 0.144 0.43 0.189 0.043 0.58 0.519 0.239 0.328 0.051 0.464 0.086
802 0.481 0.075 0.103 0.172 0.099 0.359 0.131 0.413 0.451 0.203 0.488 0.252 0.044 0.509 0.558 0.225 0.38 0.068 0.545 0.168
803 0.545 0.09 0.115 0.281 0.141 0.31 0.129 0.491 0.498 0.263 0.53 0.312 0.046 0.443 0.608 0.227 0.448 0.086 0.631 0.212
804 0.536 0.068 0.078 0.242 0.158 0.392 0.223 0.507 0.535 0.312 0.571 0.355 0.04 0.375 0.654 0.249 0.506 0.066 0.682 0.286
805 0.562 0.127 0.054 0.199 0.306 0.403 0.322 0.469 0.565 0.347 0.609 0.378 0.038 0.312 0.59 0.312 0.509 0.075 0.702 0.259
806 0.594 0.101 0.049 0.156 0.37 0.417 0.462 0.402 0.476 0.365 0.644 0.381 0.047 0.252 0.611 0.371 0.545 0.11 0.735 0.269
807 0.649 0.159 0.05 0.108 0.45 0.408 0.529 0.461 0.57 0.355 0.69 0.4 0.046 0.2 0.653 0.379 0.533 0.199 0.79 0.402
808 0.684 0.221 0.156 0.1 0.511 0.478 0.603 0.555 0.663 0.439 0.745 0.444 0.043 0.138 0.713 0.42 0.482 0.257 0.852 0.559
809 0.716 0.295 0.263 0.109 0.549 0.547 0.63 0.676 0.695 0.568 0.782 0.525 0.048 0.083 0.782 0.472 0.527 0.427 0.894 0.68
810 0.75 0.37 0.375 0.166 0.611 0.611 0.654 0.655 0.736 0.675 0.817 0.595 0.097 0.062 0.802 0.57 0.577 0.546 0.945 0.797
811 0.776 0.427 0.476 0.208 0.687 0.656 0.714 0.687 0.83 0.749 0.808 0.678 0.166 0.068 0.878 0.624 0.698 0.606 0.992 0.901
812 0.75 0.493 0.567 0.23 0.746 0.696 0.759 0.712 0.806 0.746 0.855 0.722 0.238 0.068 0.908 0.653 0.781 0.64 1.024 0.925
813 0.759 0.573 0.655 0.24 0.817 0.695 0.82 0.773 0.862 0.853 0.844 0.704 0.289 0.074 0.937 0.682 0.842 0.621 1.044 0.954
814 0.759 0.615 0.744 0.221 0.808 0.628 0.901 0.823 0.967 0.914 0.911 0.633 0.36 0.071 0.96 0.613 0.888 0.577 1.043 0.985
815 0.788 0.464 0.785 0.17 0.862 0.542 1.004 0.839 1.026 0.962 0.877 0.539 0.422 0.061 0.97 0.55 0.905 0.489 1.027 1.006
816 0.803 0.297 0.814 0.128 0.838 0.447 1.084 0.885 1.004 1.006 0.9 0.427 0.488 0.049 0.988 0.489 0.892 0.392 1.013 1.035
817 0.802 0.163 0.801 0.084 0.781 0.348 1.135 0.929 0.953 1.045 0.86 0.351 0.55 0.044 0.996 0.452 0.883 0.321 1.016 1.06
818 0.7 0.103 0.738 0.077 0.722 0.275 1.148 0.893 0.939 1.084 0.815 0.323 0.621 0.051 0.935 0.482 0.856 0.252 1.026 1.067
819 0.639 0.095 0.674 0.054 0.652 0.209 1.105 0.779 0.901 1.037 0.793 0.449 0.639 0.083 0.852 0.541 0.879 0.181 1.021 1.044
820 0.521 0.17 0.723 0.043 0.566 0.196 1.059 0.665 0.978 0.937 0.783 0.542 0.557 0.113 0.777 0.559 0.888 0.112 1.01 1.03
821 0.454 0.149 0.786 0.031 0.487 0.232 1.032 0.581 1.052 0.841 0.726 0.551 0.494 0.121 0.851 0.618 0.8 0.093 1.005 0.996
822 0.416 0.161 0.853 0.05 0.479 0.292 1.022 0.48 1.125 0.764 0.672 0.558 0.409 0.088 0.946 0.665 0.707 0.119 1.012 0.966
823 0.345 0.247 0.91 0.081 0.465 0.363 1.019 0.344 1.129 0.646 0.616 0.576 0.322 0.069 1.062 0.676 0.603 0.101 1.064 0.888
824 0.332 0.283 0.954 0.117 0.393 0.399 1.032 0.215 1.144 0.539 0.575 0.615 0.306 0.154 1.052 0.565 0.514 0.135 1.08 0.817
825 0.299 0.35 1.011 0.099 0.354 0.393 1.064 0.105 1.143 0.461 0.595 0.665 0.314 0.258 0.928 0.483 0.491 0.244 1.084 0.766
826 0.271 0.407 1.059 0.043 0.37 0.387 1.082 0.036 1.091 0.367 0.647 0.685 0.328 0.325 0.812 0.415 0.449 0.335 1.098 0.745
827 0.222 0.433 1.119 0.05 0.385 0.413 1.119 0.045 0.97 0.336 0.694 0.691 0.37 0.318 0.676 0.389 0.401 0.351 1.118 0.712
828 0.188 0.491 1.123 0.076 0.306 0.418 1.121 0.035 0.798 0.313 0.729 0.736 0.368 0.291 0.55 0.365 0.393 0.343 1.11 0.653
829 0.134 0.549 1.138 0.155 0.224 0.462 1.129 0.101 0.647 0.271 0.704 0.782 0.266 0.34 0.475 0.31 0.375 0.386 1.089 0.599
830 0.087 0.595 1.131 0.237 0.154 0.521 1.136 0.182 0.514 0.212 0.652 0.799 0.195 0.458 0.456 0.279 0.356 0.454 1.053 0.566
831 0.142 0.695 1.136 0.31 0.127 0.64 1.132 0.258 0.473 0.102 0.599 0.809 0.15 0.542 0.399 0.234 0.281 0.543 1.02 0.534
832 0.214 0.792 1.123 0.385 0.161 0.757 1.133 0.33 0.378 0.051 0.569 0.794 0.166 0.659 0.453 0.154 0.265 0.664 1.027 0.488
833 0.257 0.873 1.078 0.442 0.18 0.875 1.113 0.394 0.29 0.035 0.505 0.785 0.172 0.757 0.551 0.128 0.312 0.767 1.035 0.474
834 0.301 0.943 1.051 0.457 0.209 0.982 1.057 0.457 0.195 0.032 0.442 0.819 0.205 0.838 0.628 0.139 0.305 0.862 1.043 0.506
835 0.348 1.031 1.038 0.477 0.296 1.032 1.055 0.459 0.117 0.042 0.389 0.887 0.227 0.939 0.675 0.068 0.28 0.943 1.058 0.596
