time X0 Y0 X1 Y1 X2 Y2 X3 Y3 X4 Y4 X5 Y5 X6 Y6 X7 Y7 X8 Y8 X9 Y9
285 0.084 1.025 0.822125 0.32025000000000003 0.757 0.448 0.886 0.415 0.423 0.831 0.801 0.454 0.783 0.45 0.376 0.099 0.794 0.259 0.841 0.603
286 0.088 1.032 0.844 0.522 0.721 0.569 0.914 0.519 0.36 0.699 0.793 0.578 0.718 0.725 0.266 0.067 0.797 0.332 0.78 0.87
287 0.105 1.041 0.847 0.606 0.644 0.66 0.903 0.629 0.349 0.585 0.753 0.7 0.545 0.763 0.17 0.055 0.769 0.434 0.757 0.87
288 0.15 1.043 0.752 0.689 0.539 0.691 0.842 0.744 0.363 0.49 0.731 0.794 0.395 0.65 0.06 0.049 0.709 0.506 0.762 0.846
289 0.2 1.043 0.718 0.767 0.439 0.618 0.79 0.814 0.295 0.361 0.759 0.83 0.286 0.486 0.075 0.039 0.61 0.475 0.8 0.873
290 0.235 1.057 0.739 0.812 0.36 0.517 0.789 0.871 0.211 0.223 0.76 0.818 0.215 0.322 0.062 0.064 0.48 0.416 0.834 0.929
291 0.273 1.077 0.741 0.797 0.375 0.441 0.762 0.915 0.183 0.079 0.764 0.828 0.158 0.167 0.129 0.095 0.37 0.323 0.755 1.004
292 0.309 1.081 0.748 0.834 0.303 0.347 0.712 0.928 0.223 0.049 0.734 0.846 0.167 0.056 0.165 0.052 0.306 0.237 0.633 1.057
293 0.348 1.091 0.704 0.875 0.25 0.245 0.598 0.954 0.279 0.037 0.659 0.924 0.229 0.063 0.248 0.042 0.25 0.162 0.528 1.122
294 0.384 1.109 0.651 0.916 0.197 0.171 0.507 1.035 0.332 0.059 0.571 1.001 0.307 0.086 0.293 0.062 0.255 0.107 0.414 1.135
295 0.328 1.064 0.621 0.949 0.1 0.177 0.463 1.074 0.411 0.065 0.537 1.092 0.351 0.081 0.364 0.048 0.258 0.057 0.374 1.092
296 0.245 0.969 0.608 0.964 0.073 0.255 0.401 1.061 0.493 0.053 0.453 1.092 0.475 0.056 0.433 0.037 0.306 0.055 0.322 1.046
297 0.178 0.859 0.556 0.999 0.078 0.369 0.346 0.963 0.611 0.045 0.365 1.018 0.595 0.082 0.542 0.043 0.379 0.046 0.264 0.965
298 0.151 0.754 0.489 0.996 0.067 0.483 0.265 0.854 0.696 0.04 0.272 0.888 0.687 0.096 0.647 0.039 0.447 0.044 0.2 0.878
299 0.194 0.644 0.436 0.955 0.095 0.573 0.246 0.723 0.784 0.075 0.239 0.784 0.745 0.084 0.76 0.039 0.528 0.04 0.188 0.809
300 0.132 0.653 0.41 0.897 0.118 0.587 0.206 0.623 0.873 0.073 0.244 0.663 0.799 0.078 0.838 0.036 0.594 0.05 0.186 0.721
301 0.157 0.604 0.392 0.852 0.093 0.572 0.187 0.563 0.918 0.047 0.217 0.56 0.886 0.033 0.913 0.047 0.661 0.069 0.17 0.654
302 0.191 0.58 0.365 0.82 0.076 0.542 0.181 0.507 0.995 0.048 0.18 0.472 0.896 0.108 0.943 0.084 0.754 0.082 0.236 0.599
303 0.231 0.526 0.33 0.773 0.099 0.456 0.248 0.514 1.057 0.053 0.229 0.451 1.03 0.122 1.033 0.099 0.849 0.054 0.213 0.697
304 0.246 0.594 0.305 0.708 0.16 0.401 0.262 0.537 1.139 0.04 0.261 0.471 1.15 0.077 1.108 0.061 0.959 0.062 0.169 0.743
305 0.221 0.685 0.297 0.685 0.227 0.436 0.268 0.575 1.161 0.039 0.288 0.56 1.173 0.088 1.15 0.042 1.048 0.059 0.132 0.794
306 0.151 0.769 0.249 0.68 0.253 0.49 0.227 0.659 1.173 0.06 0.271 0.611 1.151 0.129 1.177 0.106 1.108 0.09 0.127 0.867
307 0.145 0.852 0.198 0.852 0.252 0.541 0.201 0.687 1.158 0.114 0.253 0.656 1.125 0.187 1.181 0.16 1.085 0.165 0.149 0.917
308 0.165 0.953 0.179 0.981 0.223 0.603 0.185 0.736 1.083 0.147 0.255 0.708 1.15 0.245 1.18 0.202 1.024 0.207 0.134 0.989
309 0.286 0.955 0.172 1.07 0.225 0.682 0.173 0.801 1.012 0.21 0.246 0.76 1.168 0.305 1.171 0.288 0.958 0.228 0.096 1.03
310 0.456 0.841 0.23 1.1 0.273 0.727 0.178 0.826 1.025 0.319 0.254 0.819 1.155 0.37 1.179 0.371 0.956 0.274 0.109 1.075
311 0.609 0.727 0.278 1.139 0.342 0.7 0.211 0.8 1.062 0.416 0.248 0.865 1.121 0.426 1.178 0.468 0.996 0.315 0.174 1.11
312 0.755 0.63 0.289 1.156 0.363 0.643 0.247 0.798 1.121 0.492 0.273 0.925 1.151 0.479 1.143 0.526 1.058 0.33 0.224 1.155
313 0.885 0.559 0.312 1.099 0.454 0.588 0.282 0.795 1.097 0.599 0.299 0.943 1.112 0.564 1.113 0.621 1.104 0.347 0.279 1.156
314 0.99 0.506 0.358 1.014 0.563 0.578 0.316 0.795 1.108 0.688 0.347 0.925 1.083 0.649 1.153 0.715 1.125 0.266 0.317 1.099
315 1.063 0.374 0.411 0.927 0.702 0.523 0.323 0.797 1.136 0.726 0.388 0.886 1.108 0.741 1.164 0.808 1.145 0.281 0.385 1.068
316 1.111 0.34 0.431 0.874 0.86 0.418 0.339 0.808 1.159 0.812 0.48 0.805 1.148 0.847 1.176 0.909 1.111 0.328 0.459 1.097
317 1.092 0.375 0.481 0.899 1.019 0.36 0.363 0.788 1.157 0.896 0.554 0.69 1.143 0.959 1.172 1.006 1.143 0.358 0.501 1.149
318 1.12 0.392 0.524 0.936 1.092 0.431 0.404 0.809 1.13 0.98 0.532 0.717 1.146 1.027 1.136 1.096 1.15 0.44 0.559 1.148
319 1.117 0.496 0.563 0.972 1.101 0.497 0.474 0.837 1.142 1.059 0.449 0.792 1.126 1.124 1.097 1.151 1.139 0.544 0.621 1.142
320 1.132 0.586 0.592 1.018 1.083 0.568 0.518 1.006 1.123 1.133 0.48 0.78 1.02 1.158 0.98 1.119 1.127 0.646 0.653 1.143
321 1.133 0.695 0.622 1.056 1.054 0.637 0.575 1.08 1.025 1.139 0.509 0.808 0.913 1.16 0.791 1.102 1.078 0.74 0.714 1.125
322 1.115 0.791 0.683 1.109 1.03 0.735 0.645 1.084 0.93 1.127 0.526 0.841 0.814 1.158 0.775 1.136 1.027 0.816 0.697 1.1
323 1.087 0.855 0.638 1.112 0.999 0.817 0.583 1.072 0.847 1.143 0.547 0.869 0.828 1.123 0.785 1.142 1.001 0.891 0.774 1.156
324 1.046 0.917 0.594 1.106 1.015 0.905 0.547 0.966 0.892 1.146 0.559 0.883 0.849 1.117 0.796 1.139 1.016 0.954 0.72 1.128
325 1.03 0.964 0.558 1.1 0.982 0.962 0.647 0.976 0.96 1.114 0.588 0.899 0.902 1.143 0.714 1.113 0.99 1.002 0.642 1.149
326 1.018 1.01 0.529 1.101 0.954 0.998 0.79 1.006 1.04 1.118 0.614 0.888 0.977 1.085 0.628 1.126 0.977 1.063 0.54 1.171
327 1.041 1.056 0.504 1.099 1.003 1.034 0.892 0.996 1.119 1.13 0.619 0.853 1.036 1.078 0.55 1.125 0.983 1.065 0.458 1.165
328 1.103 1.055 0.46 1.118 1.047 0.998 0.966 1.032 1.145 1.086 0.631 0.83 1.084 1.059 0.53 1.093 1.015 1.059 0.348 1.171
329 1.154 1.025 0.405 1.137 1.025 1.009 1.02 1.006 1.158 1.048 0.655 0.81 1.122 1.015 0.457 1.128 1.056 1.037 0.259 1.168
330 1.163 0.947 0.336 1.137 1.117 1.052 1.104 1.022 1.136 1.039 0.697 0.821 1.152 0.951 0.394 1.13 1.101 1.119 0.224 1.14
331 1.163 0.858 0.267 1.132 1.136 1.088 1.018 1.045 1.159 1.089 0.732 0.837 1.145 0.893 0.323 1.091 1.116 1.113 0.131 1.176
332 1.156 0.773 0.203 1.143 1.144 1.113 0.947 0.952 1.151 1.144 0.759 0.851 1.129 0.82 0.255 1.103 1.077 1.147 0.06 1.157
333 1.113 0.742 0.141 1.137 1.174 1.084 0.929 0.874 1.12 1.117 0.805 0.852 1.083 0.767 0.196 1.135 0.989 1.131 0.059 1.099
334 1.095 0.682 0.107 1.111 1.16 0.98 0.988 0.806 1.068 1.128 0.814 0.828 1.07 0.727 0.134 1.137 0.901 1.135 0.058 1.046
335 1.143 0.636 0.075 1.071 1.146 0.882 1.062 0.799 1.019 1.125 0.837 0.788 1.07 0.686 0.1 1.056 0.827 1.124 0.071 1.005
336 1.165 0.565 0.062 1.044 1.074 0.85 1.136 0.771 0.973 1.105 0.871 0.724 1.117 0.655 0.097 1.001 0.766 1.117 0.128 0.904
337 1.16 0.488 0.064 1.0 1.085 0.894 1.142 0.648 0.921 1.099 0.901 0.681 1.132 0.621 0.082 0.927 0.7 1.096 0.203 0.78
338 1.175 0.447 0.061 0.974 1.123 0.948 1.143 0.575 0.927 1.058 0.92 0.637 1.116 0.556 0.08 0.852 0.647 1.114 0.256 0.676
339 1.163 0.363 0.063 0.948 1.146 1.027 1.147 0.543 0.894 1.04 0.902 0.614 1.159 0.441 0.074 0.772 0.563 1.102 0.351 0.577
340 1.149 0.287 0.072 0.914 1.115 1.087 1.135 0.446 0.858 1.076 0.888 0.579 1.151 0.343 0.127 0.743 0.539 1.1 0.43 0.511
341 1.127 0.208 0.062 0.883 1.007 1.09 1.131 0.346 0.822 1.105 0.898 0.54 1.091 0.282 0.129 0.736 0.509 1.074 0.527 0.399
342 1.095 0.129 0.067 0.86 0.89 1.079 1.095 0.29 0.771 1.124 0.936 0.487 1.088 0.18 0.159 0.766 0.467 1.102 0.657 0.402
343 1.011 0.088 0.06 0.811 0.818 1.09 1.08 0.218 0.712 1.143 0.967 0.436 1.103 0.11 0.22 0.775 0.494 1.154 0.794 0.358
344 0.918 0.142 0.064 0.777 0.716 1.091 0.989 0.182 0.647 1.133 1.006 0.366 0.992 0.082 0.254 0.732 0.556 1.152 0.911 0.236
345 0.908 0.177 0.071 0.729 0.686 1.1 0.909 0.218 0.646 1.156 1.041 0.309 0.897 0.13 0.281 0.685 0.593 1.139 0.891 0.207
346 0.879 0.163 0.079 0.688 0.686 1.083 0.809 0.239 0.726 1.14 1.076 0.266 0.805 0.167 0.374 0.733 0.596 1.157 0.793 0.169
347 0.904 0.119 0.074 0.641 0.676 1.058 0.711 0.244 0.821 1.116 1.116 0.236 0.764 0.111 0.424 0.873 0.632 1.152 0.71 0.098
348 0.945 0.063 0.073 0.594 0.635 1.079 0.667 0.186 0.93 1.107 1.152 0.217 0.694 0.076 0.479 0.972 0.642 1.117 0.684 0.047
349 0.896 0.033 0.084 0.55 0.631 1.093 0.651 0.122 1.005 1.155 1.167 0.175 0.602 0.078 0.555 1.057 0.577 1.103 0.569 0.079
350 0.77 0.067 0.093 0.52 0.612 1.02 0.546 0.136 1.061 1.096 1.162 0.135 0.505 0.076 0.522 1.057 0.607 1.085 0.467 0.07
351 0.679 0.044 0.126 0.485 0.675 1.048 0.427 0.141 1.029 1.033 1.162 0.105 0.435 0.073 0.534 0.987 0.61 1.058 0.363 0.105
352 0.587 0.054 0.179 0.473 0.656 1.066 0.338 0.169 0.994 0.969 1.15 0.079 0.385 0.072 0.607 0.979 0.624 1.09 0.284 0.175
353 0.436 0.051 0.206 0.457 0.647 1.116 0.292 0.202 0.937 0.934 1.105 0.075 0.309 0.109 0.652 1.066 0.617 1.119 0.244 0.279
354 0.354 0.069 0.249 0.426 0.717 1.123 0.299 0.315 0.858 0.973 1.074 0.082 0.268 0.181 0.675 1.108 0.594 1.155 0.243 0.381
355 0.249 0.043 0.239 0.466 0.77 1.116 0.318 0.436 0.808 1.042 1.046 0.085 0.275 0.287 0.769 1.1 0.561 1.149 0.239 0.393
356 0.188 0.105 0.196 0.539 0.787 1.067 0.331 0.542 0.827 1.086 1.026 0.097 0.334 0.35 0.734 1.059 0.509 1.12 0.214 0.417
357 0.213 0.197 0.133 0.596 0.786 0.983 0.39 0.695 0.842 1.034 1.007 0.115 0.381 0.464 0.675 1.066 0.447 1.1 0.183 0.36
358 0.262 0.241 0.104 0.664 0.746 0.923 0.509 0.795 0.917 1.016 0.985 0.127 0.462 0.626 0.596 1.049 0.379 1.054 0.19 0.298
359 0.333 0.214 0.145 0.739 0.692 0.854 0.621 0.864 0.964 1.016 0.95 0.15 0.577 0.759 0.517 1.047 0.318 1.006 0.219 0.246
360 0.431 0.21 0.217 0.803 0.686 0.859 0.678 0.911 1.054 0.984 0.931 0.161 0.624 0.82 0.437 0.968 0.288 0.969 0.269 0.231
361 0.536 0.16 0.278 0.887 0.735 0.935 0.631 0.94 1.107 0.997 0.91 0.173 0.542 0.877 0.381 0.895 0.283 0.91 0.318 0.206
362 0.535 0.07 0.3 0.891 0.732 0.984 0.517 0.923 1.142 0.972 0.892 0.197 0.48 0.949 0.32 0.906 0.313 0.948 0.377 0.16
363 0.558 0.026 0.285 0.932 0.614 1.013 0.45 1.004 1.133 0.847 0.868 0.207 0.39 0.952 0.32 0.965 0.371 0.994 0.44 0.123
364 0.611 0.045 0.237 0.995 0.505 1.052 0.401 1.048 1.162 0.757 0.838 0.203 0.357 0.95 0.264 1.016 0.352 0.995 0.507 0.113
365 0.669 0.057 0.174 1.034 0.42 1.086 0.363 1.086 1.142 0.643 0.811 0.2 0.289 0.965 0.211 1.068 0.261 1.014 0.571 0.094
366 0.759 0.029 0.102 1.048 0.366 1.146 0.297 1.054 1.16 0.502 0.788 0.187 0.244 0.968 0.157 1.099 0.192 1.058 0.642 0.075
367 0.819 0.054 0.081 1.078 0.305 1.1 0.209 1.042 1.161 0.363 0.762 0.162 0.165 0.974 0.107 1.124 0.162 1.128 0.671 0.062
368 0.89 0.084 0.112 1.102 0.216 1.135 0.147 1.071 1.165 0.222 0.728 0.146 0.104 1.047 0.099 1.161 0.128 1.161 0.719 0.052
369 0.976 0.036 0.133 1.111 0.154 1.14 0.151 1.116 1.156 0.098 0.724 0.111 0.128 1.111 0.066 1.142 0.141 1.167 0.788 0.051
370 1.072 0.032 0.157 1.13 0.183 1.128 0.172 1.121 1.089 0.073 0.767 0.081 0.149 1.071 0.077 1.066 0.157 1.16 0.859 0.056
371 1.047 0.06 0.191 1.078 0.213 1.103 0.162 0.993 1.116 0.065 0.784 0.072 0.074 0.97 0.057 0.939 0.164 1.142 0.946 0.069
372 1.012 0.061 0.189 0.997 0.172 1.034 0.178 0.908 1.123 0.104 0.797 0.082 0.06 0.892 0.07 0.831 0.176 1.126 1.002 0.065
373 1.002 0.027 0.181 0.878 0.123 1.024 0.202 0.819 1.109 0.176 0.797 0.111 0.072 0.811 0.069 0.718 0.182 1.139 0.957 0.05
374 0.977 0.033 0.231 0.799 0.075 1.01 0.218 0.739 1.12 0.257 0.782 0.133 0.078 0.695 0.088 0.597 0.164 1.136 0.907 0.063
375 0.976 0.073 0.248 0.677 0.092 0.929 0.203 0.64 1.181 0.331 0.763 0.151 0.088 0.594 0.096 0.497 0.141 1.095 0.837 0.051
376 1.003 0.119 0.247 0.54 0.084 0.828 0.222 0.536 1.176 0.429 0.748 0.169 0.103 0.527 0.2 0.46 0.122 1.025 0.755 0.058
377 1.03 0.166 0.364 0.425 0.084 0.731 0.279 0.497 1.18 0.52 0.737 0.192 0.142 0.465 0.305 0.36 0.116 0.927 0.684 0.064
378 1.043 0.197 0.498 0.309 0.083 0.639 0.347 0.459 1.182 0.611 0.721 0.207 0.128 0.413 0.312 0.254 0.118 0.837 0.617 0.065
379 1.043 0.223 0.645 0.259 0.073 0.569 0.35 0.377 1.174 0.699 0.702 0.219 0.107 0.34 0.306 0.187 0.101 0.743 0.534 0.042
380 1.041 0.255 0.71 0.246 0.069 0.497 0.344 0.246 1.156 0.788 0.79 0.308 0.083 0.303 0.327 0.127 0.108 0.642 0.48 0.056
381 1.04 0.282 0.731 0.27 0.058 0.409 0.331 0.178 1.181 0.864 0.937 0.368 0.088 0.24 0.355 0.067 0.141 0.547 0.391 0.041
382 1.037 0.301 0.723 0.291 0.069 0.383 0.3 0.098 1.165 0.875 0.995 0.375 0.121 0.163 0.347 0.062 0.143 0.456 0.426 0.062
383 1.096 0.344 0.755 0.327 0.157 0.307 0.255 0.107 1.145 0.972 1.045 0.325 0.167 0.103 0.276 0.071 0.173 0.363 0.446 0.089
384 1.072 0.332 0.764 0.364 0.189 0.205 0.185 0.079 1.171 1.062 1.073 0.273 0.18 0.124 0.211 0.07 0.246 0.301 0.499 0.106
385 1.09 0.317 0.749 0.387 0.158 0.139 0.144 0.065 1.178 1.135 0.953 0.199 0.196 0.123 0.248 0.108 0.256 0.217 0.547 0.088
386 1.11 0.3 0.729 0.403 0.101 0.176 0.073 0.072 1.105 1.158 0.809 0.167 0.144 0.122 0.322 0.11 0.228 0.129 0.584 0.079
387 1.142 0.291 0.706 0.403 0.062 0.18 0.043 0.127 1.017 1.157 0.673 0.135 0.097 0.126 0.403 0.092 0.174 0.091 0.636 0.069
388 1.167 0.261 0.7 0.415 0.039 0.21 0.043 0.191 0.967 1.144 0.704 0.083 0.09 0.155 0.494 0.094 0.122 0.081 0.542 0.1
389 1.174 0.207 0.699 0.424 0.07 0.258 0.071 0.233 0.883 1.167 0.762 0.163 0.077 0.203 0.434 0.124 0.078 0.094 0.53 0.127
390 1.188 0.157 0.681 0.434 0.106 0.261 0.119 0.253 0.789 1.165 0.82 0.224 0.131 0.244 0.3 0.187 0.092 0.121 0.498 0.202
391 1.186 0.116 0.683 0.443 0.114 0.321 0.145 0.267 0.744 1.159 0.929 0.223 0.198 0.212 0.22 0.225 0.115 0.104 0.445 0.241
392 1.181 0.081 0.644 0.45 0.069 0.389 0.175 0.282 0.647 1.164 0.971 0.147 0.155 0.224 0.291 0.187 0.117 0.11 0.449 0.298
393 1.15 0.045 0.633 0.469 0.087 0.449 0.207 0.268 0.555 1.162 0.957 0.092 0.137 0.232 0.362 0.169 0.157 0.128 0.468 0.348
394 1.105 0.037 0.609 0.487 0.062 0.525 0.249 0.24 0.469 1.121 0.915 0.051 0.128 0.236 0.449 0.173 0.195 0.159 0.458 0.414
395 1.07 0.035 0.604 0.509 0.052 0.628 0.283 0.209 0.409 1.066 0.818 0.065 0.108 0.288 0.454 0.19 0.256 0.17 0.432 0.471
396 1.043 0.044 0.61 0.523 0.06 0.698 0.339 0.213 0.275 1.107 0.745 0.082 0.239 0.358 0.524 0.25 0.3 0.163 0.421 0.538
397 1.017 0.031 0.633 0.543 0.065 0.806 0.433 0.214 0.184 1.176 0.714 0.148 0.38 0.363 0.571 0.318 0.341 0.125 0.378 0.602
398 0.998 0.025 0.641 0.561 0.058 0.914 0.471 0.22 0.091 1.185 0.709 0.227 0.514 0.336 0.552 0.377 0.35 0.084 0.351 0.618
399 0.978 0.03 0.638 0.585 0.054 1.011 0.536 0.248 0.056 1.12 0.668 0.292 0.593 0.354 0.534 0.457 0.319 0.061 0.279 0.672
400 0.957 0.054 0.64 0.614 0.068 1.06 0.599 0.286 0.081 1.08 0.663 0.373 0.618 0.355 0.471 0.531 0.287 0.078 0.204 0.672
401 0.933 0.031 0.652 0.638 0.067 1.015 0.603 0.354 0.114 1.044 0.637 0.427 0.587 0.421 0.372 0.586 0.309 0.123 0.137 0.64
402 0.907 0.029 0.663 0.657 0.065 0.977 0.553 0.47 0.169 0.905 0.645 0.432 0.549 0.537 0.261 0.64 0.354 0.139 0.088 0.648
403 0.884 0.042 0.657 0.682 0.054 0.917 0.526 0.512 0.158 0.779 0.663 0.511 0.425 0.633 0.178 0.678 0.395 0.115 0.072 0.743
404 0.857 0.022 0.631 0.707 0.063 0.838 0.431 0.606 0.09 0.786 0.611 0.578 0.279 0.703 0.138 0.762 0.385 0.071 0.048 0.819
405 0.829 0.036 0.621 0.717 0.112 0.877 0.315 0.686 0.114 0.846 0.539 0.616 0.184 0.753 0.064 0.746 0.341 0.06 0.094 0.882
406 0.819 0.07 0.569 0.736 0.118 0.956 0.248 0.755 0.132 0.906 0.422 0.677 0.141 0.775 0.049 0.664 0.308 0.092 0.076 0.946
407 0.822 0.095 0.54 0.746 0.129 1.012 0.236 0.817 0.134 0.987 0.32 0.748 0.079 0.774 0.036 0.569 0.303 0.142 0.074 1.008
408 0.833 0.125 0.533 0.769 0.142 1.089 0.21 0.924 0.181 1.05 0.262 0.827 0.089 0.869 0.035 0.508 0.295 0.197 0.106 1.063
409 0.812 0.145 0.538 0.746 0.182 1.131 0.165 0.953 0.246 1.087 0.203 0.887 0.106 0.974 0.028 0.423 0.315 0.265 0.147 1.136
410 0.831 0.126 0.519 0.722 0.27 1.126 0.171 1.068 0.275 1.061 0.142 0.921 0.14 1.041 0.05 0.355 0.379 0.294 0.243 1.154
411 0.909 0.156 0.501 0.703 0.313 1.161 0.17 1.133 0.34 1.107 0.103 0.987 0.19 1.044 0.078 0.264 0.42 0.267 0.248 1.109
412 0.937 0.213 0.48 0.715 0.375 1.127 0.249 1.142 0.413 1.113 0.15 1.037 0.268 1.07 0.031 0.166 0.445 0.23 0.294 1.089
413 0.947 0.275 0.467 0.773 0.424 1.124 0.255 1.096 0.469 1.132 0.247 1.031 0.339 1.067 0.029 0.082 0.481 0.191 0.314 1.105
414 0.942 0.33 0.449 0.796 0.482 1.098 0.274 1.082 0.533 1.139 0.324 1.0 0.438 1.087 0.065 0.04 0.522 0.204 0.399 1.069
415 0.941 0.381 0.439 0.824 0.578 1.082 0.296 1.04 0.617 1.119 0.415 0.94 0.501 1.099 0.12 0.04 0.557 0.25 0.504 1.056
416 0.955 0.437 0.45 0.849 0.685 1.113 0.275 0.982 0.737 1.131 0.434 0.866 0.604 1.086 0.155 0.057 0.637 0.299 0.592 1.079
417 0.968 0.488 0.475 0.83 0.72 1.09 0.247 0.922 0.841 1.127 0.471 0.855 0.702 1.129 0.235 0.055 0.716 0.305 0.679 1.098
418 0.97 0.543 0.496 0.816 0.836 1.091 0.353 0.924 0.936 1.148 0.489 0.838 0.791 1.137 0.303 0.066 0.776 0.35 0.762 1.077
419 0.95 0.598 0.488 0.788 0.903 1.095 0.454 0.917 1.02 1.121 0.509 0.8 0.902 1.126 0.339 0.101 0.815 0.421 0.879 1.039
420 0.913 0.647 0.507 0.746 0.992 1.074 0.554 0.9 1.07 1.125 0.555 0.799 1.015 1.132 0.383 0.169 0.853 0.502 1.001 1.058
421 0.921 0.733 0.524 0.723 1.01 1.015 0.654 0.868 1.111 1.121 0.655 0.807 1.1 1.118 0.44 0.255 0.885 0.578 1.092 1.049
422 0.909 0.796 0.534 0.708 1.081 0.966 0.754 0.823 1.163 1.064 0.755 0.783 1.096 1.065 0.569 0.288 0.865 0.649 1.152 1.017
423 0.943 0.857 0.545 0.674 1.113 0.872 0.873 0.82 1.16 0.977 0.828 0.723 1.106 0.995 0.652 0.313 0.897 0.697 1.156 0.927
424 0.99 0.909 0.557 0.647 1.096 0.812 0.908 0.812 1.149 0.896 0.877 0.706 1.145 0.919 0.698 0.399 0.942 0.746 1.125 0.79
425 1.026 0.945 0.584 0.646 1.028 0.736 0.952 0.803 1.15 0.817 0.9 0.732 1.161 0.843 0.734 0.464 0.937 0.785 1.115 0.712
426 1.026 1.001 0.609 0.656 0.961 0.755 0.979 0.834 1.121 0.742 0.943 0.686 1.147 0.773 0.81 0.493 0.901 0.749 1.126 0.631
427 0.998 1.059 0.635 0.662 0.989 0.702 1.03 0.826 1.109 0.645 0.873 0.599 1.116 0.716 0.883 0.464 0.878 0.7 1.085 0.554
428 0.948 1.082 0.651 0.68 1.02 0.642 1.077 0.778 1.084 0.545 0.954 0.517 1.118 0.636 0.973 0.413 0.811 0.68 1.078 0.465
429 0.924 1.068 0.682 0.676 1.034 0.551 1.115 0.73 1.061 0.449 1.027 0.442 1.154 0.569 1.07 0.378 0.794 0.65 1.125 0.41
430 0.901 1.054 0.711 0.663 1.09 0.489 1.154 0.671 1.117 0.351 1.069 0.367 1.175 0.454 1.135 0.33 0.754 0.601 1.144 0.383
431 0.876 1.037 0.682 0.669 1.115 0.428 1.171 0.603 1.134 0.233 1.089 0.293 1.17 0.394 1.122 0.216 0.728 0.655 1.139 0.299
432 0.855 1.033 0.726 0.762 1.091 0.362 1.163 0.536 1.154 0.149 1.067 0.203 1.165 0.334 1.136 0.157 0.747 0.641 1.13 0.199
433 0.826 1.046 0.835 0.758 1.068 0.277 1.17 0.469 1.173 0.092 1.06 0.087 1.155 0.238 1.094 0.063 0.78 0.621 1.11 0.163
434 0.81 1.084 0.904 0.713 1.053 0.18 1.164 0.395 1.118 0.056 0.982 0.077 1.168 0.153 1.004 0.063 0.803 0.592 1.127 0.091
435 0.78 1.117 0.968 0.598 1.014 0.12 1.136 0.346 1.029 0.041 0.923 0.119 1.169 0.093 0.927 0.057 0.818 0.562 1.118 0.029
436 0.719 1.133 0.987 0.485 0.982 0.087 1.094 0.31 0.952 0.052 0.851 0.127 1.104 0.083 0.892 0.056 0.838 0.529 1.04 0.045
437 0.655 1.09 0.992 0.418 0.904 0.147 1.035 0.314 0.881 0.061 0.81 0.181 0.999 0.069 0.841 0.079 0.853 0.464 0.973 0.075
438 0.637 1.039 0.932 0.327 0.811 0.18 1.018 0.357 0.784 0.099 0.822 0.288 0.93 0.077 0.764 0.073 0.863 0.45 0.905 0.096
439 0.599 0.994 0.863 0.355 0.729 0.168 1.006 0.396 0.72 0.073 0.868 0.318 0.852 0.104 0.714 0.048 0.871 0.424 0.831 0.149
440 0.555 0.985 0.88 0.397 0.638 0.166 0.972 0.421 0.637 0.123 0.818 0.332 0.747 0.076 0.661 0.071 0.914 0.427 0.749 0.109
441 0.518 0.984 0.903 0.393 0.549 0.173 0.969 0.421 0.542 0.133 0.772 0.326 0.68 0.054 0.607 0.1 0.934 0.439 0.661 0.083
442 0.495 0.97 0.921 0.414 0.471 0.199 0.995 0.408 0.49 0.119 0.771 0.27 0.605 0.053 0.511 0.07 0.894 0.464 0.624 0.067
443 0.485 0.958 0.929 0.438 0.39 0.192 1.0 0.376 0.401 0.081 0.728 0.187 0.51 0.079 0.464 0.098 0.853 0.43 0.577 0.09
444 0.46 0.933 0.923 0.455 0.312 0.165 0.91 0.294 0.326 0.104 0.592 0.161 0.428 0.11 0.388 0.077 0.801 0.423 0.495 0.096
445 0.436 0.895 0.927 0.487 0.217 0.129 0.771 0.235 0.246 0.101 0.451 0.159 0.366 0.062 0.316 0.086 0.755 0.421 0.369 0.044
446 0.415 0.876 0.925 0.509 0.172 0.118 0.61 0.197 0.156 0.067 0.307 0.19 0.253 0.098 0.265 0.135 0.694 0.427 0.317 0.063
447 0.387 0.87 0.909 0.523 0.088 0.122 0.448 0.178 0.128 0.105 0.224 0.211 0.136 0.144 0.152 0.196 0.628 0.383 0.228 0.099
448 0.341 0.883 0.904 0.549 0.069 0.154 0.312 0.171 0.102 0.114 0.121 0.203 0.06 0.204 0.068 0.237 0.572 0.323 0.13 0.086
449 0.285 0.899 0.899 0.576 0.047 0.199 0.185 0.161 0.083 0.149 0.088 0.21 0.076 0.286 0.076 0.359 0.497 0.277 0.091 0.067
450 0.237 0.889 0.874 0.588 0.049 0.273 0.124 0.147 0.112 0.145 0.091 0.198 0.093 0.301 0.121 0.431 0.425 0.245 0.095 0.054
451 0.205 0.861 0.85 0.588 0.082 0.362 0.128 0.118 0.081 0.25 0.063 0.339 0.167 0.518 0.124 0.545 0.359 0.287 0.093 0.123
452 0.181 0.809 0.84 0.612 0.114 0.428 0.138 0.253 0.107 0.319 0.075 0.388 0.183 0.654 0.161 0.681 0.274 0.321 0.116 0.104
453 0.228 0.777 0.814 0.634 0.103 0.518 0.167 0.319 0.133 0.375 0.112 0.433 0.171 0.769 0.163 0.775 0.206 0.302 0.15 0.188
454 0.214 0.913 0.785 0.635 0.092 0.61 0.192 0.412 0.16 0.478 0.097 0.514 0.151 0.764 0.154 0.893 0.187 0.344 0.147 0.326
455 0.166 0.999 0.788 0.699 0.093 0.697 0.193 0.462 0.19 0.586 0.071 0.592 0.127 0.803 0.144 0.995 0.154 0.459 0.17 0.411
456 0.205 1.076 0.79 0.692 0.072 0.781 0.217 0.594 0.217 0.668 0.048 0.685 0.119 0.857 0.153 1.041 0.167 0.581 0.173 0.471
457 0.264 1.124 0.779 0.711 0.085 0.855 0.257 0.683 0.249 0.715 0.068 0.75 0.115 0.913 0.224 1.094 0.137 0.708 0.231 0.524
458 0.349 1.125 0.743 0.725 0.091 0.905 0.302 0.731 0.219 0.816 0.107 0.801 0.111 0.96 0.288 1.136 0.148 0.844 0.287 0.58
459 0.413 1.087 0.711 0.734 0.103 0.95 0.348 0.783 0.216 0.964 0.147 0.876 0.127 1.014 0.362 1.138 0.214 0.975 0.312 0.654
460 0.469 1.083 0.666 0.755 0.139 1.0 0.396 0.83 0.328 1.018 0.158 0.949 0.108 1.071 0.48 1.123 0.293 1.072 0.286 0.752
461 0.555 1.048 0.622 0.772 0.156 1.023 0.464 0.841 0.542 0.974 0.261 1.026 0.067 1.11 0.588 1.057 0.486 1.088 0.281 0.843
462 0.646 1.018 0.603 0.787 0.208 1.065 0.576 0.794 0.543 0.853 0.415 1.027 0.069 1.153 0.667 0.985 0.589 0.949 0.346 0.897
463 0.749 0.982 0.625 0.754 0.344 1.035 0.603 0.739 0.626 0.8 0.506 1.028 0.074 1.176 0.755 0.916 0.675 0.878 0.43 0.884
464 0.851 0.938 0.748 0.711 0.465 0.973 0.699 0.757 0.638 0.795 0.646 1.018 0.095 1.175 0.843 0.86 0.75 0.76 0.518 0.836
465 0.917 0.861 0.895 0.748 0.572 0.898 0.759 0.753 0.657 0.814 0.739 1.007 0.105 1.174 0.919 0.814 0.888 0.779 0.596 0.815
466 0.944 0.859 0.977 0.761 0.647 0.831 0.816 0.746 0.679 0.822 0.811 0.956 0.121 1.172 0.954 0.815 0.933 0.804 0.665 0.807
467 1.023 0.879 0.966 0.764 0.62 0.842 0.887 0.68 0.766 0.806 0.851 0.889 0.136 1.172 1.011 0.839 0.997 0.863 0.664 0.825
468 1.114 0.886 1.036 0.744 0.584 0.853 0.97 0.682 0.839 0.839 0.897 0.838 0.156 1.171 0.997 0.914 0.971 0.903 0.644 0.824
469 1.137 0.812 1.107 0.756 0.583 0.877 0.994 0.739 0.856 0.89 0.959 0.82 0.172 1.17 1.045 0.943 0.937 0.933 0.609 0.818
470 1.12 0.754 1.133 0.722 0.555 0.859 1.054 0.818 0.882 0.922 1.051 0.837 0.185 1.169 1.104 0.875 0.904 0.984 0.637 0.781
471 1.104 0.754 1.142 0.734 0.538 0.821 1.082 0.767 0.874 0.972 1.101 0.883 0.206 1.169 1.155 0.82 0.961 1.022 0.722 0.809
472 1.021 0.726 1.126 0.759 0.545 0.782 1.026 0.791 0.874 1.026 1.106 0.966 0.22 1.162 1.133 0.778 1.062 0.941 0.823 0.797
473 0.968 0.757 1.072 0.728 0.539 0.785 0.982 0.795 0.897 1.082 1.14 1.059 0.232 1.162 1.072 0.771 1.101 0.894 0.928 0.805
474 0.994 0.756 1.017 0.785 0.514 0.776 1.009 0.894 0.938 1.116 1.109 1.117 0.244 1.161 1.026 0.919 1.133 0.908 0.98 0.824
475 0.939 0.718 1.015 0.898 0.507 0.776 1.045 0.97 0.989 1.103 1.037 1.128 0.254 1.158 1.016 1.043 1.115 1.028 0.926 0.896
476 0.91 0.654 0.986 1.01 0.51 0.777 1.058 1.059 0.982 1.128 1.048 1.111 0.262 1.16 1.03 1.077 1.07 1.125 0.874 0.95
477 0.866 0.589 0.963 1.103 0.535 0.768 1.072 1.097 0.945 1.12 1.081 1.116 0.272 1.163 1.03 1.109 1.147 1.105 0.834 0.999
478 0.817 0.545 0.95 1.145 0.545 0.776 1.068 1.079 0.886 1.12 1.113 1.129 0.294 1.149 1.055 1.131 1.146 1.03 0.802 1.029
479 0.764 0.522 0.892 1.085 0.555 0.762 1.025 1.095 0.876 1.089 1.159 1.056 0.312 1.127 0.985 1.145 1.091 1.021 0.812 1.11
480 0.722 0.51 0.864 0.973 0.544 0.779 0.996 1.081 0.9 1.137 1.151 0.988 0.315 1.12 0.939 1.079 1.034 0.99 0.74 1.116
481 0.685 0.465 0.811 0.858 0.534 0.758 0.988 1.043 0.854 1.138 1.112 0.884 0.331 1.134 0.963 1.036 0.986 0.94 0.681 1.086
482 0.702 0.425 0.706 0.763 0.52 0.742 0.964 1.013 0.803 1.103 1.112 0.822 0.333 1.158 0.947 0.968 0.964 0.855 0.602 1.051
483 0.747 0.422 0.653 0.693 0.534 0.721 0.952 0.979 0.712 1.114 1.069 0.733 0.314 1.161 0.923 0.896 0.928 0.769 0.531 1.027
484 0.757 0.496 0.692 0.646 0.554 0.711 0.943 0.926 0.63 1.127 1.007 0.646 0.293 1.157 0.847 0.802 0.871 0.686 0.522 0.95
485 0.788 0.585 0.803 0.605 0.573 0.702 0.953 0.852 0.54 1.156 0.988 0.602 0.267 1.154 0.795 0.772 0.786 0.701 0.55 0.855
486 0.822 0.624 0.892 0.6 0.6 0.705 1.012 0.818 0.509 1.175 0.954 0.593 0.242 1.155 0.766 0.781 0.706 0.77 0.558 0.769
487 0.812 0.679 0.908 0.619 0.619 0.707 1.069 0.825 0.552 1.112 0.962 0.644 0.216 1.157 0.71 0.793 0.611 0.854 0.577 0.714
488 0.674 0.795 0.964 0.585 0.64 0.712 1.119 0.847 0.569 1.034 0.918 0.744 0.203 1.161 0.62 0.865 0.556 0.928 0.603 0.706
489 0.632 0.895 0.988 0.626 0.648 0.721 1.155 0.858 0.646 1.022 0.797 0.799 0.215 1.168 0.587 0.893 0.573 0.93 0.627 0.737
490 0.699 0.964 1.012 0.684 0.685 0.776 1.164 0.811 0.69 0.991 0.697 0.876 0.227 1.167 0.582 0.95 0.512 0.966 0.651 0.734
491 0.756 0.955 1.007 0.76 0.743 0.794 1.15 0.757 0.783 0.987 0.638 0.944 0.24 1.167 0.526 0.993 0.456 0.885 0.665 0.749
492 0.831 0.967 0.961 0.806 0.796 0.861 1.134 0.704 0.855 0.984 0.549 0.974 0.258 1.165 0.504 1.019 0.489 0.767 0.691 0.745
493 0.888 0.988 0.913 0.855 0.874 0.866 1.092 0.683 0.937 0.957 0.48 0.898 0.271 1.164 0.529 0.991 0.518 0.701 0.71 0.746
494 0.814 0.973 0.954 0.872 0.927 0.918 1.045 0.689 0.964 0.906 0.485 0.788 0.284 1.161 0.565 0.917 0.552 0.642 0.741 0.729
495 0.83 1.001 0.907 0.809 0.928 0.958 0.999 0.715 0.995 0.802 0.534 0.724 0.298 1.142 0.627 0.824 0.667 0.658 0.754 0.702
496 0.854 1.074 0.817 0.769 0.956 0.995 0.958 0.704 1.041 0.76 0.635 0.712 0.315 1.137 0.7 0.767 0.74 0.694 0.769 0.673
497 0.937 1.052 0.812 0.764 0.996 0.98 0.917 0.721 1.1 0.751 0.697 0.689 0.348 1.142 0.754 0.775 0.774 0.661 0.797 0.634
498 0.987 1.0 0.901 0.836 0.995 0.946 0.923 0.771 1.148 0.751 0.767 0.693 0.374 1.152 0.72 0.787 0.801 0.627 0.827 0.621
499 1.026 0.985 0.96 0.886 0.997 0.939 0.935 0.822 1.126 0.849 0.861 0.742 0.406 1.153 0.742 0.825 0.85 0.65 0.852 0.634
500 1.083 0.962 1.006 0.88 1.009 0.964 0.956 0.856 1.1 0.948 0.947 0.778 0.441 1.154 0.793 0.893 0.929 0.691 0.877 0.635
501 1.099 1.02 1.014 0.911 0.981 0.971 0.988 0.876 1.126 0.985 1.013 0.803 0.481 1.143 0.917 0.962 0.993 0.749 0.895 0.652
502 1.126 1.074 1.003 0.947 0.989 0.963 1.007 0.902 1.148 1.039 1.005 0.856 0.577 1.147 0.956 0.958 1.07 0.76 0.913 0.706
503 1.119 1.14 0.989 0.942 0.992 1.011 1.04 0.909 1.115 1.079 1.03 0.847 0.668 1.159 0.965 0.916 1.068 0.779 0.902 0.746
504 1.066 1.135 1.036 0.959 0.954 1.04 1.08 0.91 1.054 1.079 0.995 0.851 0.743 1.161 0.956 0.973 1.081 0.836 0.898 0.779
505 1.069 1.081 1.022 1.006 0.916 1.094 1.089 0.904 1.051 1.035 0.977 0.987 0.811 1.149 0.948 1.054 1.13 0.893 0.908 0.802
506 1.104 1.013 1.036 0.985 0.892 1.097 1.116 0.906 1.043 1.025 0.968 1.013 0.892 1.132 0.93 1.115 1.142 0.92 0.944 0.8
507 1.15 0.964 1.0 0.91 0.853 1.074 1.112 0.947 1.066 0.978 0.966 0.957 0.852 1.097 0.969 1.126 1.14 0.921 0.976 0.823
508 1.149 1.02 1.011 0.844 0.813 1.037 1.14 0.982 1.054 0.909 0.99 0.932 0.787 1.036 1.052 1.112 1.077 0.884 0.994 0.844
509 1.171 1.073 1.03 0.877 0.806 0.984 1.144 1.067 1.091 0.848 1.019 0.947 0.739 1.072 1.15 1.095 1.115 0.832 1.024 0.776
510 1.177 1.124 1.043 0.865 0.856 0.915 1.166 1.067 1.171 0.944 1.059 0.942 0.729 1.111 1.161 1.13 1.152 0.851 1.03 0.717
511 1.174 1.124 1.062 0.89 0.951 0.903 1.13 1.119 1.171 1.049 1.155 1.034 0.664 1.135 1.15 1.137 1.167 0.91 1.028 0.671
512 1.12 1.118 1.046 0.847 1.022 0.917 1.106 1.043 1.15 1.0 1.163 0.986 0.583 1.1 1.115 1.137 1.067 0.909 1.06 0.64
513 1.066 1.105 1.014 0.812 1.053 0.926 1.172 1.049 1.078 0.947 1.163 0.981 0.539 1.079 1.094 1.124 1.075 0.923 1.092 0.656
514 1.059 1.055 1.011 0.769 1.03 0.931 1.157 0.999 1.113 0.886 1.175 0.953 0.478 1.092 1.064 1.124 1.084 0.844 1.107 0.694
515 1.089 1.019 1.022 0.722 0.999 0.936 1.132 0.907 1.096 0.83 1.173 0.912 0.432 1.135 1.058 1.11 1.079 0.756 1.074 0.731
516 1.128 0.978 1.024 0.684 1.01 0.903 1.148 0.886 1.056 0.773 1.157 0.824 0.377 1.123 1.054 1.078 1.029 0.708 1.055 0.675
517 1.15 0.89 1.007 0.628 0.997 0.885 1.172 0.85 1.051 0.707 1.131 0.766 0.364 1.032 1.032 1.043 0.998 0.671 1.033 0.589
518 1.165 0.812 0.974 0.569 0.99 0.864 1.148 0.801 1.049 0.627 1.079 0.737 0.348 0.987 1.042 1.046 0.96 0.619 1.057 0.577
519 1.171 0.776 0.959 0.534 0.989 0.845 1.136 0.741 1.091 0.609 1.071 0.659 0.432 0.903 1.083 1.045 0.89 0.626 1.046 0.586
520 1.178 0.729 0.987 0.441 0.973 0.825 1.139 0.685 1.133 0.574 1.14 0.596 0.546 0.825 1.094 0.999 0.816 0.651 1.077 0.57
521 1.17 0.679 1.029 0.39 0.964 0.812 1.181 0.637 1.136 0.631 1.154 0.626 0.623 0.765 1.077 0.958 0.758 0.639 1.132 0.545
522 1.175 0.682 1.097 0.373 0.944 0.788 1.173 0.642 1.107 0.653 1.148 0.556 0.644 0.687 1.067 0.924 0.738 0.585 1.126 0.477
523 1.132 0.635 1.128 0.41 0.903 0.788 1.179 0.609 1.057 0.669 1.11 0.471 0.635 0.616 1.096 0.874 0.717 0.497 1.125 0.45
524 1.122 0.531 1.025 0.405 0.908 0.79 1.181 0.552 1.016 0.679 1.023 0.471 0.632 0.56 1.15 0.831 0.74 0.456 1.053 0.428
525 1.139 0.44 0.913 0.447 0.884 0.769 1.183 0.493 0.958 0.656 0.933 0.544 0.711 0.509 1.163 0.863 0.777 0.426 0.96 0.466
526 1.138 0.349 0.849 0.451 0.858 0.727 1.183 0.427 0.959 0.616 0.915 0.595 0.772 0.446 1.157 0.904 0.846 0.392 0.885 0.546
527 1.073 0.292 0.869 0.41 0.85 0.728 1.173 0.385 0.991 0.529 0.85 0.633 0.826 0.397 1.154 0.957 0.919 0.364 0.897 0.544
528 0.969 0.286 0.907 0.304 0.87 0.744 1.165 0.35 0.956 0.418 0.843 0.708 0.848 0.37 1.129 0.985 0.975 0.345 0.921 0.477
529 0.93 0.292 0.863 0.227 0.846 0.769 1.182 0.318 0.922 0.344 0.835 0.739 0.843 0.385 1.103 0.95 0.885 0.326 0.951 0.427
530 0.855 0.251 0.815 0.169 0.835 0.778 1.185 0.294 0.878 0.368 0.846 0.747 0.897 0.434 1.083 0.896 0.808 0.317 0.989 0.417
531 0.772 0.234 0.8 0.121 0.857 0.772 1.173 0.266 0.828 0.386 0.846 0.761 0.965 0.387 1.126 0.802 0.769 0.368 1.051 0.394
532 0.702 0.202 0.769 0.074 0.883 0.753 1.152 0.244 0.783 0.308 0.875 0.75 0.968 0.279 1.124 0.718 0.719 0.332 1.09 0.357
533 0.643 0.165 0.69 0.093 0.904 0.76 1.12 0.228 0.803 0.195 0.887 0.732 0.95 0.2 1.135 0.639 0.651 0.219 1.106 0.313
534 0.617 0.121 0.638 0.075 0.88 0.781 1.092 0.205 0.835 0.099 0.874 0.734 0.961 0.149 1.146 0.564 0.62 0.158 1.127 0.264
535 0.545 0.122 0.602 0.063 0.938 0.817 1.059 0.185 0.895 0.048 0.84 0.736 0.99 0.096 1.119 0.516 0.6 0.133 1.089 0.239
536 0.475 0.105 0.561 0.089 0.978 0.804 1.018 0.147 0.919 0.06 0.803 0.743 0.953 0.037 1.109 0.431 0.597 0.096 1.059 0.191
537 0.435 0.091 0.488 0.077 1.06 0.809 0.991 0.084 0.829 0.081 0.795 0.753 0.892 0.068 1.151 0.376 0.528 0.072 1.036 0.133
538 0.391 0.119 0.409 0.077 1.117 0.844 0.942 0.041 0.807 0.064 0.779 0.786 0.843 0.087 1.147 0.303 0.466 0.091 0.987 0.106
539 0.331 0.168 0.377 0.065 1.15 0.9 0.883 0.039 0.73 0.088 0.775 0.795 0.801 0.065 1.126 0.234 0.381 0.168 0.941 0.119
540 0.293 0.206 0.302 0.104 1.113 0.95 0.85 0.047 0.624 0.097 0.739 0.816 0.738 0.091 1.069 0.166 0.477 0.199 0.899 0.123
541 0.214 0.204 0.221 0.134 1.101 0.989 0.811 0.029 0.595 0.134 0.715 0.815 0.619 0.102 1.023 0.101 0.488 0.167 0.832 0.103
542 0.146 0.25 0.141 0.15 1.096 1.053 0.758 0.032 0.534 0.315 0.697 0.794 0.691 0.07 0.954 0.092 0.451 0.124 0.802 0.04
543 0.128 0.284 0.097 0.158 1.036 1.095 0.755 0.059 0.637 0.245 0.694 0.767 0.718 0.038 0.881 0.06 0.353 0.124 0.796 0.053
544 0.08 0.27 0.083 0.243 1.013 1.136 0.706 0.101 0.692 0.169 0.674 0.759 0.682 0.046 0.849 0.036 0.24 0.173 0.825 0.069
545 0.076 0.339 0.085 0.315 0.982 1.154 0.762 0.126 0.639 0.134 0.656 0.747 0.647 0.05 0.835 0.033 0.136 0.225 0.788 0.054
546 0.1 0.423 0.102 0.363 0.91 1.147 0.73 0.071 0.572 0.143 0.642 0.735 0.615 0.064 0.807 0.101 0.049 0.216 0.789 0.075
547 0.12 0.49 0.104 0.458 0.843 1.139 0.675 0.097 0.527 0.169 0.644 0.72 0.576 0.104 0.831 0.069 0.047 0.154 0.682 0.067
548 0.172 0.52 0.076 0.527 0.77 1.144 0.57 0.133 0.485 0.223 0.624 0.688 0.566 0.094 0.733 0.059 0.085 0.108 0.631 0.064
549 0.188 0.52 0.085 0.572 0.699 1.15 0.563 0.164 0.472 0.312 0.642 0.654 0.477 0.079 0.612 0.114 0.143 0.089 0.561 0.052
550 0.227 0.553 0.141 0.616 0.629 1.148 0.497 0.185 0.464 0.384 0.618 0.641 0.436 0.068 0.534 0.169 0.191 0.07 0.493 0.046
551 0.222 0.603 0.189 0.669 0.592 1.148 0.413 0.284 0.429 0.41 0.631 0.625 0.347 0.085 0.511 0.167 0.26 0.074 0.428 0.049
552 0.284 0.678 0.21 0.772 0.537 1.163 0.367 0.367 0.372 0.436 0.646 0.608 0.328 0.041 0.484 0.188 0.313 0.159 0.371 0.048
553 0.354 0.722 0.265 0.904 0.495 1.155 0.337 0.45 0.334 0.498 0.663 0.598 0.333 0.077 0.471 0.224 0.349 0.262 0.36 0.071
554 0.423 0.754 0.338 0.99 0.433 1.157 0.423 0.547 0.363 0.553 0.679 0.609 0.299 0.066 0.466 0.253 0.391 0.392 0.395 0.099
555 0.455 0.837 0.32 1.066 0.343 1.169 0.478 0.551 0.373 0.643 0.696 0.619 0.287 0.044 0.47 0.281 0.453 0.495 0.425 0.159
556 0.435 0.944 0.264 1.121 0.289 1.161 0.523 0.551 0.39 0.76 0.712 0.589 0.321 0.065 0.469 0.346 0.516 0.509 0.408 0.216
557 0.413 1.043 0.217 1.118 0.203 1.144 0.583 0.58 0.373 0.879 0.702 0.561 0.309 0.108 0.477 0.398 0.592 0.485 0.486 0.29
558 0.339 1.099 0.13 1.126 0.133 1.164 0.588 0.643 0.365 0.962 0.682 0.544 0.271 0.125 0.512 0.437 0.609 0.509 0.553 0.365
559 0.313 1.119 0.109 1.155 0.09 1.157 0.585 0.709 0.389 0.991 0.659 0.529 0.23 0.097 0.536 0.478 0.624 0.561 0.62 0.407
560 0.261 1.14 0.089 1.141 0.085 1.171 0.586 0.793 0.346 0.999 0.642 0.52 0.213 0.057 0.521 0.54 0.602 0.647 0.637 0.495
561 0.158 1.139 0.08 1.087 0.091 1.145 0.556 0.859 0.25 1.02 0.572 0.602 0.188 0.048 0.464 0.574 0.528 0.77 0.621 0.531
562 0.112 1.128 0.087 1.024 0.094 1.149 0.582 0.915 0.163 1.05 0.514 0.641 0.144 0.04 0.427 0.622 0.415 0.901 0.604 0.542
563 0.107 1.045 0.085 0.965 0.095 1.08 0.614 0.888 0.113 1.035 0.43 0.656 0.106 0.063 0.365 0.638 0.318 0.981 0.572 0.537
564 0.09 0.961 0.096 0.897 0.096 1.032 0.666 0.873 0.107 0.949 0.372 0.769 0.102 0.11 0.315 0.624 0.242 1.0 0.566 0.511
565 0.072 0.887 0.079 0.811 0.111 0.981 0.725 0.853 0.115 0.864 0.307 0.836 0.098 0.154 0.29 0.588 0.176 0.966 0.565 0.489
566 0.072 0.777 0.06 0.739 0.094 0.936 0.775 0.791 0.086 0.767 0.233 0.834 0.094 0.209 0.277 0.558 0.147 0.872 0.588 0.479
567 0.057 0.708 0.062 0.678 0.074 0.887 0.82 0.774 0.076 0.675 0.146 0.824 0.08 0.264 0.25 0.544 0.095 0.793 0.609 0.477
568 0.065 0.648 0.067 0.563 0.077 0.826 0.849 0.814 0.089 0.568 0.152 0.756 0.071 0.322 0.22 0.568 0.084 0.703 0.63 0.472
569 0.069 0.553 0.059 0.437 0.081 0.763 0.911 0.791 0.094 0.452 0.122 0.669 0.078 0.381 0.186 0.591 0.096 0.59 0.651 0.461
570 0.071 0.441 0.081 0.361 0.079 0.714 0.948 0.742 0.063 0.417 0.093 0.575 0.068 0.347 0.162 0.595 0.097 0.482 0.677 0.461
571 0.043 0.392 0.134 0.347 0.076 0.675 0.916 0.665 0.063 0.34 0.077 0.512 0.07 0.28 0.115 0.573 0.099 0.386 0.699 0.459
572 0.035 0.317 0.162 0.265 0.067 0.568 0.904 0.586 0.075 0.273 0.139 0.423 0.061 0.198 0.09 0.511 0.078 0.359 0.726 0.446
573 0.051 0.259 0.127 0.187 0.06 0.48 0.849 0.505 0.068 0.186 0.137 0.311 0.022 0.17 0.089 0.443 0.107 0.338 0.736 0.438
574 0.046 0.191 0.083 0.126 0.043 0.409 0.791 0.476 0.072 0.133 0.096 0.218 0.073 0.093 0.138 0.406 0.1 0.286 0.72 0.407
575 0.047 0.108 0.104 0.075 0.045 0.345 0.699 0.462 0.092 0.088 0.078 0.153 0.154 0.052 0.169 0.457 0.132 0.218 0.702 0.398
576 0.065 0.066 0.127 0.047 0.042 0.265 0.62 0.405 0.1 0.061 0.128 0.075 0.207 0.056 0.159 0.515 0.131 0.174 0.7 0.382
577 0.108 0.064 0.151 0.039 0.038 0.196 0.566 0.327 0.13 0.028 0.157 0.063 0.285 0.08 0.124 0.563 0.089 0.131 0.72 0.358
578 0.175 0.082 0.232 0.039 0.034 0.148 0.511 0.24 0.18 0.063 0.19 0.07 0.356 0.086 0.116 0.613 0.111 0.108 0.743 0.347
579 0.24 0.047 0.326 0.037 0.03 0.108 0.393 0.202 0.296 0.047 0.321 0.051 0.423 0.093 0.112 0.64 0.137 0.093 0.777 0.359
580 0.306 0.054 0.42 0.032 0.11 0.083 0.321 0.14 0.406 0.055 0.42 0.044 0.507 0.116 0.087 0.663 0.165 0.086 0.801 0.355
581 0.374 0.075 0.522 0.035 0.182 0.047 0.386 0.077 0.392 0.061 0.519 0.064 0.6 0.126 0.064 0.687 0.209 0.071 0.798 0.347
582 0.475 0.047 0.613 0.032 0.235 0.058 0.473 0.063 0.599 0.06 0.608 0.051 0.645 0.169 0.06 0.717 0.258 0.042 0.853 0.343
583 0.555 0.071 0.672 0.048 0.268 0.066 0.551 0.09 0.643 0.069 0.709 0.086 0.718 0.201 0.062 0.748 0.324 0.083 0.887 0.345
584 0.618 0.058 0.765 0.035 0.302 0.074 0.61 0.072 0.75 0.121 0.779 0.083 0.825 0.249 0.062 0.792 0.406 0.068 0.882 0.417
585 0.727 0.078 0.85 0.033 0.367 0.06 0.725 0.09 0.858 0.092 0.871 0.082 0.888 0.328 0.06 0.843 0.513 0.056 0.883 0.435
586 0.835 0.057 0.886 0.03 0.415 0.067 0.815 0.085 0.948 0.106 0.95 0.069 0.889 0.397 0.051 0.887 0.634 0.054 0.877 0.468
587 0.87 0.031 0.93 0.041 0.487 0.065 0.904 0.119 1.002 0.181 1.044 0.062 0.913 0.35 0.049 0.924 0.723 0.052 0.876 0.503
588 0.913 0.086 1.008 0.075 0.543 0.068 0.983 0.1 1.012 0.286 1.101 0.096 0.9 0.326 0.049 0.981 0.821 0.043 0.85 0.551
589 1.018 0.123 1.097 0.095 0.612 0.089 1.041 0.096 0.962 0.292 1.098 0.15 0.986 0.365 0.054 1.038 0.914 0.054 0.835 0.56
590 1.089 0.122 1.182 0.103 0.652 0.068 1.096 0.095 1.058 0.329 1.12 0.215 0.907 0.438 0.066 1.069 0.997 0.065 0.801 0.592
591 1.094 0.163 1.183 0.155 0.685 0.053 1.174 0.106 1.128 0.35 1.161 0.223 0.809 0.455 0.064 1.12 1.061 0.056 0.785 0.584
592 1.088 0.229 1.173 0.219 0.738 0.061 1.167 0.197 1.138 0.412 1.161 0.218 0.823 0.499 0.073 1.156 1.104 0.054 0.759 0.613
593 1.067 0.266 1.176 0.286 0.807 0.076 1.157 0.165 1.06 0.468 1.144 0.266 0.857 0.562 0.061 1.132 1.146 0.09 0.755 0.657
594 1.036 0.33 1.174 0.325 0.859 0.083 1.091 0.155 0.978 0.494 1.122 0.364 0.953 0.553 0.075 1.116 1.126 0.129 0.761 0.683
595 1.052 0.404 1.147 0.391 0.908 0.058 1.07 0.25 1.008 0.505 1.093 0.453 0.922 0.527 0.092 1.11 1.111 0.182 0.77 0.699
596 1.054 0.443 1.139 0.421 0.949 0.053 1.036 0.38 1.084 0.526 1.083 0.462 0.941 0.603 0.109 1.113 1.108 0.239 0.79 0.696
597 1.011 0.508 1.132 0.465 0.986 0.073 1.064 0.439 1.053 0.501 1.125 0.496 1.001 0.643 0.127 1.142 1.126 0.297 0.85 0.701
598 0.952 0.564 1.14 0.504 1.035 0.087 1.102 0.504 1.03 0.546 1.111 0.575 1.081 0.664 0.14 1.162 1.147 0.36 0.843 0.722
599 0.998 0.656 1.167 0.58 1.083 0.059 1.128 0.605 1.06 0.583 1.098 0.631 1.141 0.688 0.172 1.164 1.151 0.451 0.803 0.767
600 1.041 0.686 1.175 0.628 1.11 0.063 1.147 0.678 1.1 0.595 1.116 0.693 1.151 0.737 0.208 1.166 1.161 0.529 0.784 0.786
601 1.058 0.698 1.163 0.696 1.124 0.102 1.136 0.754 1.14 0.606 1.105 0.761 1.072 0.802 0.253 1.162 1.172 0.593 0.803 0.785
602 1.079 0.747 1.163 0.784 1.135 0.147 1.157 0.821 1.149 0.665 1.073 0.819 1.005 0.876 0.287 1.153 1.174 0.635 0.799 0.856
603 1.068 0.804 1.13 0.84 1.139 0.2 1.15 0.902 1.136 0.734 1.01 0.895 0.94 0.963 0.31 1.133 1.165 0.685 0.77 0.88
604 1.062 0.862 1.084 0.954 1.134 0.253 1.144 0.976 1.112 0.743 0.98 0.955 0.908 1.048 0.316 1.086 1.163 0.739 0.734 0.886
605 1.072 0.942 1.114 1.022 1.135 0.319 1.18 1.007 1.104 0.786 0.991 1.008 0.866 1.117 0.342 1.056 1.128 0.816 0.698 0.893
606 1.117 0.999 1.113 1.055 1.142 0.383 1.164 1.088 1.08 0.877 0.97 1.065 0.771 1.094 0.38 1.06 1.125 0.844 0.668 0.896
607 1.172 1.025 1.11 1.113 1.152 0.442 1.133 1.15 1.041 0.957 0.885 1.11 0.687 1.019 0.411 1.062 1.122 0.936 0.632 0.879
608 1.15 1.085 1.047 1.126 1.145 0.508 1.062 1.154 0.968 1.007 0.788 1.119 0.62 0.948 0.441 1.05 1.133 0.997 0.621 0.859
609 1.076 1.082 0.934 1.118 1.148 0.549 1.005 1.12 0.878 0.989 0.698 1.104 0.606 0.9 0.474 1.036 1.114 1.054 0.612 0.84
610 0.997 1.079 0.841 1.123 1.14 0.595 0.909 1.133 0.801 1.007 0.653 1.085 0.568 0.848 0.524 1.033 1.059 1.089 0.599 0.815
611 0.917 1.097 0.723 1.117 1.136 0.658 0.812 1.16 0.696 1.024 0.596 1.077 0.583 0.799 0.57 1.036 1.009 1.085 0.585 0.759
612 0.828 1.117 0.663 1.091 1.134 0.709 0.753 1.154 0.623 0.947 0.611 1.041 0.564 0.78 0.572 1.028 0.944 1.118 0.604 0.731
613 0.755 1.105 0.644 1.027 1.127 0.769 0.688 1.151 0.569 0.914 0.647 1.011 0.55 0.771 0.551 0.961 0.856 1.106 0.657 0.785
614 0.695 1.079 0.573 1.021 1.142 0.826 0.595 1.116 0.537 0.854 0.65 1.029 0.581 0.731 0.523 0.88 0.765 1.108 0.672 0.846
615 0.706 1.06 0.525 1.019 1.149 0.88 0.511 1.126 0.539 0.812 0.663 1.023 0.611 0.728 0.537 0.816 0.696 1.13 0.681 0.935
616 0.708 1.089 0.557 1.035 1.147 0.946 0.412 1.16 0.544 0.768 0.629 1.014 0.626 0.708 0.507 0.757 0.63 1.13 0.694 0.959
617 0.683 1.11 0.584 1.085 1.147 0.99 0.343 1.169 0.506 0.72 0.602 1.034 0.639 0.744 0.488 0.73 0.575 1.114 0.669 1.028
618 0.69 1.135 0.531 1.071 1.155 1.043 0.305 1.164 0.458 0.693 0.644 1.091 0.652 0.767 0.418 0.748 0.607 1.12 0.653 1.052
619 0.725 1.137 0.474 1.012 1.143 1.08 0.266 1.135 0.377 0.706 0.652 1.097 0.661 0.782 0.351 0.794 0.606 1.093 0.716 1.105
620 0.751 1.143 0.376 1.007 1.101 1.118 0.243 1.068 0.286 0.7 0.641 1.031 0.687 0.783 0.286 0.848 0.535 1.075 0.802 1.102
621 0.789 1.141 0.288 1.029 1.062 1.126 0.2 0.987 0.19 0.711 0.551 0.995 0.702 0.763 0.199 0.857 0.458 1.018 0.865 1.112
622 0.832 1.137 0.233 1.017 1.021 1.138 0.094 0.929 0.091 0.732 0.447 0.952 0.7 0.738 0.112 0.84 0.369 1.01 0.885 1.048
623 0.871 1.105 0.185 0.963 0.98 1.125 0.057 0.861 0.065 0.69 0.336 0.93 0.683 0.721 0.071 0.797 0.28 0.959 0.802 0.973
624 0.874 1.062 0.166 0.882 0.938 1.127 0.066 0.78 0.075 0.606 0.241 0.855 0.674 0.691 0.069 0.693 0.211 0.883 0.66 0.95
625 0.898 1.033 0.142 0.821 0.905 1.135 0.077 0.748 0.08 0.533 0.157 0.762 0.681 0.667 0.102 0.599 0.173 0.823 0.522 0.936
626 0.917 1.007 0.111 0.743 0.858 1.139 0.077 0.689 0.099 0.455 0.137 0.682 0.687 0.654 0.163 0.539 0.173 0.751 0.384 0.911
627 0.951 1.007 0.088 0.694 0.795 1.139 0.086 0.591 0.082 0.377 0.241 0.707 0.714 0.649 0.169 0.605 0.31 0.811 0.309 0.818
628 0.979 1.027 0.099 0.615 0.742 1.151 0.083 0.517 0.081 0.284 0.164 0.537 0.733 0.65 0.208 0.36 0.289 0.654 0.255 0.732
629 1.011 1.035 0.105 0.531 0.684 1.145 0.099 0.476 0.166 0.273 0.141 0.527 0.752 0.652 0.144 0.317 0.291 0.581 0.229 0.648
630 1.061 1.049 0.082 0.536 0.634 1.139 0.083 0.415 0.255 0.228 0.091 0.447 0.776 0.649 0.2 0.291 0.3 0.516 0.19 0.565
631 1.096 1.078 0.057 0.543 0.588 1.141 0.11 0.329 0.322 0.197 0.1 0.361 0.802 0.634 0.249 0.237 0.316 0.426 0.238 0.473
632 1.122 1.107 0.062 0.505 0.54 1.153 0.069 0.225 0.387 0.169 0.11 0.262 0.803 0.605 0.317 0.197 0.38 0.382 0.281 0.365
633 1.156 1.106 0.065 0.457 0.5 1.154 0.036 0.172 0.439 0.128 0.078 0.165 0.79 0.566 0.361 0.127 0.444 0.33 0.263 0.258
634 1.169 1.067 0.114 0.404 0.458 1.137 0.044 0.136 0.482 0.083 0.108 0.123 0.8 0.533 0.385 0.069 0.49 0.279 0.191 0.197
635 1.151 0.994 0.177 0.411 0.394 1.109 0.074 0.113 0.54 0.078 0.206 0.092 0.848 0.52 0.472 0.055 0.534 0.197 0.146 0.178
636 1.142 0.925 0.141 0.427 0.341 1.134 0.126 0.108 0.588 0.094 0.303 0.088 0.84 0.468 0.554 0.075 0.576 0.15 0.146 0.168
637 1.166 0.861 0.077 0.413 0.31 1.155 0.213 0.096 0.641 0.068 0.374 0.052 0.86 0.451 0.598 0.054 0.608 0.227 0.196 0.121
638 1.16 0.791 0.074 0.371 0.259 1.145 0.329 0.097 0.681 0.08 0.458 0.098 0.882 0.429 0.64 0.047 0.633 0.257 0.206 0.085
639 1.159 0.725 0.119 0.281 0.177 1.156 0.426 0.065 0.74 0.126 0.532 0.129 0.913 0.406 0.735 0.054 0.688 0.228 0.298 0.087
640 1.154 0.657 0.268 0.375 0.131 1.164 0.497 0.056 0.79 0.15 0.564 0.163 0.92 0.447 0.77 0.068 0.712 0.186 0.365 0.124
641 1.151 0.609 0.397 0.494 0.08 1.149 0.534 0.066 0.841 0.195 0.615 0.215 0.905 0.469 0.763 0.136 0.766 0.159 0.48 0.138
642 1.155 0.551 0.462 0.607 0.079 1.103 0.6 0.108 0.858 0.279 0.685 0.237 0.909 0.5 0.814 0.162 0.826 0.192 0.566 0.202
643 1.163 0.494 0.597 0.632 0.09 1.062 0.672 0.134 0.877 0.37 0.721 0.252 0.918 0.542 0.883 0.154 0.903 0.211 0.646 0.251
644 1.151 0.435 0.724 0.481 0.101 1.031 0.786 0.113 0.943 0.423 0.82 0.265 0.897 0.551 0.944 0.095 0.998 0.264 0.736 0.297
645 1.082 0.39 0.845 0.326 0.145 1.033 0.854 0.055 1.022 0.399 0.893 0.27 0.891 0.561 0.966 0.056 1.072 0.301 0.837 0.222
646 1.083 0.4 0.954 0.253 0.137 1.124 0.905 0.056 1.047 0.338 0.943 0.199 0.893 0.582 1.017 0.05 1.082 0.338 0.937 0.162
647 1.114 0.438 1.051 0.23 0.08 1.167 0.938 0.062 1.035 0.28 0.979 0.183 0.877 0.593 1.068 0.119 1.036 0.367 1.012 0.135
648 1.091 0.494 1.007 0.252 0.067 1.124 1.008 0.086 1.071 0.32 0.988 0.17 0.856 0.607 1.064 0.167 1.008 0.429 1.054 0.148
649 1.053 0.536 1.031 0.211 0.076 1.076 0.977 0.158 1.036 0.43 0.993 0.219 0.819 0.631 1.081 0.158 0.993 0.509 1.05 0.168
650 1.012 0.598 1.032 0.297 0.078 1.01 0.97 0.164 1.078 0.488 0.986 0.178 0.809 0.595 1.076 0.207 0.926 0.594 1.03 0.145
651 0.977 0.654 1.059 0.369 0.091 0.946 0.978 0.184 1.03 0.55 1.015 0.19 0.785 0.624 1.101 0.247 0.847 0.667 1.029 0.198
652 0.971 0.617 1.079 0.459 0.067 0.885 1.012 0.186 0.936 0.594 1.054 0.187 0.77 0.652 1.109 0.335 0.819 0.709 1.053 0.31
653 0.897 0.573 1.041 0.577 0.071 0.82 1.047 0.19 0.893 0.528 1.077 0.253 0.75 0.639 1.116 0.435 0.713 0.705 1.049 0.423
654 0.842 0.554 0.983 0.583 0.085 0.746 1.07 0.244 0.8 0.533 1.075 0.363 0.75 0.604 1.136 0.532 0.614 0.725 1.043 0.512
655 0.794 0.539 0.948 0.567 0.077 0.663 1.07 0.323 0.724 0.546 1.075 0.48 0.777 0.597 1.156 0.628 0.49 0.717 1.036 0.576
656 0.717 0.516 0.871 0.583 0.068 0.579 1.088 0.408 0.624 0.589 1.095 0.579 0.786 0.572 1.122 0.683 0.356 0.666 1.019 0.658
657 0.606 0.559 0.801 0.591 0.067 0.507 1.141 0.43 0.527 0.62 1.102 0.632 0.774 0.547 1.082 0.719 0.215 0.614 1.044 0.725
658 0.497 0.601 0.762 0.542 0.089 0.419 1.165 0.402 0.422 0.596 1.092 0.7 0.796 0.52 1.092 0.822 0.135 0.518 1.046 0.809
659 0.376 0.575 0.699 0.509 0.068 0.329 1.177 0.372 0.282 0.539 1.006 0.726 0.827 0.49 1.125 0.906 0.088 0.438 1.038 0.87
660 0.262 0.501 0.622 0.469 0.042 0.238 1.166 0.329 0.241 0.464 0.973 0.822 0.869 0.474 1.107 0.968 0.076 0.32 1.007 0.931
661 0.196 0.448 0.521 0.426 0.054 0.128 1.16 0.294 0.263 0.366 0.976 0.918 0.902 0.446 1.064 0.999 0.065 0.185 0.984 0.991
662 0.157 0.424 0.463 0.344 0.101 0.055 1.162 0.254 0.308 0.281 0.946 0.994 0.96 0.434 0.997 1.02 0.063 0.084 0.96 1.043
663 0.152 0.34 0.466 0.259 0.184 0.065 1.179 0.218 0.261 0.173 0.86 1.055 0.966 0.411 0.94 1.086 0.124 0.054 0.877 1.089
664 0.156 0.215 0.48 0.203 0.208 0.093 1.185 0.18 0.245 0.103 0.791 1.066 0.999 0.38 0.872 1.134 0.194 0.059 0.832 1.144
665 0.172 0.126 0.431 0.159 0.241 0.084 1.185 0.143 0.257 0.058 0.705 1.062 1.028 0.378 0.797 1.134 0.251 0.046 0.762 1.158
666 0.222 0.089 0.349 0.156 0.329 0.081 1.17 0.112 0.284 0.052 0.655 1.0 1.038 0.354 0.701 1.143 0.268 0.045 0.674 1.136
667 0.274 0.088 0.329 0.114 0.364 0.097 1.145 0.095 0.337 0.068 0.597 0.951 1.092 0.317 0.623 1.142 0.274 0.06 0.59 1.088
668 0.294 0.138 0.342 0.094 0.389 0.074 1.112 0.087 0.356 0.089 0.562 0.888 1.107 0.296 0.567 1.143 0.345 0.043 0.496 1.132
669 0.346 0.283 0.375 0.115 0.446 0.077 1.089 0.065 0.413 0.053 0.481 0.9 1.103 0.272 0.501 1.093 0.364 0.062 0.422 1.168
670 0.404 0.439 0.43 0.143 0.515 0.062 1.067 0.046 0.483 0.101 0.498 0.94 1.141 0.307 0.377 1.098 0.41 0.059 0.398 1.158
671 0.449 0.579 0.487 0.162 0.594 0.085 1.036 0.048 0.548 0.143 0.506 1.006 1.127 0.305 0.277 1.164 0.468 0.047 0.343 1.167
672 0.43 0.715 0.531 0.131 0.631 0.087 0.999 0.039 0.623 0.162 0.514 1.105 1.118 0.373 0.185 1.148 0.488 0.078 0.29 1.157
673 0.38 0.825 0.562 0.094 0.653 0.068 0.963 0.035 0.671 0.173 0.58 1.151 1.109 0.403 0.106 1.158 0.54 0.09 0.261 1.135
674 0.3 0.915 0.598 0.094 0.722 0.088 0.907 0.042 0.653 0.239 0.658 1.154 1.088 0.44 0.059 1.1 0.593 0.079 0.135 1.154
675 0.224 0.98 0.669 0.097 0.777 0.155 0.845 0.037 0.695 0.299 0.739 1.16 1.067 0.459 0.072 1.041 0.638 0.075 0.081 1.117
676 0.215 0.917 0.749 0.078 0.841 0.151 0.797 0.026 0.746 0.345 0.817 1.161 1.07 0.517 0.069 1.007 0.69 0.063 0.081 1.009
677 0.145 0.929 0.765 0.028 0.878 0.113 0.835 0.044 0.785 0.376 0.88 1.159 1.065 0.557 0.058 0.956 0.74 0.055 0.068 0.916
678 0.106 0.964 0.789 0.07 0.929 0.112 0.881 0.053 0.831 0.352 0.892 1.152 1.06 0.581 0.049 0.868 0.731 0.032 0.087 0.812
679 0.093 1.003 0.857 0.065 1.002 0.11 0.92 0.08 0.892 0.297 0.83 1.147 1.047 0.598 0.047 0.805 0.702 0.035 0.051 0.707
680 0.105 1.043 0.889 0.102 1.049 0.082 0.949 0.121 0.942 0.272 0.721 1.145 1.02 0.595 0.049 0.724 0.654 0.05 0.057 0.588
681 0.104 1.097 0.923 0.151 1.111 0.119 1.007 0.126 0.99 0.292 0.634 1.126 0.983 0.626 0.051 0.638 0.596 0.052 0.071 0.54
682 0.122 1.124 0.97 0.17 1.148 0.182 1.09 0.118 1.007 0.313 0.613 1.081 0.97 0.624 0.063 0.572 0.558 0.058 0.066 0.452
683 0.197 1.082 1.034 0.172 1.169 0.265 1.148 0.133 1.029 0.263 0.638 1.04 0.947 0.619 0.071 0.47 0.516 0.058 0.075 0.376
684 0.296 1.071 1.091 0.148 1.145 0.361 1.15 0.202 1.091 0.242 0.659 1.023 0.934 0.619 0.049 0.374 0.493 0.042 0.078 0.276
685 0.371 1.038 1.114 0.089 1.139 0.465 1.151 0.25 1.12 0.299 0.644 1.038 0.917 0.614 0.043 0.276 0.404 0.047 0.057 0.163
686 0.481 0.99 1.081 0.071 1.115 0.55 1.117 0.319 1.133 0.36 0.634 1.061 0.903 0.594 0.035 0.176 0.31 0.026 0.067 0.104
687 0.57 1.027 1.078 0.113 1.084 0.637 1.119 0.399 1.124 0.422 0.612 1.04 0.911 0.57 0.05 0.139 0.248 0.044 0.093 0.086
688 0.582 0.997 1.115 0.146 1.057 0.716 1.152 0.44 1.145 0.493 0.603 1.082 0.923 0.516 0.06 0.075 0.195 0.047 0.093 0.039
689 0.527 0.985 1.15 0.183 1.029 0.829 1.16 0.526 1.151 0.536 0.614 1.107 0.918 0.519 0.073 0.054 0.157 0.066 0.126 0.041
690 0.464 0.978 1.153 0.251 0.973 0.919 1.142 0.601 1.132 0.595 0.624 1.133 0.894 0.5 0.07 0.103 0.17 0.041 0.128 0.086
691 0.425 0.992 1.155 0.313 0.951 1.017 1.143 0.698 1.131 0.695 0.672 1.142 0.881 0.496 0.114 0.198 0.192 0.045 0.105 0.102
692 0.42 0.982 1.15 0.379 1.014 1.055 1.156 0.762 1.145 0.755 0.716 1.123 0.863 0.501 0.078 0.298 0.214 0.059 0.099 0.172
693 0.449 0.98 1.16 0.448 1.088 1.084 1.174 0.836 1.152 0.823 0.777 1.118 0.837 0.516 0.07 0.385 0.297 0.075 0.072 0.245
694 0.488 0.957 1.154 0.516 1.061 1.133 1.159 0.906 1.177 0.861 0.892 1.101 0.838 0.513 0.177 0.516 0.373 0.087 0.048 0.324
695 0.537 0.94 1.153 0.591 1.015 1.082 1.135 0.975 1.168 0.893 0.981 1.134 0.828 0.505 0.304 0.648 0.427 0.172 0.05 0.412
696 0.59 0.931 1.152 0.675 1.089 1.074 1.107 1.006 1.119 0.937 0.901 1.107 0.828 0.485 0.441 0.719 0.487 0.231 0.061 0.496
697 0.611 0.979 1.118 0.747 1.088 1.043 1.132 1.043 1.063 0.971 0.841 1.07 0.807 0.471 0.609 0.763 0.516 0.323 0.063 0.565
698 0.594 1.007 1.095 0.81 1.034 1.056 1.134 0.956 1.015 0.995 0.763 1.055 0.791 0.464 0.732 0.856 0.615 0.401 0.045 0.621
699 0.554 0.974 1.109 0.875 0.993 1.024 1.121 0.916 0.944 1.011 0.673 1.085 0.778 0.448 0.734 0.958 0.684 0.417 0.041 0.682
700 0.596 0.927 1.109 0.871 0.974 0.97 1.105 0.924 0.884 1.03 0.595 1.091 0.78 0.438 0.682 1.004 0.767 0.406 0.053 0.742
701 0.615 0.922 1.043 0.858 0.919 0.929 1.126 0.905 0.842 1.059 0.534 1.14 0.839 0.415 0.545 1.041 0.77 0.422 0.046 0.809
702 0.667 0.923 0.964 0.815 0.846 0.943 1.099 0.878 0.794 1.057 0.466 1.149 0.909 0.495 0.474 1.074 0.77 0.405 0.05 0.867
703 0.733 0.932 0.929 0.734 0.808 1.002 1.071 0.894 0.741 1.058 0.363 1.133 0.897 0.579 0.375 1.079 0.762 0.391 0.054 0.925
704 0.812 0.883 0.901 0.662 0.804 1.056 1.052 0.943 0.654 1.078 0.29 1.151 0.934 0.588 0.277 1.081 0.728 0.373 0.057 0.97
705 0.892 0.85 0.947 0.645 0.82 1.116 1.063 0.995 0.594 1.085 0.185 1.122 0.931 0.614 0.206 1.104 0.75 0.347 0.082 1.007
706 0.967 0.9 0.903 0.649 0.755 1.152 1.089 1.03 0.527 1.084 0.103 1.083 0.947 0.594 0.156 1.134 0.725 0.326 0.104 1.048
707 1.033 0.972 0.886 0.744 0.68 1.145 1.138 1.055 0.482 1.097 0.096 1.106 0.994 0.601 0.1 1.145 0.697 0.321 0.076 0.999
708 1.101 1.024 0.9 0.853 0.645 1.106 1.169 1.104 0.423 1.1 0.097 1.126 1.026 0.643 0.071 1.146 0.657 0.311 0.073 0.92
