time X0 Y0 X1 Y1 X2 Y2 X3 Y3 X4 Y4 X5 Y5 X6 Y6 X7 Y7 X8 Y8 X9 Y9
1477 0.168 0.197 0.179 0.189 0.8614999999999999 0.506 0.558 1.13 1.154 0.581 1.121 0.929 0.411 1.154 1.104 1.135 0.899 0.541 0.478 1.007
1478 0.299 0.361 0.237 0.19 0.875 0.492 0.685 1.122 1.141 0.652 1.099 0.848 0.501 1.148 1.037 1.077 0.936 0.522 0.497 0.977
1479 0.276 0.367 0.283 0.13 0.887 0.434 0.742 1.106 1.157 0.697 1.082 0.772 0.585 1.12 1.038 1.053 0.929 0.461 0.513 0.957
1480 0.215 0.326 0.378 0.154 0.914 0.447 0.819 1.09 1.107 0.731 1.137 0.781 0.686 1.117 1.006 1.015 0.934 0.489 0.546 0.943
1481 0.172 0.29 0.398 0.211 0.932 0.476 0.89 1.101 1.132 0.777 1.124 0.863 0.753 1.099 0.981 0.97 0.986 0.461 0.544 0.908
1482 0.133 0.272 0.453 0.269 0.966 0.462 0.945 1.084 1.122 0.848 1.153 0.903 0.838 1.113 0.935 1.017 0.973 0.4 0.547 0.865
1483 0.121 0.318 0.539 0.258 0.953 0.426 1.02 1.067 1.137 0.894 1.164 0.958 0.909 1.133 0.929 1.057 0.904 0.418 0.519 0.874
1484 0.161 0.32 0.684 0.306 0.919 0.458 1.034 0.961 1.146 0.965 1.148 1.039 0.978 1.125 0.911 1.105 0.901 0.502 0.554 0.912
1485 0.196 0.306 0.838 0.355 0.962 0.488 0.972 0.926 1.117 1.022 1.144 1.104 1.058 1.125 0.911 1.164 0.977 0.572 0.604 0.932
1486 0.227 0.322 0.951 0.398 1.018 0.465 0.956 0.839 1.091 1.049 1.125 1.141 1.087 1.084 0.987 1.152 1.014 0.661 0.643 0.936
1487 0.207 0.322 1.006 0.452 1.066 0.424 1.036 0.776 1.118 0.908 1.093 1.122 1.064 1.029 1.045 1.129 1.083 0.695 0.668 0.959
1488 0.258 0.294 1.04 0.486 1.108 0.476 1.13 0.72 1.15 0.809 1.07 1.113 1.087 0.944 1.047 1.095 1.126 0.654 0.716 0.988
1489 0.314 0.305 1.082 0.445 1.104 0.555 1.117 0.63 1.126 0.713 1.057 1.124 1.115 0.862 1.077 1.07 1.12 0.57 0.746 1.016
1490 0.372 0.33 1.062 0.363 1.013 0.575 1.026 0.616 1.111 0.635 1.063 1.089 1.101 0.793 1.043 1.055 1.056 0.569 0.78 1.013
1491 0.389 0.369 1.057 0.275 0.957 0.563 0.947 0.609 1.084 0.59 1.039 1.06 1.081 0.729 1.0 1.051 0.992 0.577 0.796 0.975
1492 0.373 0.405 1.068 0.176 0.937 0.491 0.885 0.581 1.067 0.512 0.985 1.064 1.031 0.684 0.961 1.071 0.934 0.608 0.82 0.971
1493 0.351 0.432 1.069 0.118 0.985 0.44 0.854 0.512 1.106 0.434 0.942 1.075 0.996 0.633 0.906 1.063 0.847 0.556 0.813 0.94
1494 0.339 0.473 1.013 0.049 1.059 0.407 0.927 0.422 1.135 0.33 0.912 1.122 0.942 0.611 0.874 1.082 0.858 0.471 0.809 0.903
1495 0.361 0.51 0.977 0.046 1.127 0.34 1.02 0.334 1.121 0.222 0.843 1.146 0.945 0.527 0.864 1.088 0.905 0.405 0.839 0.847
1496 0.387 0.534 0.958 0.066 1.132 0.228 1.078 0.225 1.141 0.143 0.781 1.122 0.985 0.468 0.838 1.125 0.958 0.278 0.898 0.857
1497 0.427 0.548 0.91 0.059 1.136 0.15 1.067 0.153 1.138 0.067 0.69 1.08 1.043 0.463 0.836 1.163 1.067 0.241 0.944 0.884
1498 0.477 0.541 0.86 0.063 1.096 0.079 1.013 0.074 1.044 0.035 0.786 0.882 1.018 0.378 0.797 1.16 1.122 0.218 0.956 0.931
1499 0.496 0.49 0.83 0.118 1.014 0.073 0.888 0.068 0.938 0.065 0.945 0.68 0.957 0.33 0.833 1.114 1.153 0.168 0.993 0.961
1500 0.485 0.449 0.772 0.089 0.88 0.054 0.853 0.111 0.862 0.099 1.041 0.419 0.899 0.306 0.86 1.0 1.158 0.097 0.987 1.025
1501 0.456 0.427 0.737 0.06 0.82 0.054 0.739 0.114 0.776 0.077 0.977 0.201 0.856 0.308 0.861 0.857 1.175 0.12 0.906 1.044
1502 0.444 0.375 0.686 0.072 0.692 0.035 0.637 0.093 0.707 0.093 0.847 0.064 0.814 0.318 0.875 0.684 1.165 0.236 0.833 1.04
1503 0.406 0.347 0.596 0.094 0.542 0.048 0.535 0.1 0.62 0.073 0.702 0.117 0.769 0.335 0.825 0.553 1.159 0.34 0.799 1.067
1504 0.367 0.37 0.484 0.063 0.415 0.051 0.405 0.088 0.508 0.089 0.521 0.13 0.727 0.347 0.738 0.44 1.142 0.413 0.809 1.083
1505 0.33 0.356 0.353 0.056 0.286 0.07 0.307 0.078 0.406 0.084 0.347 0.132 0.673 0.333 0.662 0.365 1.063 0.43 0.829 1.111
1506 0.28 0.334 0.21 0.085 0.139 0.047 0.141 0.065 0.312 0.107 0.284 0.097 0.65 0.242 0.66 0.282 1.03 0.439 0.876 1.116
1507 0.24 0.349 0.097 0.096 0.052 0.032 0.055 0.072 0.182 0.087 0.146 0.055 0.636 0.225 0.619 0.275 1.042 0.519 0.902 1.122
1508 0.21 0.38 0.04 0.193 0.046 0.09 0.057 0.14 0.09 0.236 0.086 0.142 0.659 0.257 0.531 0.221 1.01 0.579 0.838 1.146
1509 0.178 0.401 0.054 0.322 0.037 0.205 0.07 0.267 0.09 0.373 0.077 0.249 0.599 0.228 0.414 0.215 0.873 0.556 0.768 1.14
1510 0.168 0.456 0.064 0.451 0.055 0.329 0.074 0.39 0.072 0.5 0.088 0.36 0.547 0.209 0.331 0.173 0.778 0.512 0.768 1.161
1511 0.201 0.511 0.075 0.556 0.047 0.458 0.079 0.503 0.1 0.615 0.083 0.465 0.486 0.173 0.318 0.138 0.686 0.459 0.7 1.139
1512 0.224 0.558 0.06 0.634 0.06 0.559 0.114 0.612 0.075 0.736 0.109 0.547 0.433 0.181 0.304 0.112 0.712 0.385 0.661 1.127
1513 0.25 0.61 0.072 0.706 0.084 0.689 0.153 0.694 0.106 0.827 0.08 0.655 0.376 0.161 0.259 0.102 0.697 0.273 0.642 1.156
1514 0.272 0.653 0.071 0.826 0.076 0.822 0.195 0.824 0.116 0.93 0.059 0.707 0.303 0.172 0.231 0.23 0.674 0.21 0.606 1.157
1515 0.293 0.698 0.059 0.992 0.077 0.937 0.228 0.908 0.1 1.021 0.076 0.804 0.259 0.128 0.22 0.349 0.55 0.191 0.547 1.146
1516 0.278 0.768 0.079 1.099 0.065 1.02 0.136 1.027 0.058 1.135 0.066 0.899 0.195 0.18 0.205 0.462 0.456 0.157 0.52 1.169
1517 0.266 0.873 0.164 1.158 0.049 1.093 0.183 1.142 0.163 1.18 0.074 0.965 0.183 0.275 0.134 0.48 0.421 0.093 0.437 1.15
1518 0.321 0.911 0.252 1.165 0.07 1.158 0.329 1.146 0.291 1.169 0.072 0.985 0.218 0.366 0.119 0.547 0.358 0.068 0.356 1.144
1519 0.308 0.86 0.331 1.162 0.118 1.136 0.341 1.101 0.357 1.139 0.073 0.999 0.213 0.437 0.115 0.65 0.265 0.079 0.384 1.151
1520 0.281 0.897 0.341 1.151 0.21 1.129 0.443 1.112 0.413 1.14 0.086 1.054 0.221 0.496 0.167 0.78 0.158 0.094 0.459 1.126
1521 0.327 0.907 0.293 1.126 0.284 1.148 0.469 1.075 0.431 1.073 0.077 1.125 0.187 0.562 0.222 0.895 0.084 0.071 0.545 1.12
1522 0.344 0.873 0.351 1.127 0.244 1.119 0.45 1.021 0.416 0.989 0.169 1.111 0.175 0.643 0.305 0.972 0.089 0.178 0.609 1.077
1523 0.376 0.824 0.436 1.138 0.263 1.135 0.371 0.992 0.397 0.916 0.243 1.08 0.205 0.7 0.279 1.076 0.1 0.296 0.636 1.038
1524 0.413 0.797 0.506 1.14 0.353 1.159 0.267 0.909 0.338 0.883 0.269 1.109 0.26 0.731 0.391 1.066 0.094 0.422 0.549 0.999
1525 0.45 0.773 0.592 1.118 0.418 1.121 0.294 0.881 0.345 0.894 0.302 1.134 0.304 0.778 0.473 1.119 0.091 0.512 0.488 1.015
1526 0.486 0.776 0.673 1.148 0.473 1.07 0.273 0.852 0.415 0.95 0.389 1.097 0.28 0.818 0.546 1.116 0.077 0.561 0.43 0.997
1527 0.492 0.799 0.736 1.123 0.557 1.125 0.304 0.921 0.391 0.962 0.438 1.097 0.267 0.755 0.629 1.127 0.143 0.652 0.402 0.986
1528 0.473 0.832 0.8 1.066 0.609 1.045 0.304 0.897 0.373 0.967 0.559 1.086 0.264 0.693 0.644 1.127 0.179 0.736 0.482 0.928
1529 0.421 0.851 0.837 1.014 0.651 1.036 0.329 0.935 0.383 0.937 0.546 0.978 0.26 0.675 0.735 1.114 0.192 0.802 0.545 0.977
1530 0.466 0.932 0.9 1.034 0.738 1.058 0.283 0.89 0.32 0.875 0.618 1.015 0.233 0.682 0.821 1.107 0.249 0.868 0.488 0.961
1531 0.405 0.997 0.945 1.087 0.777 1.078 0.287 0.895 0.296 0.884 0.679 1.054 0.211 0.698 0.913 1.114 0.239 0.903 0.515 0.958
1532 0.31 1.031 1.023 1.097 0.747 0.976 0.314 0.952 0.333 0.853 0.713 1.106 0.202 0.731 0.96 1.134 0.298 0.915 0.578 0.985
1533 0.245 1.007 1.078 1.038 0.724 0.934 0.379 0.942 0.414 0.88 0.8 1.098 0.235 0.764 1.041 1.141 0.284 0.958 0.669 0.983
1534 0.291 0.893 1.138 0.988 0.716 0.916 0.412 0.993 0.499 0.945 0.911 1.123 0.242 0.801 1.125 1.135 0.297 0.876 0.7 0.933
1535 0.322 0.857 1.097 0.886 0.743 0.861 0.444 1.042 0.565 1.003 1.004 1.137 0.224 0.837 1.166 1.099 0.421 0.868 0.662 0.875
1536 0.369 0.834 1.091 0.783 0.675 0.775 0.467 1.094 0.602 1.074 1.071 1.123 0.218 0.874 1.161 1.036 0.547 0.924 0.659 0.835
1537 0.48 0.851 1.045 0.762 0.626 0.757 0.547 1.091 0.645 1.1 1.115 1.062 0.252 0.897 1.143 0.955 0.552 0.918 0.667 0.792
1538 0.544 0.884 1.02 0.698 0.514 0.777 0.63 1.072 0.735 1.083 1.139 0.98 0.339 0.904 1.117 0.928 0.556 0.907 0.698 0.77
1539 0.648 0.83 1.043 0.642 0.462 0.786 0.69 1.083 0.837 1.077 1.163 0.851 0.405 0.87 1.111 0.832 0.639 0.944 0.735 0.767
1540 0.768 0.84 1.108 0.596 0.452 0.747 0.76 1.064 0.941 1.09 1.175 0.699 0.431 0.806 1.126 0.696 0.719 0.927 0.783 0.783
1541 0.902 0.864 1.147 0.543 0.429 0.714 0.804 1.08 1.018 1.076 1.173 0.697 0.446 0.759 1.175 0.649 0.823 0.95 0.821 0.766
1542 0.949 0.889 1.161 0.46 0.444 0.689 0.846 1.106 1.045 1.013 1.163 0.708 0.37 0.737 1.163 0.662 0.892 1.025 0.849 0.742
1543 1.048 0.929 1.144 0.402 0.419 0.638 0.867 1.13 0.99 0.975 1.166 0.627 0.315 0.853 1.171 0.587 0.959 1.101 0.875 0.701
1544 1.089 0.87 1.048 0.387 0.393 0.584 0.925 1.134 1.019 1.064 1.142 0.545 0.243 0.952 1.149 0.497 1.065 1.134 0.856 0.658
1545 1.027 0.803 0.985 0.363 0.367 0.587 0.968 1.091 1.094 1.117 1.15 0.499 0.166 1.005 1.107 0.436 1.146 1.087 0.826 0.62
1546 0.948 0.779 0.977 0.303 0.353 0.54 0.984 1.024 1.157 1.027 1.145 0.373 0.111 0.999 1.135 0.372 1.137 0.968 0.804 0.566
1547 0.872 0.748 1.005 0.233 0.352 0.506 0.971 0.967 1.167 0.91 1.156 0.241 0.068 0.978 1.142 0.232 1.142 0.85 0.784 0.536
1548 0.859 0.678 1.044 0.16 0.336 0.483 0.965 0.906 1.159 0.802 1.179 0.22 0.081 1.031 1.151 0.128 1.125 0.728 0.74 0.541
1549 0.836 0.586 1.116 0.046 0.316 0.521 0.93 0.862 1.149 0.681 1.161 0.179 0.123 1.005 1.127 0.08 1.133 0.596 0.722 0.491
1550 0.807 0.506 1.022 0.073 0.28 0.538 0.908 0.822 1.126 0.556 1.163 0.107 0.148 0.978 1.17 0.082 1.145 0.469 0.709 0.43
1551 0.763 0.402 0.894 0.096 0.26 0.505 0.879 0.794 1.139 0.425 1.139 0.101 0.226 0.919 1.142 0.07 1.156 0.328 0.658 0.43
1552 0.695 0.329 0.761 0.098 0.228 0.455 0.843 0.781 1.146 0.28 1.054 0.113 0.216 1.013 1.171 0.09 1.167 0.197 0.658 0.428
1553 0.608 0.302 0.634 0.101 0.194 0.454 0.818 0.789 1.152 0.157 1.014 0.082 0.139 1.044 1.136 0.114 1.177 0.117 0.638 0.435
1554 0.548 0.244 0.518 0.078 0.175 0.475 0.778 0.772 1.192 0.138 0.961 0.066 0.086 1.085 1.085 0.072 1.157 0.093 0.621 0.38
1555 0.527 0.179 0.4 0.088 0.144 0.445 0.749 0.741 1.155 0.182 0.843 0.075 0.061 1.131 0.967 0.094 1.034 0.055 0.691 0.376
1556 0.455 0.149 0.283 0.069 0.159 0.407 0.724 0.715 1.076 0.168 0.733 0.063 0.073 1.184 0.843 0.115 0.978 0.072 0.731 0.409
1557 0.407 0.227 0.218 0.081 0.169 0.372 0.729 0.675 1.039 0.256 0.668 0.042 0.112 1.189 0.711 0.121 0.854 0.076 0.735 0.454
1558 0.378 0.341 0.157 0.164 0.209 0.346 0.744 0.629 0.992 0.365 0.586 0.07 0.193 1.151 0.667 0.068 0.731 0.054 0.762 0.453
1559 0.389 0.466 0.172 0.278 0.207 0.308 0.737 0.585 0.907 0.4 0.493 0.05 0.261 1.151 0.592 0.054 0.662 0.055 0.763 0.449
1560 0.366 0.55 0.169 0.325 0.134 0.388 0.697 0.549 0.831 0.4 0.388 0.049 0.316 1.14 0.48 0.057 0.535 0.054 0.754 0.452
1561 0.367 0.659 0.134 0.349 0.156 0.518 0.681 0.499 0.761 0.384 0.32 0.036 0.398 1.153 0.376 0.07 0.415 0.052 0.767 0.402
1562 0.419 0.748 0.13 0.399 0.229 0.639 0.675 0.453 0.713 0.306 0.25 0.048 0.47 1.151 0.307 0.079 0.313 0.036 0.747 0.375
1563 0.468 0.866 0.138 0.442 0.308 0.766 0.704 0.453 0.729 0.207 0.165 0.042 0.548 1.128 0.254 0.136 0.224 0.051 0.701 0.396
1564 0.515 1.01 0.151 0.478 0.474 0.886 0.752 0.436 0.779 0.136 0.095 0.047 0.618 1.137 0.179 0.239 0.101 0.072 0.723 0.431
1565 0.535 1.102 0.149 0.512 0.659 1.061 0.811 0.41 0.801 0.1 0.067 0.126 0.692 1.151 0.085 0.285 0.048 0.176 0.714 0.481
1566 0.564 1.13 0.162 0.558 0.769 1.122 0.85 0.448 0.828 0.073 0.053 0.218 0.755 1.152 0.078 0.406 0.038 0.319 0.688 0.522
1567 0.645 1.146 0.23 0.574 0.897 1.107 0.884 0.492 0.893 0.075 0.053 0.309 0.828 1.141 0.112 0.533 0.047 0.459 0.729 0.541
1568 0.708 1.11 0.32 0.577 1.015 1.089 0.912 0.52 0.921 0.11 0.056 0.43 0.913 1.151 0.117 0.66 0.048 0.579 0.741 0.58
1569 0.763 1.157 0.396 0.605 1.115 1.041 0.937 0.542 0.958 0.141 0.065 0.504 0.998 1.156 0.109 0.777 0.058 0.713 0.739 0.614
1570 0.838 1.132 0.411 0.616 1.143 0.901 0.968 0.567 1.035 0.171 0.082 0.618 1.052 1.159 0.166 0.885 0.068 0.819 0.752 0.652
1571 0.91 1.125 0.411 0.618 1.155 0.769 0.986 0.601 1.103 0.164 0.13 0.686 1.1 1.147 0.26 0.959 0.068 0.908 0.786 0.673
1572 0.983 1.083 0.411 0.644 1.162 0.657 1.009 0.64 1.152 0.141 0.121 0.768 1.131 1.132 0.384 0.985 0.078 0.968 0.79 0.717
1573 1.054 1.095 0.421 0.679 1.159 0.544 1.058 0.66 1.171 0.227 0.148 0.853 1.148 1.111 0.509 0.953 0.089 1.054 0.791 0.705
1574 1.109 1.126 0.41 0.743 1.163 0.455 1.106 0.641 1.157 0.313 0.217 0.918 1.168 1.082 0.637 0.929 0.079 1.151 0.754 0.734
1575 1.141 1.114 0.365 0.76 1.163 0.382 1.116 0.587 1.172 0.352 0.324 0.909 1.168 1.039 0.756 0.951 0.159 1.154 0.731 0.787
1576 1.164 1.049 0.353 0.755 1.14 0.283 1.084 0.562 1.176 0.279 0.469 0.92 1.165 0.995 0.855 1.024 0.244 1.139 0.747 0.787
1577 1.138 0.994 0.361 0.729 1.129 0.196 1.048 0.56 1.183 0.208 0.547 0.895 1.151 0.952 0.968 1.066 0.294 1.065 0.734 0.74
1578 1.122 0.944 0.382 0.706 1.161 0.085 1.018 0.545 1.161 0.205 0.657 0.929 1.133 0.915 1.079 1.058 0.312 1.016 0.778 0.688
1579 1.162 0.911 0.37 0.675 1.098 0.039 1.001 0.509 1.146 0.144 0.67 1.009 1.126 0.875 1.148 1.008 0.245 0.954 0.866 0.661
1580 1.141 0.801 0.376 0.633 1.032 0.056 0.963 0.48 1.118 0.06 0.651 1.114 1.114 0.793 1.152 0.944 0.18 0.896 0.949 0.682
1581 1.125 0.712 0.439 0.627 0.97 0.102 0.938 0.436 1.157 0.043 0.765 1.128 1.096 0.746 1.154 0.883 0.137 0.869 1.033 0.686
1582 1.138 0.606 0.49 0.605 1.066 0.095 0.914 0.397 1.174 0.109 0.841 1.12 1.087 0.705 1.126 0.817 0.084 0.889 1.067 0.578
1583 1.145 0.534 0.52 0.584 1.134 0.079 0.906 0.358 1.171 0.183 0.933 1.135 1.129 0.706 1.071 0.769 0.112 0.8 1.079 0.464
1584 1.146 0.491 0.576 0.577 1.163 0.156 0.887 0.316 1.171 0.27 1.001 1.111 1.064 0.666 1.114 0.741 0.188 0.689 1.085 0.377
1585 1.158 0.366 0.625 0.584 1.167 0.291 0.895 0.262 1.123 0.327 1.018 1.002 1.104 0.579 1.092 0.697 0.246 0.592 1.113 0.375
1586 1.158 0.344 0.737 0.567 1.151 0.294 0.928 0.219 1.114 0.344 1.013 0.945 1.103 0.479 1.104 0.636 0.373 0.558 1.16 0.427
1587 1.175 0.301 0.8 0.521 1.102 0.247 0.962 0.19 1.099 0.39 1.059 0.91 1.121 0.404 1.129 0.568 0.491 0.543 1.142 0.427
1588 1.165 0.201 0.855 0.447 0.998 0.223 0.92 0.156 1.09 0.351 1.136 0.838 1.148 0.497 1.136 0.518 0.619 0.488 1.132 0.514
1589 1.123 0.137 0.894 0.387 0.949 0.151 0.924 0.099 1.131 0.329 1.125 0.734 1.134 0.484 1.148 0.525 0.719 0.464 1.108 0.55
1590 1.035 0.102 0.901 0.3 0.942 0.089 0.896 0.088 1.111 0.271 1.135 0.64 1.089 0.432 1.132 0.44 0.833 0.405 1.135 0.484
1591 0.964 0.051 0.94 0.234 0.945 0.058 0.855 0.072 1.056 0.175 1.093 0.522 1.085 0.313 1.155 0.403 0.943 0.364 1.111 0.414
1592 0.892 0.05 0.923 0.158 0.882 0.077 0.803 0.099 1.016 0.071 1.098 0.396 1.057 0.201 1.17 0.372 0.964 0.269 1.125 0.298
1593 0.877 0.088 0.822 0.151 0.791 0.072 0.764 0.126 0.909 0.058 1.134 0.405 0.982 0.147 1.105 0.299 0.917 0.175 1.115 0.174
1594 0.799 0.107 0.713 0.126 0.702 0.076 0.709 0.134 0.803 0.05 1.097 0.322 0.896 0.109 1.018 0.192 0.849 0.114 0.997 0.084
1595 0.682 0.09 0.662 0.155 0.598 0.077 0.6 0.133 0.73 0.068 1.092 0.287 0.795 0.141 0.949 0.117 0.78 0.102 0.863 0.07
1596 0.549 0.073 0.609 0.201 0.494 0.08 0.497 0.145 0.641 0.102 1.071 0.267 0.676 0.158 0.853 0.132 0.729 0.097 0.731 0.052
1597 0.44 0.082 0.564 0.247 0.403 0.095 0.404 0.151 0.514 0.137 1.062 0.228 0.545 0.174 0.708 0.133 0.679 0.154 0.629 0.062
1598 0.329 0.068 0.528 0.294 0.306 0.085 0.38 0.146 0.383 0.135 1.063 0.169 0.44 0.176 0.592 0.168 0.616 0.209 0.509 0.061
1599 0.23 0.068 0.517 0.355 0.24 0.165 0.328 0.162 0.415 0.068 1.137 0.129 0.391 0.157 0.439 0.158 0.563 0.276 0.422 0.042
1600 0.131 0.161 0.509 0.404 0.124 0.216 0.138 0.249 0.319 0.101 1.181 0.107 0.289 0.187 0.354 0.175 0.473 0.301 0.329 0.054
1601 0.057 0.245 0.476 0.424 0.077 0.317 0.129 0.375 0.233 0.133 1.178 0.064 0.233 0.201 0.276 0.173 0.397 0.342 0.24 0.043
1602 0.074 0.35 0.414 0.431 0.082 0.4 0.132 0.499 0.118 0.156 1.124 0.07 0.162 0.227 0.187 0.165 0.411 0.381 0.163 0.043
1603 0.091 0.429 0.375 0.475 0.117 0.488 0.146 0.632 0.049 0.232 1.077 0.121 0.095 0.286 0.102 0.239 0.436 0.423 0.119 0.076
1604 0.121 0.543 0.398 0.534 0.14 0.631 0.114 0.739 0.045 0.366 1.01 0.096 0.082 0.364 0.082 0.34 0.388 0.448 0.069 0.068
1605 0.111 0.684 0.412 0.602 0.108 0.759 0.126 0.854 0.053 0.54 0.992 0.062 0.084 0.524 0.072 0.414 0.351 0.504 0.055 0.092
1606 0.081 0.804 0.413 0.671 0.133 0.825 0.221 0.937 0.064 0.694 0.958 0.041 0.071 0.649 0.056 0.509 0.319 0.564 0.054 0.196
1607 0.112 0.905 0.36 0.712 0.211 0.892 0.321 1.018 0.07 0.832 0.912 0.069 0.045 0.755 0.059 0.607 0.311 0.601 0.052 0.308
1608 0.208 0.977 0.304 0.733 0.278 0.992 0.43 1.087 0.078 0.952 0.87 0.094 0.07 0.835 0.064 0.693 0.341 0.623 0.045 0.387
1609 0.29 1.091 0.26 0.771 0.325 1.002 0.563 1.079 0.099 1.04 0.832 0.087 0.074 0.928 0.094 0.765 0.407 0.619 0.071 0.497
1610 0.194 1.17 0.249 0.858 0.313 1.112 0.699 1.085 0.115 1.127 0.797 0.08 0.081 1.007 0.126 0.822 0.431 0.664 0.098 0.596
1611 0.156 1.183 0.266 0.961 0.183 1.142 0.82 1.09 0.12 1.14 0.751 0.099 0.052 1.088 0.102 0.915 0.408 0.661 0.1 0.706
1612 0.073 1.127 0.291 0.993 0.21 1.172 0.912 1.038 0.084 1.111 0.716 0.106 0.074 1.089 0.07 1.015 0.381 0.674 0.156 0.784
1613 0.066 1.122 0.332 1.012 0.244 1.148 0.973 0.951 0.108 1.141 0.654 0.139 0.071 1.034 0.084 0.997 0.383 0.669 0.182 0.899
1614 0.102 1.163 0.387 1.065 0.338 1.122 1.062 0.921 0.168 1.132 0.602 0.158 0.1 1.043 0.102 1.023 0.414 0.644 0.246 0.989
1615 0.094 1.099 0.438 1.086 0.434 1.147 1.134 0.948 0.262 1.141 0.546 0.098 0.126 1.038 0.142 1.012 0.487 0.611 0.277 1.065
1616 0.163 1.071 0.493 1.086 0.546 1.136 1.141 1.041 0.368 1.138 0.589 0.071 0.128 1.026 0.217 0.961 0.513 0.585 0.372 1.117
1617 0.202 1.099 0.537 1.105 0.647 1.137 1.145 1.125 0.5 1.14 0.664 0.073 0.198 0.989 0.297 0.964 0.511 0.555 0.487 1.124
1618 0.254 1.134 0.613 1.121 0.748 1.122 1.088 1.105 0.53 1.165 0.707 0.124 0.327 1.02 0.371 1.026 0.512 0.601 0.593 1.106
1619 0.303 1.155 0.773 1.119 0.844 1.125 1.063 1.009 0.609 1.146 0.692 0.209 0.428 1.033 0.451 0.976 0.511 0.562 0.7 1.122
1620 0.328 1.154 0.903 1.125 0.922 1.125 1.042 0.908 0.721 1.125 0.704 0.314 0.476 0.945 0.49 0.902 0.514 0.519 0.835 1.119
1621 0.383 1.129 1.023 1.105 1.059 1.142 1.075 0.799 0.826 1.132 0.711 0.402 0.502 0.848 0.562 0.836 0.474 0.536 0.943 1.138
1622 0.391 1.162 1.151 1.095 1.129 1.125 1.093 0.719 0.916 1.104 0.721 0.498 0.607 0.804 0.629 0.855 0.488 0.582 1.028 1.162
1623 0.331 1.154 1.144 0.993 1.166 1.059 1.092 0.614 0.956 1.1 0.737 0.611 0.725 0.856 0.75 0.863 0.518 0.611 1.076 1.156
1624 0.282 1.152 1.15 0.931 1.152 0.965 1.109 0.509 1.018 1.074 0.792 0.701 0.841 0.888 0.831 0.941 0.463 0.605 1.095 1.109
1625 0.231 1.115 1.145 0.868 1.111 0.877 1.108 0.443 1.043 1.057 0.849 0.754 0.943 0.919 0.916 1.013 0.466 0.579 1.068 1.016
1626 0.21 1.077 1.129 0.776 1.085 0.769 1.104 0.327 1.051 1.012 0.954 0.836 1.0 0.96 1.0 1.058 0.476 0.617 1.042 0.958
1627 0.214 1.028 1.113 0.701 1.065 0.664 1.077 0.201 1.06 1.011 0.985 0.915 1.021 0.975 1.071 1.066 0.496 0.679 1.092 0.973
1628 0.215 0.979 1.119 0.61 1.037 0.648 1.066 0.139 1.126 1.094 0.998 0.968 1.014 0.971 1.109 1.128 0.541 0.718 1.14 0.985
1629 0.169 0.949 1.122 0.495 0.987 0.647 0.968 0.104 1.072 1.128 1.015 0.982 1.041 1.006 1.035 1.142 0.618 0.726 1.144 1.056
1630 0.134 0.927 1.098 0.428 1.018 0.548 0.862 0.099 1.023 1.075 0.976 0.999 1.048 1.047 0.963 1.139 0.679 0.719 1.137 1.106
1631 0.13 0.889 1.079 0.481 1.091 0.511 0.764 0.073 0.999 1.098 0.953 0.972 1.078 1.028 0.913 1.111 0.76 0.691 1.104 1.132
1632 0.125 0.839 1.14 0.513 1.087 0.555 0.679 0.069 0.957 1.034 1.001 0.966 1.122 1.001 0.955 1.121 0.851 0.679 1.062 1.116
1633 0.118 0.791 1.151 0.553 1.076 0.687 0.577 0.048 0.948 1.083 1.041 0.954 1.11 0.919 0.95 1.15 0.923 0.715 1.059 0.988
1634 0.142 0.743 1.124 0.675 1.11 0.813 0.479 0.047 0.951 1.121 1.107 0.89 1.103 0.834 0.999 1.137 0.954 0.775 1.096 0.941
1635 0.157 0.641 1.123 0.789 1.104 0.799 0.381 0.083 1.021 1.088 1.102 0.857 1.106 0.817 1.006 1.134 0.96 0.834 1.116 0.902
1636 0.137 0.52 1.095 0.732 1.065 0.752 0.272 0.094 1.05 1.049 1.04 0.788 1.056 0.778 1.087 1.103 0.945 0.892 1.094 0.84
1637 0.14 0.406 1.122 0.653 1.108 0.66 0.222 0.131 1.101 1.057 1.106 0.703 1.126 0.71 1.145 1.119 0.887 0.926 1.083 0.806
1638 0.111 0.307 1.155 0.559 1.129 0.561 0.13 0.1 1.13 1.099 1.146 0.682 1.163 0.641 1.167 1.137 0.81 0.941 1.088 0.773
1639 0.096 0.213 1.176 0.478 1.125 0.462 0.089 0.063 1.14 1.112 1.135 0.544 1.162 0.552 1.141 1.147 0.753 0.879 1.084 0.724
1640 0.071 0.121 1.168 0.372 1.133 0.364 0.075 0.038 1.158 1.113 1.147 0.423 1.164 0.455 1.138 1.134 0.736 0.841 1.095 0.703
1641 0.059 0.068 1.18 0.266 1.125 0.271 0.076 0.042 1.157 1.141 1.159 0.31 1.131 0.399 1.091 1.091 0.753 0.728 1.111 0.663
1642 0.05 0.041 1.167 0.165 1.15 0.203 0.092 0.039 1.118 1.137 1.163 0.196 1.145 0.282 1.047 1.059 0.779 0.614 1.092 0.631
1643 0.094 0.048 1.179 0.081 1.162 0.112 0.133 0.059 1.106 1.088 1.158 0.083 1.17 0.209 1.026 1.051 0.826 0.562 1.081 0.595
