# Time(s) fish0X fish0Y
0.000 0.267 0.217
1.000 0.265 0.217
2.000 0.265 0.217
3.000 0.265 0.217
4.000 0.265 0.217
5.000 0.265 0.217
6.000 0.265 0.217
7.000 0.265 0.217
8.000 0.265 0.217
9.000 0.265 0.217
10.000 0.265 0.217
11.000 0.267 0.217
12.000 0.267 0.217
13.000 0.267 0.209
14.000 0.265 0.209
15.000 0.265 0.209
16.000 0.265 0.209
17.000 0.265 0.209
18.000 0.265 0.209
19.000 0.265 0.209
20.000 0.265 0.209
21.000 0.265 0.209
22.000 0.265 0.209
23.000 0.265 0.209
24.000 0.265 0.209
25.000 0.265 0.209
26.000 0.265 0.209
27.000 0.265 0.209
28.000 0.265 0.209
29.000 0.265 0.209
30.000 0.265 0.209
31.000 0.265 0.209
32.000 0.265 0.209
33.000 0.265 0.209
34.000 0.265 0.209
35.000 0.265 0.212
36.000 0.265 0.212
37.000 0.265 0.212
38.000 0.265 0.212
39.000 0.265 0.212
40.000 0.265 0.212
41.000 0.265 0.209
42.000 0.265 0.209
43.000 0.265 0.209
44.000 0.265 0.209
45.000 0.265 0.209
46.000 0.265 0.209
47.000 0.265 0.209
48.000 0.265 0.209
49.000 0.265 0.209
50.000 0.265 0.209
51.000 0.265 0.209
52.000 0.265 0.209
53.000 0.263 0.207
54.000 0.263 0.207
55.000 0.263 0.207
56.000 0.263 0.207
57.000 0.263 0.207
58.000 0.263 0.207
59.000 0.263 0.207
60.000 0.263 0.207
61.000 0.263 0.207
62.000 0.263 0.207
63.000 0.263 0.207
64.000 0.263 0.207
65.000 0.263 0.207
66.000 0.263 0.207
67.000 0.263 0.207
68.000 0.263 0.207
69.000 0.263 0.207
70.000 0.263 0.207
71.000 0.263 0.207
72.000 0.263 0.207
73.000 0.263 0.207
74.000 0.265 0.209
75.000 0.265 0.209
76.000 0.265 0.209
77.000 0.265 0.209
78.000 0.265 0.209
79.000 0.265 0.209
80.000 0.265 0.209
81.000 0.265 0.209
82.000 0.265 0.209
83.000 0.265 0.209
84.000 0.265 0.209
85.000 0.265 0.209
86.000 0.265 0.209
87.000 0.265 0.209
88.000 0.265 0.209
89.000 0.265 0.209
90.000 0.265 0.209
91.000 0.265 0.209
92.000 0.265 0.209
93.000 0.265 0.209
94.000 0.265 0.209
95.000 0.265 0.209
96.000 0.265 0.209
97.000 0.265 0.209
98.000 0.265 0.209
99.000 0.265 0.209
100.000 0.265 0.209
101.000 0.265 0.209
102.000 0.265 0.209
103.000 0.265 0.209
104.000 0.265 0.209
105.000 0.265 0.209
106.000 0.265 0.209
107.000 0.265 0.209
108.000 0.265 0.209
109.000 0.265 0.209
110.000 0.267 0.214
111.000 0.267 0.214
112.000 0.267 0.214
113.000 0.284 0.195
114.000 0.301 0.237
115.000 0.257 0.261
116.000 0.209 0.261
117.000 0.200 0.224
118.000 0.240 0.209
119.000 0.238 0.222
120.000 0.230 0.232
121.000 0.194 0.252
122.000 0.165 0.244
123.000 0.165 0.227
124.000 0.157 0.202
125.000 0.129 0.160
126.000 0.096 0.129
127.000 0.041 0.114
128.000 0.016 0.153
129.000 0.020 0.217
130.000 0.024 0.282
131.000 0.057 0.290
132.000 0.119 0.279
133.000 0.167 0.274
134.000 0.202 0.281
135.000 0.232 0.284
136.000 0.250 0.264
137.000 0.265 0.239
138.000 0.246 0.214
139.000 0.205 0.222
140.000 0.182 0.259
141.000 0.177 0.291
142.000 0.219 0.323
143.000 0.255 0.343
144.000 0.296 0.350
145.000 0.305 0.311
146.000 0.296 0.274
147.000 0.269 0.247
148.000 0.244 0.212
149.000 0.257 0.202
150.000 0.255 0.200
151.000 0.255 0.200
152.000 0.267 0.200
153.000 0.284 0.195
154.000 0.294 0.229
155.000 0.290 0.244
156.000 0.271 0.279
157.000 0.263 0.301
158.000 0.261 0.311
159.000 0.288 0.318
160.000 0.303 0.316
161.000 0.307 0.296
162.000 0.309 0.264
163.000 0.305 0.242
164.000 0.292 0.209
165.000 0.263 0.214
166.000 0.255 0.200
167.000 0.246 0.197
168.000 0.240 0.195
169.000 0.246 0.195
170.000 0.244 0.195
171.000 0.244 0.195
172.000 0.244 0.195
173.000 0.244 0.195
174.000 0.244 0.195
175.000 0.244 0.195
176.000 0.244 0.195
177.000 0.244 0.195
178.000 0.244 0.195
179.000 0.244 0.195
180.000 0.244 0.195
181.000 0.244 0.195
182.000 0.244 0.195
183.000 0.244 0.195
184.000 0.244 0.195
185.000 0.244 0.195
186.000 0.244 0.195
187.000 0.244 0.195
188.000 0.244 0.195
189.000 0.248 0.192
190.000 0.269 0.187
191.000 0.275 0.209
192.000 0.253 0.239
193.000 0.232 0.249
194.000 0.217 0.247
195.000 0.200 0.237
196.000 0.190 0.232
197.000 0.198 0.232
198.000 0.198 0.232
199.000 0.198 0.232
200.000 0.198 0.232
201.000 0.196 0.239
202.000 0.196 0.239
203.000 0.196 0.239
204.000 0.196 0.239
205.000 0.196 0.239
206.000 0.196 0.239
207.000 0.196 0.239
208.000 0.196 0.239
209.000 0.196 0.239
210.000 0.196 0.239
211.000 0.196 0.239
212.000 0.196 0.239
213.000 0.196 0.239
214.000 0.196 0.239
215.000 0.196 0.239
216.000 0.196 0.239
217.000 0.196 0.239
218.000 0.196 0.234
219.000 0.196 0.234
220.000 0.196 0.234
221.000 0.196 0.234
222.000 0.196 0.234
223.000 0.196 0.234
224.000 0.196 0.234
225.000 0.196 0.234
226.000 0.196 0.234
227.000 0.198 0.239
228.000 0.198 0.239
229.000 0.198 0.239
230.000 0.198 0.239
231.000 0.198 0.239
232.000 0.198 0.239
233.000 0.198 0.239
234.000 0.198 0.239
235.000 0.198 0.239
236.000 0.198 0.239
237.000 0.198 0.239
238.000 0.198 0.239
239.000 0.198 0.239
240.000 0.198 0.239
241.000 0.196 0.234
242.000 0.196 0.234
243.000 0.196 0.234
244.000 0.213 0.252
245.000 0.198 0.274
246.000 0.205 0.316
247.000 0.207 0.301
248.000 0.227 0.306
249.000 0.255 0.296
250.000 0.263 0.254
251.000 0.284 0.229
252.000 0.267 0.202
253.000 0.223 0.192
254.000 0.190 0.205
255.000 0.184 0.200
256.000 0.173 0.200
257.000 0.165 0.200
258.000 0.163 0.224
259.000 0.184 0.271
260.000 0.186 0.276
261.000 0.188 0.296
262.000 0.188 0.287
263.000 0.242 0.239
264.000 0.186 0.294
265.000 0.184 0.301
266.000 0.184 0.298
267.000 0.184 0.298
268.000 0.184 0.298
269.000 0.184 0.298
270.000 0.184 0.298
271.000 0.184 0.298
272.000 0.184 0.298
273.000 0.184 0.298
274.000 0.184 0.298
275.000 0.184 0.298
276.000 0.184 0.298
277.000 0.184 0.298
278.000 0.184 0.298
279.000 0.184 0.298
280.000 0.184 0.298
281.000 0.184 0.298
282.000 0.184 0.298
283.000 0.184 0.298
284.000 0.184 0.298
285.000 0.184 0.298
286.000 0.184 0.298
287.000 0.184 0.298
288.000 0.184 0.298
289.000 0.184 0.298
290.000 0.184 0.298
291.000 0.184 0.298
292.000 0.184 0.298
293.000 0.184 0.298
294.000 0.184 0.298
295.000 0.184 0.298
296.000 0.184 0.298
297.000 0.184 0.298
298.000 0.184 0.298
299.000 0.182 0.289
300.000 0.182 0.289
301.000 0.182 0.289
302.000 0.182 0.289
303.000 0.182 0.289
304.000 0.182 0.289
305.000 0.182 0.289
306.000 0.182 0.289
307.000 0.182 0.289
308.000 0.182 0.289
309.000 0.182 0.289
310.000 0.182 0.289
311.000 0.182 0.289
312.000 0.182 0.289
313.000 0.182 0.289
314.000 0.182 0.289
315.000 0.182 0.289
316.000 0.182 0.289
317.000 0.182 0.289
318.000 0.182 0.289
319.000 0.182 0.289
320.000 0.182 0.289
321.000 0.182 0.289
322.000 0.182 0.289
323.000 0.182 0.289
324.000 0.182 0.294
325.000 0.182 0.294
326.000 0.182 0.294
327.000 0.182 0.294
328.000 0.182 0.294
329.000 0.182 0.294
330.000 0.182 0.294
331.000 0.182 0.294
332.000 0.169 0.289
333.000 0.169 0.274
334.000 0.202 0.239
335.000 0.246 0.224
336.000 0.271 0.244
337.000 0.261 0.269
338.000 0.227 0.281
339.000 0.211 0.276
340.000 0.211 0.264
341.000 0.213 0.237
342.000 0.202 0.227
343.000 0.177 0.232
344.000 0.190 0.256
345.000 0.196 0.269
346.000 0.209 0.294
347.000 0.202 0.311
348.000 0.200 0.331
349.000 0.211 0.331
350.000 0.217 0.365
351.000 0.246 0.345
352.000 0.267 0.331
353.000 0.286 0.311
354.000 0.309 0.289
355.000 0.292 0.261
356.000 0.280 0.224
357.000 0.278 0.214
358.000 0.296 0.195
359.000 0.284 0.177
360.000 0.255 0.155
361.000 0.230 0.195
362.000 0.211 0.202
363.000 0.184 0.207
364.000 0.165 0.207
365.000 0.154 0.207
366.000 0.125 0.187
367.000 0.104 0.177
368.000 0.064 0.160
369.000 0.035 0.102
370.000 0.032 0.050
371.000 0.024 0.032
372.000 0.025 0.053
373.000 0.048 0.038
374.000 0.044 0.025
375.000 0.022 0.051
376.000 0.044 0.073
377.000 0.083 0.060
378.000 0.095 0.026
379.000 0.058 0.023
380.000 0.006 0.026
381.000 0.006 0.052
382.000 0.036 0.080
383.000 0.079 0.099
384.000 0.123 0.085
385.000 0.172 0.058
386.000 0.191 0.017
387.000 0.217 0.019
388.000 0.240 0.014
389.000 0.251 0.036
390.000 0.229 0.074
391.000 0.227 0.128
392.000 0.211 0.175
393.000 0.207 0.192
394.000 0.196 0.234
395.000 0.182 0.274
396.000 0.186 0.284
397.000 0.196 0.296
398.000 0.234 0.313
399.000 0.238 0.308
400.000 0.244 0.308
401.000 0.244 0.308
402.000 0.244 0.308
403.000 0.244 0.308
404.000 0.244 0.308
405.000 0.244 0.311
406.000 0.244 0.311
407.000 0.244 0.311
408.000 0.244 0.311
409.000 0.244 0.311
410.000 0.244 0.311
411.000 0.244 0.311
412.000 0.246 0.311
413.000 0.240 0.311
414.000 0.240 0.311
415.000 0.240 0.311
416.000 0.240 0.311
417.000 0.240 0.311
418.000 0.240 0.311
419.000 0.240 0.311
420.000 0.240 0.311
421.000 0.240 0.311
422.000 0.242 0.311
423.000 0.242 0.311
424.000 0.242 0.311
425.000 0.242 0.311
426.000 0.242 0.311
427.000 0.242 0.311
428.000 0.242 0.311
429.000 0.242 0.311
430.000 0.242 0.311
431.000 0.242 0.311
432.000 0.244 0.311
433.000 0.244 0.311
434.000 0.244 0.311
435.000 0.244 0.311
436.000 0.244 0.311
437.000 0.244 0.311
438.000 0.244 0.311
439.000 0.244 0.311
440.000 0.244 0.311
441.000 0.244 0.311
442.000 0.244 0.311
443.000 0.244 0.311
444.000 0.244 0.311
445.000 0.244 0.311
446.000 0.244 0.311
447.000 0.244 0.311
448.000 0.244 0.311
449.000 0.244 0.311
450.000 0.244 0.311
451.000 0.244 0.311
452.000 0.244 0.311
453.000 0.244 0.311
454.000 0.244 0.311
455.000 0.244 0.311
456.000 0.244 0.311
457.000 0.244 0.311
458.000 0.244 0.311
459.000 0.244 0.311
460.000 0.244 0.311
461.000 0.242 0.311
462.000 0.242 0.311
463.000 0.242 0.311
464.000 0.242 0.311
465.000 0.242 0.311
466.000 0.242 0.311
467.000 0.242 0.311
468.000 0.242 0.311
469.000 0.242 0.311
470.000 0.242 0.311
471.000 0.242 0.311
472.000 0.242 0.311
473.000 0.242 0.311
474.000 0.242 0.311
475.000 0.242 0.311
476.000 0.242 0.311
477.000 0.242 0.311
478.000 0.242 0.311
479.000 0.242 0.311
480.000 0.242 0.311
481.000 0.242 0.311
482.000 0.242 0.311
483.000 0.242 0.311
484.000 0.242 0.311
485.000 0.242 0.311
486.000 0.242 0.311
487.000 0.242 0.311
488.000 0.242 0.311
489.000 0.242 0.311
490.000 0.242 0.311
491.000 0.242 0.311
492.000 0.238 0.313
493.000 0.217 0.311
494.000 0.209 0.276
495.000 0.232 0.242
496.000 0.261 0.232
497.000 0.282 0.224
498.000 0.263 0.202
499.000 0.238 0.197
500.000 0.217 0.217
501.000 0.194 0.237
502.000 0.188 0.259
503.000 0.186 0.266
504.000 0.186 0.269
505.000 0.186 0.269
506.000 0.186 0.269
507.000 0.186 0.269
508.000 0.186 0.269
509.000 0.186 0.269
510.000 0.186 0.269
511.000 0.186 0.269
512.000 0.186 0.269
513.000 0.186 0.269
514.000 0.186 0.269
515.000 0.186 0.269
516.000 0.186 0.269
517.000 0.188 0.269
518.000 0.188 0.261
519.000 0.188 0.261
520.000 0.188 0.261
521.000 0.188 0.261
522.000 0.188 0.261
523.000 0.188 0.261
524.000 0.188 0.261
525.000 0.188 0.261
526.000 0.188 0.261
527.000 0.188 0.261
528.000 0.188 0.261
529.000 0.188 0.261
530.000 0.188 0.261
531.000 0.188 0.261
532.000 0.188 0.261
533.000 0.188 0.261
534.000 0.188 0.261
535.000 0.188 0.261
536.000 0.188 0.261
537.000 0.188 0.261
538.000 0.188 0.261
539.000 0.188 0.261
540.000 0.188 0.261
541.000 0.188 0.261
542.000 0.188 0.261
543.000 0.188 0.261
544.000 0.188 0.261
545.000 0.188 0.261
546.000 0.188 0.261
547.000 0.186 0.261
548.000 0.186 0.261
549.000 0.186 0.261
550.000 0.186 0.261
551.000 0.186 0.261
552.000 0.186 0.261
553.000 0.186 0.261
554.000 0.186 0.261
555.000 0.186 0.261
556.000 0.186 0.261
557.000 0.186 0.261
558.000 0.186 0.261
559.000 0.186 0.261
560.000 0.186 0.261
561.000 0.186 0.261
562.000 0.186 0.266
563.000 0.186 0.264
564.000 0.188 0.259
565.000 0.188 0.261
566.000 0.188 0.261
567.000 0.188 0.261
568.000 0.188 0.261
569.000 0.188 0.261
570.000 0.188 0.261
571.000 0.188 0.261
572.000 0.188 0.261
573.000 0.188 0.261
574.000 0.188 0.261
575.000 0.188 0.261
576.000 0.188 0.261
577.000 0.188 0.261
578.000 0.188 0.261
579.000 0.188 0.261
580.000 0.188 0.261
581.000 0.188 0.261
582.000 0.188 0.261
583.000 0.188 0.261
584.000 0.188 0.261
585.000 0.188 0.261
586.000 0.188 0.261
587.000 0.188 0.261
588.000 0.188 0.261
589.000 0.188 0.261
590.000 0.188 0.261
591.000 0.188 0.261
592.000 0.188 0.261
593.000 0.188 0.261
594.000 0.188 0.261
595.000 0.188 0.261
596.000 0.188 0.261
597.000 0.188 0.261
598.000 0.188 0.261
599.000 0.188 0.261
600.000 0.188 0.256
601.000 0.188 0.256
602.000 0.188 0.256
603.000 0.188 0.256
604.000 0.188 0.256
605.000 0.188 0.256
606.000 0.188 0.256
607.000 0.188 0.256
608.000 0.188 0.259
609.000 0.188 0.259
610.000 0.188 0.259
611.000 0.188 0.259
612.000 0.188 0.259
613.000 0.188 0.259
614.000 0.188 0.259
615.000 0.188 0.259
616.000 0.188 0.259
617.000 0.188 0.259
618.000 0.188 0.259
619.000 0.188 0.259
620.000 0.188 0.259
621.000 0.188 0.259
622.000 0.188 0.259
623.000 0.188 0.259
624.000 0.188 0.259
625.000 0.188 0.259
626.000 0.188 0.259
627.000 0.188 0.259
628.000 0.188 0.259
629.000 0.188 0.259
630.000 0.188 0.259
631.000 0.188 0.259
632.000 0.188 0.259
633.000 0.188 0.259
634.000 0.188 0.259
635.000 0.188 0.259
636.000 0.188 0.259
637.000 0.192 0.264
638.000 0.192 0.264
639.000 0.192 0.264
640.000 0.192 0.264
641.000 0.192 0.264
642.000 0.192 0.264
643.000 0.192 0.264
644.000 0.192 0.264
645.000 0.192 0.264
646.000 0.192 0.264
647.000 0.192 0.264
648.000 0.188 0.266
649.000 0.188 0.266
650.000 0.188 0.266
651.000 0.188 0.266
652.000 0.188 0.266
653.000 0.188 0.266
654.000 0.188 0.266
655.000 0.188 0.266
656.000 0.188 0.266
657.000 0.188 0.266
658.000 0.188 0.266
659.000 0.188 0.266
660.000 0.188 0.266
661.000 0.188 0.266
662.000 0.188 0.266
663.000 0.188 0.266
664.000 0.188 0.266
665.000 0.188 0.266
666.000 0.188 0.266
667.000 0.188 0.266
668.000 0.188 0.266
669.000 0.188 0.266
670.000 0.188 0.266
671.000 0.188 0.266
672.000 0.188 0.266
673.000 0.188 0.266
674.000 0.188 0.266
675.000 0.188 0.266
676.000 0.188 0.266
677.000 0.188 0.266
678.000 0.188 0.266
679.000 0.188 0.266
680.000 0.188 0.266
681.000 0.188 0.266
682.000 0.188 0.266
683.000 0.188 0.266
684.000 0.188 0.266
685.000 0.188 0.266
686.000 0.171 0.254
687.000 0.184 0.234
688.000 0.213 0.227
689.000 0.232 0.237
690.000 0.248 0.227
691.000 0.273 0.227
692.000 0.292 0.234
693.000 0.286 0.261
694.000 0.232 0.264
695.000 0.215 0.261
696.000 0.196 0.254
697.000 0.192 0.269
698.000 0.192 0.274
699.000 0.192 0.284
700.000 0.205 0.313
701.000 0.223 0.326
702.000 0.240 0.326
703.000 0.265 0.313
704.000 0.280 0.294
705.000 0.286 0.271
706.000 0.286 0.252
707.000 0.259 0.234
708.000 0.244 0.229
709.000 0.213 0.214
710.000 0.205 0.214
711.000 0.179 0.219
712.000 0.163 0.212
713.000 0.159 0.212
714.000 0.144 0.219
715.000 0.151 0.253
716.000 0.149 0.274
717.000 0.157 0.294
718.000 0.157 0.311
719.000 0.165 0.331
720.000 0.179 0.343
721.000 0.202 0.365
722.000 0.209 0.383
723.000 0.217 0.384
724.000 0.245 0.391
725.000 0.269 0.340
726.000 0.288 0.321
727.000 0.317 0.298
728.000 0.351 0.289
729.000 0.367 0.249
730.000 0.330 0.212
731.000 0.317 0.207
732.000 0.286 0.197
733.000 0.261 0.170
734.000 0.257 0.160
735.000 0.234 0.143
736.000 0.202 0.155
737.000 0.188 0.187
738.000 0.194 0.219
739.000 0.157 0.202
740.000 0.173 0.237
741.000 0.179 0.294
742.000 0.184 0.383
743.000 0.225 0.363
744.000 0.246 0.328
745.000 0.271 0.286
746.000 0.284 0.249
747.000 0.315 0.247
748.000 0.376 0.256
749.000 0.407 0.284
750.000 0.326 0.289
751.000 0.230 0.264
752.000 0.150 0.279
753.000 0.090 0.299
754.000 0.017 0.290
755.000 0.012 0.229
756.000 0.013 0.175
757.000 0.019 0.111
758.000 0.024 0.051
759.000 0.025 0.024
760.000 0.016 0.038
761.000 0.038 0.034
762.000 0.071 0.022
763.000 0.097 0.024
764.000 0.129 0.023
765.000 0.165 0.015
766.000 0.187 0.015
767.000 0.203 0.016
768.000 0.211 0.017
769.000 0.213 0.016
770.000 0.213 0.016
771.000 0.213 0.016
772.000 0.213 0.016
773.000 0.214 0.016
774.000 0.213 0.016
775.000 0.213 0.016
776.000 0.213 0.016
777.000 0.213 0.016
778.000 0.213 0.016
779.000 0.213 0.016
780.000 0.213 0.016
781.000 0.214 0.016
782.000 0.213 0.016
783.000 0.213 0.016
784.000 0.213 0.016
785.000 0.213 0.016
786.000 0.213 0.016
787.000 0.213 0.016
788.000 0.213 0.016
789.000 0.213 0.016
790.000 0.213 0.016
791.000 0.213 0.016
792.000 0.213 0.016
793.000 0.213 0.016
794.000 0.213 0.016
795.000 0.214 0.016
796.000 0.213 0.016
797.000 0.213 0.016
798.000 0.213 0.016
799.000 0.213 0.016
800.000 0.213 0.016
801.000 0.213 0.016
802.000 0.213 0.016
803.000 0.213 0.016
804.000 0.213 0.016
805.000 0.213 0.016
806.000 0.213 0.016
807.000 0.213 0.016
808.000 0.213 0.016
809.000 0.213 0.016
810.000 0.213 0.016
811.000 0.213 0.016
812.000 0.213 0.016
813.000 0.213 0.016
814.000 0.213 0.016
815.000 0.213 0.016
816.000 0.213 0.016
817.000 0.213 0.016
818.000 0.213 0.016
819.000 0.213 0.016
820.000 0.213 0.016
821.000 0.213 0.016
822.000 0.213 0.016
823.000 0.213 0.016
824.000 0.213 0.016
825.000 0.213 0.016
826.000 0.213 0.016
827.000 0.213 0.016
828.000 0.213 0.016
829.000 0.213 0.016
830.000 0.213 0.016
831.000 0.213 0.016
832.000 0.213 0.016
833.000 0.213 0.016
834.000 0.213 0.016
835.000 0.213 0.016
836.000 0.213 0.016
837.000 0.213 0.016
838.000 0.213 0.016
839.000 0.213 0.016
840.000 0.213 0.016
841.000 0.213 0.016
842.000 0.213 0.016
843.000 0.213 0.016
844.000 0.213 0.016
845.000 0.213 0.016
846.000 0.213 0.016
847.000 0.213 0.016
848.000 0.213 0.016
849.000 0.213 0.016
850.000 0.213 0.016
851.000 0.213 0.016
852.000 0.213 0.016
853.000 0.213 0.016
854.000 0.213 0.016
855.000 0.213 0.016
856.000 0.213 0.016
857.000 0.213 0.016
858.000 0.213 0.016
859.000 0.213 0.016
860.000 0.213 0.016
861.000 0.213 0.016
862.000 0.213 0.016
863.000 0.213 0.016
864.000 0.213 0.016
865.000 0.213 0.016
866.000 0.213 0.016
867.000 0.213 0.016
868.000 0.213 0.016
869.000 0.213 0.016
870.000 0.213 0.016
871.000 0.213 0.016
872.000 0.213 0.016
873.000 0.213 0.016
874.000 0.213 0.016
875.000 0.213 0.016
876.000 0.213 0.016
877.000 0.213 0.016
878.000 0.213 0.016
879.000 0.213 0.016
880.000 0.213 0.016
881.000 0.213 0.016
882.000 0.213 0.016
883.000 0.213 0.016
884.000 0.213 0.016
885.000 0.213 0.016
886.000 0.213 0.016
887.000 0.213 0.016
888.000 0.213 0.016
889.000 0.213 0.016
890.000 0.213 0.016
891.000 0.213 0.016
892.000 0.213 0.016
893.000 0.213 0.016
894.000 0.213 0.016
895.000 0.213 0.016
896.000 0.213 0.016
897.000 0.213 0.016
898.000 0.213 0.016
899.000 0.213 0.016
900.000 0.213 0.016
901.000 0.213 0.016
902.000 0.213 0.016
903.000 0.213 0.016
904.000 0.214 0.016
905.000 0.214 0.016
906.000 0.213 0.016
907.000 0.213 0.016
908.000 0.213 0.016
909.000 0.213 0.016
910.000 0.213 0.016
911.000 0.213 0.016
912.000 0.213 0.016
913.000 0.214 0.016
914.000 0.214 0.016
915.000 0.213 0.016
916.000 0.213 0.016
917.000 0.213 0.016
918.000 0.213 0.016
919.000 0.213 0.016
920.000 0.213 0.016
921.000 0.217 0.018
922.000 0.214 0.027
923.000 0.199 0.048
924.000 0.196 0.083
925.000 0.212 0.124
926.000 0.207 0.185
927.000 0.192 0.229
928.000 0.169 0.219
929.000 0.202 0.234
930.000 0.194 0.308
931.000 0.198 0.323
932.000 0.211 0.350
933.000 0.261 0.318
934.000 0.280 0.269
935.000 0.280 0.224
936.000 0.236 0.177
937.000 0.205 0.177
938.000 0.186 0.165
939.000 0.157 0.133
940.000 0.142 0.084
941.000 0.140 0.041
942.000 0.158 0.022
943.000 0.200 0.017
944.000 0.216 0.014
945.000 0.230 0.017
946.000 0.242 0.015
947.000 0.213 0.017
948.000 0.182 0.022
949.000 0.149 0.024
950.000 0.113 0.024
951.000 0.078 0.021
952.000 0.028 0.028
953.000 0.012 0.056
954.000 0.017 0.076
955.000 0.007 0.081
956.000 0.013 0.060
957.000 0.023 0.042
958.000 0.031 0.037
959.000 0.036 0.034
960.000 0.035 0.035
961.000 0.035 0.034
962.000 0.036 0.034
963.000 0.035 0.034
964.000 0.035 0.034
965.000 0.035 0.034
966.000 0.036 0.034
967.000 0.036 0.034
968.000 0.035 0.034
969.000 0.035 0.034
970.000 0.035 0.034
971.000 0.035 0.034
972.000 0.035 0.034
973.000 0.036 0.034
974.000 0.035 0.034
975.000 0.035 0.034
976.000 0.035 0.034
977.000 0.035 0.034
978.000 0.035 0.034
979.000 0.035 0.034
980.000 0.035 0.034
981.000 0.035 0.034
982.000 0.035 0.034
983.000 0.035 0.034
984.000 0.035 0.034
985.000 0.035 0.034
986.000 0.035 0.034
987.000 0.035 0.034
988.000 0.035 0.034
989.000 0.035 0.034
990.000 0.035 0.034
991.000 0.035 0.034
992.000 0.035 0.034
993.000 0.035 0.034
994.000 0.035 0.034
995.000 0.035 0.034
996.000 0.035 0.034
997.000 0.035 0.034
998.000 0.035 0.034
999.000 0.035 0.034
1000.000 0.035 0.034
1001.000 0.035 0.034
1002.000 0.036 0.034
1003.000 0.035 0.034
1004.000 0.035 0.034
1005.000 0.035 0.034
1006.000 0.035 0.034
1007.000 0.035 0.034
1008.000 0.035 0.034
1009.000 0.035 0.034
1010.000 0.035 0.034
1011.000 0.035 0.034
1012.000 0.035 0.034
1013.000 0.035 0.034
1014.000 0.035 0.034
1015.000 0.036 0.034
1016.000 0.035 0.034
1017.000 0.035 0.034
1018.000 0.035 0.034
1019.000 0.035 0.034
1020.000 0.035 0.034
1021.000 0.035 0.034
1022.000 0.035 0.034
1023.000 0.035 0.034
1024.000 0.035 0.034
1025.000 0.035 0.034
1026.000 0.035 0.034
1027.000 0.035 0.034
1028.000 0.034 0.035
1029.000 0.035 0.034
1030.000 0.035 0.034
1031.000 0.035 0.034
1032.000 0.035 0.034
1033.000 0.035 0.034
1034.000 0.035 0.034
1035.000 0.035 0.034
1036.000 0.035 0.034
1037.000 0.035 0.034
1038.000 0.035 0.034
1039.000 0.035 0.034
1040.000 0.035 0.034
1041.000 0.035 0.034
1042.000 0.035 0.034
1043.000 0.035 0.034
1044.000 0.035 0.034
1045.000 0.035 0.034
1046.000 0.035 0.034
1047.000 0.035 0.034
1048.000 0.035 0.034
1049.000 0.035 0.034
1050.000 0.035 0.034
1051.000 0.035 0.034
1052.000 0.035 0.034
1053.000 0.035 0.034
1054.000 0.035 0.034
1055.000 0.035 0.034
1056.000 0.035 0.034
1057.000 0.035 0.034
1058.000 0.035 0.034
1059.000 0.035 0.034
1060.000 0.035 0.034
1061.000 0.035 0.034
1062.000 0.035 0.034
1063.000 0.035 0.034
1064.000 0.035 0.034
1065.000 0.035 0.034
1066.000 0.035 0.034
1067.000 0.035 0.034
1068.000 0.035 0.034
1069.000 0.035 0.034
1070.000 0.035 0.034
1071.000 0.035 0.034
1072.000 0.035 0.034
1073.000 0.035 0.034
1074.000 0.035 0.034
1075.000 0.035 0.034
1076.000 0.035 0.034
1077.000 0.035 0.034
1078.000 0.035 0.034
1079.000 0.035 0.034
1080.000 0.035 0.035
1081.000 0.035 0.034
1082.000 0.035 0.034
1083.000 0.035 0.034
1084.000 0.035 0.034
1085.000 0.035 0.034
1086.000 0.035 0.034
1087.000 0.035 0.034
1088.000 0.035 0.034
1089.000 0.035 0.034
1090.000 0.035 0.034
1091.000 0.035 0.034
1092.000 0.035 0.034
1093.000 0.035 0.034
1094.000 0.035 0.034
1095.000 0.035 0.034
1096.000 0.035 0.034
1097.000 0.035 0.034
1098.000 0.035 0.034
1099.000 0.035 0.034
1100.000 0.035 0.034
1101.000 0.035 0.034
1102.000 0.035 0.034
1103.000 0.035 0.034
1104.000 0.035 0.034
1105.000 0.035 0.034
1106.000 0.035 0.034
1107.000 0.035 0.034
1108.000 0.035 0.034
1109.000 0.035 0.034
1110.000 0.035 0.034
1111.000 0.035 0.034
1112.000 0.035 0.034
1113.000 0.035 0.034
1114.000 0.035 0.034
1115.000 0.035 0.034
1116.000 0.035 0.034
1117.000 0.035 0.034
1118.000 0.035 0.034
1119.000 0.035 0.034
1120.000 0.035 0.034
1121.000 0.036 0.034
1122.000 0.024 0.052
1123.000 0.027 0.024
1124.000 0.044 0.025
1125.000 0.045 0.025
1126.000 0.045 0.025
1127.000 0.045 0.025
1128.000 0.045 0.025
1129.000 0.046 0.025
1130.000 0.046 0.025
1131.000 0.045 0.025
1132.000 0.046 0.025
1133.000 0.046 0.025
1134.000 0.045 0.025
1135.000 0.045 0.025
1136.000 0.045 0.025
1137.000 0.046 0.025
1138.000 0.045 0.025
1139.000 0.045 0.025
1140.000 0.045 0.025
1141.000 0.045 0.025
1142.000 0.046 0.025
1143.000 0.045 0.025
1144.000 0.045 0.025
1145.000 0.046 0.025
1146.000 0.045 0.025
1147.000 0.045 0.025
1148.000 0.045 0.025
1149.000 0.045 0.025
1150.000 0.046 0.025
1151.000 0.045 0.025
1152.000 0.045 0.025
1153.000 0.046 0.025
1154.000 0.046 0.025
1155.000 0.045 0.025
1156.000 0.046 0.025
1157.000 0.045 0.025
1158.000 0.046 0.025
1159.000 0.046 0.025
1160.000 0.046 0.025
1161.000 0.045 0.025
1162.000 0.045 0.025
1163.000 0.045 0.025
1164.000 0.046 0.025
1165.000 0.045 0.025
1166.000 0.045 0.025
1167.000 0.045 0.025
1168.000 0.045 0.025
1169.000 0.045 0.025
1170.000 0.045 0.025
1171.000 0.046 0.025
1172.000 0.045 0.025
1173.000 0.045 0.025
1174.000 0.046 0.025
1175.000 0.045 0.025
1176.000 0.045 0.025
1177.000 0.046 0.025
1178.000 0.045 0.025
1179.000 0.045 0.025
1180.000 0.045 0.025
1181.000 0.045 0.025
1182.000 0.045 0.025
1183.000 0.044 0.024
1184.000 0.046 0.025
1185.000 0.028 0.042
1186.000 0.016 0.071
1187.000 0.027 0.096
1188.000 0.034 0.127
1189.000 0.024 0.211
1190.000 0.023 0.281
1191.000 0.021 0.347
1192.000 0.023 0.421
1193.000 0.021 0.481
1194.000 0.020 0.525
1195.000 0.039 0.531
1196.000 0.041 0.489
1197.000 0.048 0.446
1198.000 0.061 0.411
1199.000 0.084 0.371
1200.000 0.131 0.321
1201.000 0.171 0.294
1202.000 0.215 0.284
1203.000 0.242 0.274
1204.000 0.288 0.294
1205.000 0.284 0.323
1206.000 0.257 0.308
1207.000 0.248 0.281
1208.000 0.236 0.252
1209.000 0.236 0.227
1210.000 0.257 0.212
1211.000 0.267 0.207
1212.000 0.288 0.222
1213.000 0.301 0.249
1214.000 0.286 0.256
1215.000 0.271 0.289
1216.000 0.250 0.289
1217.000 0.230 0.284
1218.000 0.211 0.252
1219.000 0.217 0.237
1220.000 0.219 0.222
1221.000 0.250 0.214
1222.000 0.267 0.217
1223.000 0.282 0.217
1224.000 0.290 0.212
1225.000 0.284 0.205
1226.000 0.284 0.205
1227.000 0.284 0.205
1228.000 0.284 0.205
1229.000 0.284 0.205
1230.000 0.284 0.205
1231.000 0.284 0.205
1232.000 0.284 0.205
1233.000 0.284 0.205
1234.000 0.284 0.205
1235.000 0.284 0.205
1236.000 0.284 0.205
1237.000 0.284 0.205
1238.000 0.284 0.205
1239.000 0.284 0.205
1240.000 0.284 0.205
1241.000 0.284 0.205
1242.000 0.284 0.205
1243.000 0.284 0.205
1244.000 0.284 0.205
1245.000 0.284 0.205
1246.000 0.284 0.205
1247.000 0.284 0.205
1248.000 0.284 0.205
1249.000 0.284 0.205
1250.000 0.284 0.205
1251.000 0.284 0.205
1252.000 0.284 0.205
1253.000 0.284 0.205
1254.000 0.284 0.205
1255.000 0.284 0.205
1256.000 0.278 0.212
1257.000 0.278 0.207
1258.000 0.278 0.207
1259.000 0.278 0.207
1260.000 0.278 0.207
1261.000 0.278 0.207
1262.000 0.278 0.207
1263.000 0.280 0.232
1264.000 0.267 0.261
1265.000 0.267 0.271
1266.000 0.244 0.281
1267.000 0.232 0.264
1268.000 0.211 0.247
1269.000 0.219 0.242
1270.000 0.219 0.249
1271.000 0.219 0.249
1272.000 0.219 0.249
1273.000 0.219 0.249
1274.000 0.219 0.249
1275.000 0.219 0.249
1276.000 0.219 0.249
1277.000 0.219 0.249
1278.000 0.219 0.249
1279.000 0.219 0.249
1280.000 0.219 0.249
1281.000 0.219 0.249
1282.000 0.219 0.249
1283.000 0.219 0.249
1284.000 0.225 0.249
1285.000 0.232 0.242
1286.000 0.242 0.222
1287.000 0.257 0.209
1288.000 0.269 0.212
1289.000 0.263 0.237
1290.000 0.261 0.249
1291.000 0.248 0.264
1292.000 0.232 0.264
1293.000 0.225 0.264
1294.000 0.219 0.252
1295.000 0.217 0.244
1296.000 0.227 0.229
1297.000 0.236 0.222
1298.000 0.257 0.232
1299.000 0.253 0.205
1300.000 0.246 0.207
1301.000 0.238 0.209
1302.000 0.227 0.222
1303.000 0.230 0.212
1304.000 0.230 0.212
1305.000 0.230 0.207
1306.000 0.230 0.207
1307.000 0.230 0.207
1308.000 0.230 0.207
1309.000 0.230 0.207
1310.000 0.230 0.207
1311.000 0.230 0.207
1312.000 0.230 0.207
1313.000 0.230 0.207
1314.000 0.230 0.207
1315.000 0.230 0.207
1316.000 0.230 0.207
1317.000 0.230 0.207
1318.000 0.230 0.207
1319.000 0.230 0.207
1320.000 0.230 0.207
1321.000 0.230 0.207
1322.000 0.230 0.207
1323.000 0.230 0.207
1324.000 0.230 0.207
1325.000 0.230 0.207
1326.000 0.230 0.207
1327.000 0.230 0.207
1328.000 0.230 0.207
1329.000 0.230 0.207
1330.000 0.230 0.207
1331.000 0.230 0.207
1332.000 0.230 0.207
1333.000 0.230 0.207
1334.000 0.230 0.207
1335.000 0.230 0.207
1336.000 0.230 0.207
1337.000 0.230 0.207
1338.000 0.230 0.207
1339.000 0.230 0.207
1340.000 0.230 0.207
1341.000 0.230 0.207
1342.000 0.230 0.207
1343.000 0.230 0.207
1344.000 0.230 0.207
1345.000 0.230 0.207
1346.000 0.230 0.207
1347.000 0.230 0.207
1348.000 0.230 0.207
1349.000 0.230 0.207
1350.000 0.230 0.207
1351.000 0.230 0.207
1352.000 0.230 0.207
1353.000 0.240 0.202
1354.000 0.240 0.202
1355.000 0.240 0.202
1356.000 0.240 0.202
1357.000 0.240 0.202
1358.000 0.240 0.202
1359.000 0.240 0.202
1360.000 0.240 0.202
1361.000 0.240 0.202
1362.000 0.240 0.202
1363.000 0.240 0.202
1364.000 0.240 0.202
1365.000 0.240 0.202
1366.000 0.240 0.202
1367.000 0.240 0.202
1368.000 0.240 0.202
1369.000 0.240 0.202
1370.000 0.240 0.197
1371.000 0.240 0.200
1372.000 0.240 0.200
1373.000 0.240 0.200
1374.000 0.240 0.200
1375.000 0.240 0.200
1376.000 0.240 0.200
1377.000 0.240 0.200
1378.000 0.240 0.200
1379.000 0.240 0.200
1380.000 0.240 0.200
1381.000 0.240 0.200
1382.000 0.240 0.200
1383.000 0.240 0.200
1384.000 0.240 0.200
1385.000 0.240 0.200
1386.000 0.240 0.200
1387.000 0.240 0.200
1388.000 0.246 0.209
1389.000 0.236 0.232
1390.000 0.221 0.249
1391.000 0.217 0.237
1392.000 0.236 0.224
1393.000 0.261 0.212
1394.000 0.271 0.219
1395.000 0.280 0.232
1396.000 0.278 0.229
1397.000 0.271 0.227
1398.000 0.273 0.224
1399.000 0.284 0.224
1400.000 0.284 0.227
1401.000 0.284 0.227
1402.000 0.284 0.227
1403.000 0.284 0.227
1404.000 0.284 0.227
1405.000 0.284 0.227
1406.000 0.284 0.227
1407.000 0.284 0.227
1408.000 0.284 0.227
1409.000 0.284 0.227
1410.000 0.284 0.227
1411.000 0.284 0.227
1412.000 0.284 0.227
1413.000 0.284 0.227
1414.000 0.284 0.227
1415.000 0.284 0.227
1416.000 0.284 0.227
1417.000 0.284 0.227
1418.000 0.284 0.227
1419.000 0.284 0.227
1420.000 0.284 0.227
1421.000 0.284 0.227
1422.000 0.284 0.227
1423.000 0.284 0.227
1424.000 0.284 0.227
1425.000 0.284 0.227
1426.000 0.284 0.227
1427.000 0.284 0.227
1428.000 0.284 0.227
1429.000 0.284 0.227
1430.000 0.284 0.222
1431.000 0.284 0.222
1432.000 0.284 0.222
1433.000 0.284 0.222
1434.000 0.282 0.222
1435.000 0.282 0.222
1436.000 0.282 0.222
1437.000 0.282 0.222
1438.000 0.282 0.222
1439.000 0.282 0.222
1440.000 0.282 0.222
1441.000 0.282 0.222
1442.000 0.282 0.222
1443.000 0.282 0.222
1444.000 0.282 0.222
1445.000 0.282 0.222
1446.000 0.282 0.222
1447.000 0.282 0.222
1448.000 0.282 0.222
1449.000 0.282 0.222
1450.000 0.282 0.222
1451.000 0.282 0.222
1452.000 0.282 0.222
1453.000 0.282 0.222
1454.000 0.282 0.222
1455.000 0.282 0.222
1456.000 0.282 0.222
1457.000 0.282 0.222
1458.000 0.282 0.222
1459.000 0.282 0.222
1460.000 0.282 0.222
1461.000 0.282 0.222
1462.000 0.282 0.222
1463.000 0.282 0.222
1464.000 0.282 0.222
1465.000 0.282 0.222
1466.000 0.282 0.222
1467.000 0.282 0.222
1468.000 0.282 0.222
1469.000 0.282 0.222
1470.000 0.284 0.219
1471.000 0.288 0.224
1472.000 0.286 0.227
1473.000 0.284 0.234
1474.000 0.284 0.229
1475.000 0.280 0.234
1476.000 0.280 0.232
1477.000 0.280 0.229
1478.000 0.280 0.229
1479.000 0.280 0.229
1480.000 0.280 0.229
1481.000 0.280 0.229
1482.000 0.280 0.229
1483.000 0.280 0.229
1484.000 0.280 0.229
1485.000 0.280 0.229
1486.000 0.280 0.229
1487.000 0.288 0.229
1488.000 0.286 0.227
1489.000 0.286 0.227
1490.000 0.286 0.227
1491.000 0.286 0.227
1492.000 0.286 0.227
1493.000 0.286 0.227
1494.000 0.286 0.227
1495.000 0.286 0.227
1496.000 0.286 0.227
1497.000 0.286 0.227
1498.000 0.286 0.227
1499.000 0.286 0.227
1500.000 0.286 0.227
1501.000 0.286 0.227
1502.000 0.286 0.227
1503.000 0.286 0.227
1504.000 0.286 0.227
1505.000 0.286 0.227
1506.000 0.286 0.227
1507.000 0.286 0.227
1508.000 0.286 0.227
1509.000 0.286 0.227
1510.000 0.286 0.227
1511.000 0.280 0.222
1512.000 0.280 0.222
1513.000 0.280 0.222
1514.000 0.280 0.222
1515.000 0.280 0.222
1516.000 0.280 0.222
1517.000 0.280 0.222
1518.000 0.280 0.222
1519.000 0.280 0.222
1520.000 0.296 0.244
1521.000 0.298 0.227
1522.000 0.284 0.214
1523.000 0.271 0.214
1524.000 0.271 0.212
1525.000 0.271 0.212
1526.000 0.253 0.214
1527.000 0.236 0.242
1528.000 0.225 0.252
1529.000 0.232 0.242
1530.000 0.232 0.254
1531.000 0.242 0.269
1532.000 0.236 0.269
1533.000 0.230 0.266
1534.000 0.232 0.266
1535.000 0.232 0.266
1536.000 0.232 0.266
1537.000 0.232 0.266
1538.000 0.234 0.264
1539.000 0.234 0.264
1540.000 0.234 0.264
1541.000 0.234 0.264
1542.000 0.234 0.264
1543.000 0.234 0.264
1544.000 0.234 0.264
1545.000 0.234 0.264
1546.000 0.234 0.264
1547.000 0.234 0.264
1548.000 0.230 0.266
1549.000 0.230 0.266
1550.000 0.225 0.266
1551.000 0.225 0.266
1552.000 0.225 0.266
1553.000 0.225 0.266
1554.000 0.225 0.266
1555.000 0.225 0.266
1556.000 0.225 0.266
1557.000 0.225 0.266
1558.000 0.225 0.266
1559.000 0.225 0.266
1560.000 0.227 0.271
1561.000 0.227 0.266
1562.000 0.227 0.266
1563.000 0.227 0.266
1564.000 0.227 0.266
1565.000 0.227 0.266
1566.000 0.227 0.266
1567.000 0.227 0.266
1568.000 0.227 0.266
1569.000 0.227 0.269
1570.000 0.227 0.269
1571.000 0.227 0.269
1572.000 0.227 0.264
1573.000 0.227 0.264
1574.000 0.227 0.264
1575.000 0.227 0.264
1576.000 0.227 0.264
1577.000 0.227 0.264
1578.000 0.227 0.264
1579.000 0.227 0.264
1580.000 0.227 0.264
1581.000 0.227 0.264
1582.000 0.227 0.264
1583.000 0.227 0.264
1584.000 0.227 0.264
1585.000 0.227 0.264
1586.000 0.227 0.264
1587.000 0.227 0.264
1588.000 0.227 0.264
1589.000 0.227 0.264
1590.000 0.227 0.264
1591.000 0.261 0.266
1592.000 0.278 0.276
1593.000 0.292 0.276
1594.000 0.296 0.259
1595.000 0.296 0.239
1596.000 0.294 0.222
1597.000 0.301 0.224
1598.000 0.301 0.222
1599.000 0.301 0.222
1600.000 0.309 0.222
1601.000 0.298 0.219
1602.000 0.305 0.222
1603.000 0.305 0.222
1604.000 0.305 0.222
1605.000 0.301 0.222
1606.000 0.301 0.222
1607.000 0.301 0.222
1608.000 0.301 0.222
1609.000 0.301 0.222
1610.000 0.303 0.222
1611.000 0.303 0.222
1612.000 0.303 0.222
1613.000 0.303 0.222
1614.000 0.303 0.222
1615.000 0.303 0.222
1616.000 0.303 0.222
1617.000 0.303 0.222
1618.000 0.303 0.222
1619.000 0.303 0.214
1620.000 0.303 0.214
1621.000 0.303 0.214
1622.000 0.303 0.214
1623.000 0.303 0.214
1624.000 0.303 0.214
1625.000 0.303 0.214
1626.000 0.303 0.214
1627.000 0.303 0.214
1628.000 0.303 0.214
1629.000 0.303 0.214
1630.000 0.303 0.214
1631.000 0.303 0.214
1632.000 0.303 0.212
1633.000 0.303 0.212
1634.000 0.303 0.217
1635.000 0.303 0.217
1636.000 0.303 0.217
1637.000 0.303 0.217
1638.000 0.303 0.217
1639.000 0.303 0.217
1640.000 0.303 0.217
1641.000 0.303 0.217
1642.000 0.303 0.217
1643.000 0.303 0.217
1644.000 0.303 0.217
1645.000 0.253 0.202
1646.000 0.230 0.224
1647.000 0.192 0.281
1648.000 0.161 0.318
1649.000 0.136 0.333
1650.000 0.159 0.336
1651.000 0.192 0.321
1652.000 0.219 0.318
1653.000 0.244 0.313
1654.000 0.261 0.313
1655.000 0.275 0.286
1656.000 0.303 0.264
1657.000 0.319 0.249
1658.000 0.294 0.224
1659.000 0.269 0.205
1660.000 0.255 0.202
1661.000 0.227 0.219
1662.000 0.227 0.249
1663.000 0.217 0.274
1664.000 0.217 0.289
1665.000 0.246 0.306
1666.000 0.238 0.323
1667.000 0.240 0.318
1668.000 0.244 0.326
1669.000 0.244 0.326
1670.000 0.280 0.345
1671.000 0.311 0.340
1672.000 0.334 0.328
1673.000 0.319 0.308
1674.000 0.298 0.286
1675.000 0.280 0.269
1676.000 0.275 0.239
1677.000 0.301 0.229
1678.000 0.313 0.232
1679.000 0.303 0.239
1680.000 0.305 0.242
1681.000 0.305 0.242
1682.000 0.305 0.242
1683.000 0.305 0.242
1684.000 0.305 0.242
1685.000 0.305 0.242
1686.000 0.305 0.242
1687.000 0.305 0.242
1688.000 0.305 0.242
1689.000 0.305 0.242
1690.000 0.305 0.242
1691.000 0.311 0.244
1692.000 0.313 0.239
1693.000 0.307 0.234
1694.000 0.311 0.234
1695.000 0.309 0.234
1696.000 0.309 0.234
1697.000 0.309 0.234
1698.000 0.309 0.234
1699.000 0.309 0.234
1700.000 0.309 0.234
1701.000 0.309 0.234
1702.000 0.309 0.234
1703.000 0.309 0.234
1704.000 0.309 0.234
1705.000 0.309 0.234
1706.000 0.311 0.239
1707.000 0.311 0.239
1708.000 0.311 0.239
1709.000 0.311 0.239
1710.000 0.311 0.239
1711.000 0.311 0.239
1712.000 0.311 0.239
1713.000 0.311 0.239
1714.000 0.311 0.239
1715.000 0.311 0.239
1716.000 0.311 0.239
1717.000 0.311 0.239
1718.000 0.311 0.239
1719.000 0.311 0.239
1720.000 0.311 0.239
1721.000 0.315 0.244
1722.000 0.315 0.244
1723.000 0.315 0.244
1724.000 0.315 0.244
1725.000 0.315 0.244
1726.000 0.315 0.244
1727.000 0.315 0.244
1728.000 0.315 0.244
1729.000 0.315 0.244
1730.000 0.315 0.244
1731.000 0.315 0.244
1732.000 0.315 0.244
1733.000 0.315 0.244
1734.000 0.315 0.244
1735.000 0.315 0.244
1736.000 0.315 0.244
1737.000 0.315 0.244
1738.000 0.315 0.244
1739.000 0.315 0.244
1740.000 0.315 0.244
1741.000 0.315 0.244
1742.000 0.294 0.249
1743.000 0.288 0.249
1744.000 0.248 0.252
1745.000 0.242 0.252
1746.000 0.238 0.276
1747.000 0.240 0.289
1748.000 0.242 0.301
1749.000 0.250 0.308
1750.000 0.246 0.306
1751.000 0.246 0.311
1752.000 0.246 0.303
1753.000 0.246 0.303
1754.000 0.246 0.311
1755.000 0.246 0.306
1756.000 0.244 0.303
1757.000 0.223 0.298
1758.000 0.217 0.281
1759.000 0.217 0.256
1760.000 0.221 0.229
1761.000 0.225 0.219
1762.000 0.242 0.207
1763.000 0.255 0.205
1764.000 0.273 0.224
1765.000 0.296 0.232
1766.000 0.303 0.229
1767.000 0.303 0.229
1768.000 0.303 0.224
1769.000 0.303 0.232
1770.000 0.303 0.232
1771.000 0.303 0.222
1772.000 0.301 0.237
1773.000 0.301 0.229
1774.000 0.301 0.232
1775.000 0.298 0.229
1776.000 0.298 0.229
1777.000 0.305 0.229
1778.000 0.284 0.249
1779.000 0.275 0.254
1780.000 0.263 0.259
1781.000 0.248 0.269
1782.000 0.236 0.279
1783.000 0.244 0.291
1784.000 0.246 0.301
1785.000 0.246 0.296
1786.000 0.246 0.296
1787.000 0.246 0.296
1788.000 0.246 0.296
1789.000 0.246 0.296
1790.000 0.246 0.296
1791.000 0.246 0.296
1792.000 0.246 0.296
1793.000 0.246 0.296
1794.000 0.246 0.296
1795.000 0.246 0.296
1796.000 0.246 0.296
1797.000 0.246 0.296
1798.000 0.246 0.296
1799.000 0.246 0.303
1800.000 0.246 0.296
1801.000 0.246 0.296
1802.000 0.246 0.296
1803.000 0.246 0.296
1804.000 0.246 0.296
1805.000 0.246 0.296
1806.000 0.246 0.296
1807.000 0.246 0.296
1808.000 0.246 0.296
1809.000 0.246 0.296
1810.000 0.246 0.296
1811.000 0.246 0.296
1812.000 0.246 0.296
1813.000 0.246 0.296
1814.000 0.246 0.296
1815.000 0.246 0.296
1816.000 0.246 0.296
1817.000 0.246 0.296
1818.000 0.246 0.296
1819.000 0.246 0.296
1820.000 0.246 0.296
1821.000 0.246 0.296
1822.000 0.246 0.296
1823.000 0.246 0.296
1824.000 0.246 0.296
1825.000 0.246 0.296
1826.000 0.246 0.296
1827.000 0.246 0.296
1828.000 0.244 0.298
1829.000 0.244 0.298
1830.000 0.244 0.298
1831.000 0.244 0.298
1832.000 0.244 0.298
1833.000 0.244 0.298
1834.000 0.244 0.298
1835.000 0.244 0.298
1836.000 0.244 0.298
1837.000 0.244 0.298
1838.000 0.244 0.298
1839.000 0.244 0.298
1840.000 0.244 0.298
1841.000 0.244 0.298
1842.000 0.244 0.298
1843.000 0.244 0.298
1844.000 0.244 0.298
1845.000 0.244 0.298
1846.000 0.244 0.298
1847.000 0.267 0.311
1848.000 0.284 0.306
1849.000 0.292 0.293
1850.000 0.315 0.271
1851.000 0.326 0.226
1852.000 0.315 0.201
1853.000 0.278 0.191
1854.000 0.248 0.191
1855.000 0.215 0.166
1856.000 0.192 0.147
1857.000 0.183 0.106
1858.000 0.193 0.062
1859.000 0.218 0.031
1860.000 0.219 0.016
1861.000 0.239 0.014
1862.000 0.267 0.021
1863.000 0.292 0.021
1864.000 0.310 0.043
1865.000 0.306 0.066
1866.000 0.300 0.101
1867.000 0.292 0.134
1868.000 0.286 0.152
1869.000 0.278 0.181
1870.000 0.267 0.219
1871.000 0.263 0.231
1872.000 0.240 0.241
1873.000 0.230 0.241
1874.000 0.225 0.241
1875.000 0.225 0.236
1876.000 0.225 0.236
1877.000 0.232 0.234
1878.000 0.230 0.236
1879.000 0.230 0.236
1880.000 0.223 0.236
1881.000 0.223 0.236
1882.000 0.223 0.236
1883.000 0.223 0.236
1884.000 0.223 0.236
1885.000 0.223 0.236
1886.000 0.223 0.236
1887.000 0.223 0.236
1888.000 0.223 0.236
1889.000 0.223 0.236
1890.000 0.223 0.236
1891.000 0.223 0.236
1892.000 0.223 0.236
1893.000 0.223 0.236
1894.000 0.223 0.236
1895.000 0.223 0.236
1896.000 0.223 0.236
1897.000 0.223 0.236
1898.000 0.223 0.236
1899.000 0.223 0.236
1900.000 0.223 0.236
1901.000 0.223 0.236
1902.000 0.223 0.236
1903.000 0.223 0.236
1904.000 0.223 0.236
1905.000 0.223 0.236
1906.000 0.223 0.236
1907.000 0.223 0.236
1908.000 0.223 0.236
1909.000 0.232 0.261
1910.000 0.236 0.283
1911.000 0.248 0.303
1912.000 0.253 0.320
1913.000 0.255 0.335
1914.000 0.278 0.325
1915.000 0.282 0.313
1916.000 0.315 0.298
1917.000 0.330 0.278
1918.000 0.344 0.266
1919.000 0.332 0.246
1920.000 0.298 0.231
1921.000 0.271 0.209
1922.000 0.244 0.194
1923.000 0.227 0.209
1924.000 0.186 0.229
1925.000 0.159 0.241
1926.000 0.109 0.242
1927.000 0.063 0.271
1928.000 0.062 0.288
1929.000 0.081 0.287
1930.000 0.117 0.301
1931.000 0.146 0.288
1932.000 0.131 0.320
1933.000 0.097 0.362
1934.000 0.074 0.411
1935.000 0.125 0.507
1936.000 0.203 0.541
1937.000 0.260 0.533
1938.000 0.281 0.501
1939.000 0.309 0.471
1940.000 0.383 0.488
1941.000 0.467 0.536
1942.000 0.532 0.590
1943.000 0.601 0.633
1944.000 0.708 0.685
1945.000 0.786 0.736
1946.000 0.864 0.719
1947.000 0.896 0.630
1948.000 0.873 0.594
1949.000 0.812 0.568
1950.000 0.741 0.541
1951.000 0.679 0.504
1952.000 0.584 0.411
1953.000 0.499 0.338
1954.000 0.435 0.328
1955.000 0.390 0.330
1956.000 0.317 0.316
1957.000 0.309 0.266
1958.000 0.311 0.209
1959.000 0.269 0.174
1960.000 0.217 0.147
1961.000 0.203 0.088
1962.000 0.241 0.034
1963.000 0.302 0.032
1964.000 0.356 0.030
1965.000 0.396 0.025
1966.000 0.440 0.016
1967.000 0.480 0.016
1968.000 0.520 0.012
1969.000 0.568 0.015
1970.000 0.617 0.012
1971.000 0.658 0.012
1972.000 0.699 0.018
1973.000 0.739 0.009
1974.000 0.784 0.012
1975.000 0.840 0.012
1976.000 0.891 0.015
1977.000 0.952 0.020
1978.000 0.990 0.019
1979.000 1.028 0.022
1980.000 1.061 0.030
1981.000 1.076 0.066
1982.000 1.091 0.120
1983.000 1.133 0.147
1984.000 1.178 0.212
1985.000 1.196 0.232
1986.000 1.172 0.284
1987.000 1.139 0.332
1988.000 1.149 0.415
1989.000 1.168 0.502
1990.000 1.172 0.592
1991.000 1.186 0.672
1992.000 1.178 0.757
1993.000 1.167 0.830
1994.000 1.117 0.866
1995.000 1.043 0.897
1996.000 0.989 0.909
1997.000 0.952 0.969
1998.000 0.931 1.014
1999.000 0.879 0.989
2000.000 0.824 0.937
2001.000 0.785 0.902
2002.000 0.716 0.884
2003.000 0.651 0.916
2004.000 0.600 0.939
2005.000 0.534 0.928
2006.000 0.504 0.858
2007.000 0.482 0.788
2008.000 0.456 0.718
2009.000 0.473 0.655
2010.000 0.460 0.563
2011.000 0.427 0.446
2012.000 0.380 0.365
2013.000 0.315 0.333
2014.000 0.269 0.293
2015.000 0.230 0.263
2016.000 0.161 0.278
2017.000 0.129 0.350
2018.000 0.090 0.393
2019.000 0.061 0.432
2020.000 0.091 0.476
2021.000 0.093 0.489
2022.000 0.070 0.500
2023.000 0.050 0.476
2024.000 0.051 0.427
2025.000 0.068 0.359
2026.000 0.064 0.297
2027.000 0.020 0.260
2028.000 0.012 0.193
2029.000 0.034 0.131
2030.000 0.052 0.075
2031.000 0.080 0.029
2032.000 0.143 0.033
2033.000 0.200 0.044
2034.000 0.231 0.061
2035.000 0.234 0.124
2036.000 0.236 0.164
2037.000 0.288 0.176
2038.000 0.349 0.174
2039.000 0.392 0.134
2040.000 0.410 0.080
2041.000 0.376 0.045
2042.000 0.316 0.025
2043.000 0.256 0.053
2044.000 0.203 0.082
2045.000 0.203 0.122
2046.000 0.196 0.157
2047.000 0.175 0.201
2048.000 0.125 0.251
2049.000 0.076 0.260
2050.000 0.046 0.304
2051.000 0.050 0.387
2052.000 0.052 0.454
2053.000 0.052 0.519
2054.000 0.046 0.590
2055.000 0.060 0.657
2056.000 0.126 0.709
2057.000 0.131 0.793
2058.000 0.103 0.868
2059.000 0.051 0.930
2060.000 0.025 1.012
2061.000 0.028 1.082
2062.000 0.017 1.143
2063.000 0.022 1.184
2064.000 0.072 1.186
2065.000 0.127 1.179
2066.000 0.206 1.189
2067.000 0.260 1.185
2068.000 0.329 1.175
2069.000 0.410 1.170
2070.000 0.498 1.191
2071.000 0.586 1.196
2072.000 0.658 1.185
2073.000 0.719 1.163
2074.000 0.769 1.136
2075.000 0.815 1.085
2076.000 0.860 1.026
2077.000 0.847 0.979
2078.000 0.904 0.949
2079.000 0.947 0.996
2080.000 0.995 1.039
2081.000 1.069 1.110
2082.000 1.116 1.168
2083.000 1.182 1.183
2084.000 1.196 1.138
2085.000 1.180 1.102
2086.000 1.166 1.059
2087.000 1.116 1.028
2088.000 1.065 0.988
2089.000 1.056 0.944
2090.000 1.088 0.888
2091.000 1.080 0.828
2092.000 1.012 0.850
2093.000 1.006 0.899
2094.000 1.014 0.981
2095.000 0.939 0.996
2096.000 0.920 0.999
2097.000 0.877 0.979
2098.000 0.820 0.966
2099.000 0.791 0.919
2100.000 0.745 0.909
2101.000 0.672 0.888
2102.000 0.641 0.871
2103.000 0.577 0.869
2104.000 0.508 0.915
2105.000 0.433 0.986
2106.000 0.355 1.040
2107.000 0.276 1.097
2108.000 0.214 1.159
2109.000 0.136 1.174
2110.000 0.057 1.164
2111.000 0.028 1.182
2112.000 0.063 1.164
2113.000 0.067 1.093
2114.000 0.067 1.022
2115.000 0.090 0.945
2116.000 0.106 0.880
2117.000 0.165 0.855
2118.000 0.200 0.878
2119.000 0.253 0.893
2120.000 0.321 0.935
2121.000 0.302 1.008
2122.000 0.225 1.071
2123.000 0.152 1.127
2124.000 0.085 1.167
2125.000 0.029 1.185
2126.000 0.016 1.154
2127.000 0.022 1.131
2128.000 0.032 1.090
2129.000 0.050 1.056
2130.000 0.026 0.999
2131.000 0.004 0.933
2132.000 0.009 0.864
2133.000 0.015 0.783
2134.000 0.013 0.720
2135.000 0.016 0.658
2136.000 0.019 0.571
2137.000 0.040 0.506
2138.000 0.071 0.442
2139.000 0.130 0.398
2140.000 0.188 0.360
2141.000 0.221 0.335
2142.000 0.236 0.313
2143.000 0.278 0.246
2144.000 0.319 0.194
2145.000 0.383 0.203
2146.000 0.408 0.231
2147.000 0.477 0.231
2148.000 0.568 0.203
2149.000 0.645 0.174
2150.000 0.723 0.176
2151.000 0.770 0.185
2152.000 0.840 0.154
2153.000 0.912 0.106
2154.000 0.994 0.086
2155.000 1.031 0.106
2156.000 1.005 0.148
2157.000 0.957 0.191
2158.000 0.997 0.245
2159.000 1.075 0.187
2160.000 1.146 0.082
2161.000 1.189 0.018
2162.000 1.157 0.006
2163.000 1.154 0.048
2164.000 1.128 0.060
2165.000 1.093 0.122
2166.000 1.103 0.212
2167.000 1.137 0.297
2168.000 1.151 0.383
2169.000 1.118 0.464
2170.000 1.112 0.556
2171.000 1.109 0.641
2172.000 1.093 0.731
2173.000 1.085 0.809
2174.000 1.054 0.882
2175.000 1.004 0.909
2176.000 1.006 0.954
2177.000 1.033 1.021
2178.000 1.060 1.060
2179.000 1.100 1.122
2180.000 1.099 1.187
2181.000 1.023 1.191
2182.000 0.993 1.176
2183.000 0.936 1.182
2184.000 0.875 1.177
2185.000 0.863 1.133
2186.000 0.867 1.140
2187.000 0.839 1.131
2188.000 0.847 1.101
2189.000 0.868 1.048
2190.000 0.829 0.989
2191.000 0.814 0.954
2192.000 0.862 0.904
2193.000 0.879 0.865
2194.000 0.970 0.857
2195.000 1.021 0.919
2196.000 1.061 0.960
2197.000 1.114 1.038
2198.000 1.155 1.108
2199.000 1.145 1.185
2200.000 1.078 1.196
2201.000 1.017 1.192
2202.000 0.952 1.190
2203.000 0.892 1.199
2204.000 0.826 1.186
2205.000 0.741 1.200
2206.000 0.662 1.200
2207.000 0.589 1.197
2208.000 0.515 1.196
2209.000 0.436 1.200
2210.000 0.345 1.196
2211.000 0.238 1.193
2212.000 0.147 1.186
2213.000 0.055 1.176
2214.000 0.020 1.131
2215.000 0.016 1.048
2216.000 0.020 0.968
2217.000 0.024 0.896
2218.000 0.034 0.830
2219.000 0.044 0.747
2220.000 0.060 0.679
2221.000 0.078 0.621
2222.000 0.086 0.551
2223.000 0.083 0.498
2224.000 0.136 0.439
2225.000 0.206 0.385
2226.000 0.225 0.323
2227.000 0.209 0.243
2228.000 0.150 0.204
2229.000 0.094 0.149
2230.000 0.067 0.071
2231.000 0.109 0.025
2232.000 0.184 0.024
2233.000 0.218 0.048
2234.000 0.249 0.073
2235.000 0.323 0.043
2236.000 0.389 0.002
2237.000 0.467 0.011
2238.000 0.538 0.008
2239.000 0.624 0.011
2240.000 0.700 0.024
2241.000 0.778 0.008
2242.000 0.864 0.010
2243.000 0.952 0.004
2244.000 1.038 0.002
2245.000 1.100 0.018
2246.000 1.133 0.048
2247.000 1.194 0.045
2248.000 1.181 0.006
2249.000 1.135 0.018
2250.000 1.118 0.077
2251.000 1.115 0.145
2252.000 1.139 0.222
2253.000 1.179 0.298
2254.000 1.166 0.395
2255.000 1.113 0.439
2256.000 1.083 0.503
2257.000 1.096 0.577
2258.000 1.128 0.623
2259.000 1.160 0.717
2260.000 1.169 0.814
2261.000 1.126 0.860
2262.000 1.079 0.888
2263.000 1.054 0.961
2264.000 1.084 1.038
2265.000 1.111 1.114
2266.000 1.091 1.190
2267.000 1.004 1.196
2268.000 0.936 1.188
2269.000 0.887 1.166
2270.000 0.855 1.139
2271.000 0.783 1.160
2272.000 0.683 1.168
2273.000 0.578 1.162
2274.000 0.505 1.139
2275.000 0.416 1.124
2276.000 0.325 1.113
2277.000 0.231 1.134
2278.000 0.159 1.123
2279.000 0.077 1.134
2280.000 0.035 1.081
2281.000 0.037 1.004
2282.000 0.040 0.928
2283.000 0.047 0.868
2284.000 0.034 0.802
2285.000 0.044 0.723
2286.000 0.046 0.663
2287.000 0.057 0.594
2288.000 0.069 0.525
2289.000 0.073 0.457
2290.000 0.071 0.390
2291.000 0.096 0.332
2292.000 0.144 0.298
2293.000 0.200 0.271
2294.000 0.219 0.226
2295.000 0.236 0.201
2296.000 0.296 0.174
2297.000 0.346 0.157
2298.000 0.384 0.121
2299.000 0.392 0.063
2300.000 0.367 0.018
2301.000 0.400 0.012
2302.000 0.410 0.045
2303.000 0.434 0.078
2304.000 0.519 0.071
2305.000 0.599 0.057
2306.000 0.660 0.031
2307.000 0.747 0.046
2308.000 0.811 0.057
2309.000 0.891 0.056
2310.000 0.982 0.056
2311.000 1.024 0.092
2312.000 1.014 0.135
2313.000 1.026 0.200
2314.000 1.037 0.269
2315.000 1.031 0.331
2316.000 1.012 0.399
2317.000 1.011 0.456
2318.000 1.017 0.528
2319.000 1.034 0.607
2320.000 1.070 0.690
2321.000 1.095 0.771
2322.000 1.048 0.850
2323.000 1.000 0.904
2324.000 1.004 0.989
2325.000 0.964 1.019
2326.000 0.933 1.057
2327.000 0.903 1.108
2328.000 0.912 1.168
2329.000 0.960 1.194
2330.000 1.038 1.191
2331.000 1.100 1.191
2332.000 1.160 1.187
2333.000 1.178 1.164
2334.000 1.175 1.145
2335.000 1.162 1.120
2336.000 1.128 1.103
2337.000 1.093 1.063
2338.000 1.029 1.004
2339.000 0.985 0.961
2340.000 0.943 0.974
2341.000 0.916 0.986
2342.000 0.910 0.991
2343.000 0.935 0.994
2344.000 0.902 0.909
2345.000 0.841 0.880
2346.000 0.854 0.887
2347.000 0.839 0.899
2348.000 0.854 0.949
2349.000 0.879 0.966
2350.000 0.910 0.966
2351.000 0.925 0.969
2352.000 0.925 0.974
2353.000 0.925 0.974
2354.000 0.925 0.979
2355.000 0.925 0.979
2356.000 0.925 0.979
2357.000 0.925 0.979
2358.000 0.925 0.979
2359.000 0.925 0.979
2360.000 0.925 0.979
2361.000 0.925 0.979
2362.000 0.925 0.979
2363.000 0.925 0.979
2364.000 0.925 0.979
2365.000 0.925 0.979
2366.000 0.925 0.979
2367.000 0.925 0.979
2368.000 0.925 0.979
2369.000 0.925 0.979
2370.000 0.925 0.979
2371.000 0.925 0.979
2372.000 0.925 0.979
2373.000 0.925 0.979
2374.000 0.925 0.979
2375.000 0.925 0.979
2376.000 0.925 0.979
2377.000 0.925 0.979
2378.000 0.925 0.979
2379.000 0.925 0.979
2380.000 0.925 0.979
2381.000 0.925 0.979
2382.000 0.925 0.979
2383.000 0.925 0.979
2384.000 0.925 0.979
2385.000 0.925 0.979
2386.000 0.925 0.979
2387.000 0.925 0.979
2388.000 0.925 0.979
2389.000 0.925 0.979
2390.000 0.925 0.979
2391.000 0.925 0.979
2392.000 0.925 0.979
2393.000 0.925 0.979
2394.000 0.925 0.979
2395.000 0.925 0.979
2396.000 0.925 0.979
2397.000 0.925 0.979
2398.000 0.925 0.979
2399.000 0.925 0.979
2400.000 0.925 0.979
2401.000 0.925 0.979
2402.000 0.925 0.979
2403.000 0.925 0.979
2404.000 0.925 0.979
2405.000 0.925 0.979
2406.000 0.925 0.979
2407.000 0.925 0.979
2408.000 0.925 0.979
2409.000 0.925 0.979
2410.000 0.925 0.979
2411.000 0.925 0.979
2412.000 0.925 0.979
2413.000 0.925 0.979
2414.000 0.925 0.979
2415.000 0.925 0.979
2416.000 0.925 0.979
2417.000 0.925 0.979
2418.000 0.925 0.979
2419.000 0.925 0.979
2420.000 0.925 0.979
2421.000 0.925 0.979
2422.000 0.925 0.979
2423.000 0.925 0.979
2424.000 0.925 0.979
2425.000 0.925 0.979
2426.000 0.925 0.979
2427.000 0.925 0.979
2428.000 0.925 0.979
2429.000 0.925 0.979
2430.000 0.925 0.979
2431.000 0.925 0.979
2432.000 0.925 0.979
2433.000 0.925 0.979
2434.000 0.925 0.979
2435.000 0.925 0.979
2436.000 0.925 0.979
2437.000 0.925 0.979
2438.000 0.925 0.979
2439.000 0.925 0.979
2440.000 0.925 0.979
2441.000 0.925 0.979
2442.000 0.925 0.979
2443.000 0.925 0.979
2444.000 0.925 0.979
2445.000 0.925 0.979
2446.000 0.925 0.979
2447.000 0.925 0.979
2448.000 0.925 0.979
2449.000 0.925 0.979
2450.000 0.925 0.979
2451.000 0.925 0.979
2452.000 0.925 0.979
2453.000 0.925 0.979
2454.000 0.925 0.979
2455.000 0.925 0.979
2456.000 0.925 0.979
2457.000 0.925 0.979
2458.000 0.925 0.979
2459.000 0.920 0.974
2460.000 0.920 0.974
2461.000 0.920 0.974
2462.000 0.920 0.974
2463.000 0.920 0.974
2464.000 0.920 0.974
2465.000 0.920 0.974
2466.000 0.920 0.974
2467.000 0.920 0.974
2468.000 0.920 0.974
2469.000 0.920 0.974
2470.000 0.920 0.974
2471.000 0.920 0.974
2472.000 0.920 0.974
2473.000 0.920 0.974
2474.000 0.920 0.974
2475.000 0.920 0.974
2476.000 0.920 0.974
2477.000 0.920 0.974
2478.000 0.920 0.974
2479.000 0.920 0.974
2480.000 0.920 0.974
2481.000 0.920 0.974
2482.000 0.920 0.974
2483.000 0.920 0.974
2484.000 0.920 0.974
2485.000 0.920 0.974
2486.000 0.920 0.974
2487.000 0.920 0.974
2488.000 0.920 0.974
2489.000 0.920 0.974
2490.000 0.920 0.974
2491.000 0.920 0.974
2492.000 0.920 0.974
2493.000 0.920 0.974
2494.000 0.920 0.974
2495.000 0.920 0.974
2496.000 0.920 0.974
2497.000 0.920 0.974
2498.000 0.920 0.974
2499.000 0.920 0.974
2500.000 0.925 0.971
2501.000 0.925 0.971
2502.000 0.925 0.971
2503.000 0.925 0.971
2504.000 0.925 0.971
2505.000 0.925 0.971
2506.000 0.925 0.971
2507.000 0.925 0.971
2508.000 0.925 0.971
2509.000 0.925 0.971
2510.000 0.925 0.971
2511.000 0.925 0.971
2512.000 0.925 0.971
2513.000 0.925 0.971
2514.000 0.925 0.971
2515.000 0.925 0.971
2516.000 0.925 0.971
2517.000 0.925 0.971
2518.000 0.925 0.971
2519.000 0.925 0.971
2520.000 0.925 0.971
2521.000 0.931 0.971
2522.000 0.931 0.971
2523.000 0.931 0.971
2524.000 0.931 0.971
2525.000 0.931 0.971
2526.000 0.931 0.971
2527.000 0.931 0.971
2528.000 0.931 0.971
2529.000 0.931 0.971
2530.000 0.931 0.971
2531.000 0.931 0.971
2532.000 0.931 0.971
2533.000 0.931 0.971
2534.000 0.931 0.971
2535.000 0.931 0.971
2536.000 0.931 0.971
2537.000 0.931 0.971
2538.000 0.931 0.971
2539.000 0.931 0.971
2540.000 0.931 0.971
2541.000 0.931 0.971
2542.000 0.931 0.971
2543.000 0.931 0.971
2544.000 0.931 0.971
2545.000 0.931 0.971
2546.000 0.931 0.971
2547.000 0.931 0.971
2548.000 0.920 0.961
2549.000 0.895 0.944
2550.000 0.889 0.954
2551.000 0.902 0.961
2552.000 0.931 0.964
2553.000 0.958 0.957
2554.000 0.975 0.959
2555.000 0.983 0.952
2556.000 0.983 0.952
2557.000 0.983 0.952
2558.000 0.983 0.952
2559.000 0.987 0.952
2560.000 0.987 0.952
2561.000 0.987 0.952
2562.000 0.987 0.952
2563.000 0.987 0.952
2564.000 0.987 0.952
2565.000 0.987 0.952
2566.000 0.987 0.952
2567.000 0.987 0.952
2568.000 0.987 0.952
2569.000 0.987 0.952
2570.000 0.987 0.952
2571.000 0.987 0.952
2572.000 0.987 0.952
2573.000 0.987 0.952
2574.000 0.987 0.952
2575.000 0.987 0.952
2576.000 0.987 0.952
2577.000 0.987 0.952
2578.000 0.987 0.952
2579.000 0.987 0.952
2580.000 0.987 0.952
2581.000 0.987 0.952
2582.000 0.987 0.952
2583.000 0.987 0.952
2584.000 0.987 0.952
2585.000 0.987 0.952
2586.000 0.987 0.952
2587.000 0.987 0.952
2588.000 0.987 0.952
2589.000 0.987 0.952
2590.000 0.987 0.952
2591.000 0.987 0.952
2592.000 0.987 0.952
2593.000 0.987 0.952
2594.000 0.987 0.952
2595.000 0.987 0.952
2596.000 0.987 0.952
2597.000 0.987 0.952
2598.000 0.987 0.952
2599.000 0.987 0.952
2600.000 0.987 0.952
2601.000 0.987 0.952
2602.000 0.987 0.952
2603.000 0.987 0.952
2604.000 0.987 0.952
2605.000 0.987 0.952
2606.000 0.987 0.952
2607.000 0.987 0.952
2608.000 0.987 0.952
2609.000 0.987 0.952
2610.000 0.987 0.952
2611.000 0.987 0.952
2612.000 0.987 0.952
2613.000 0.987 0.952
2614.000 0.987 0.952
2615.000 0.987 0.952
2616.000 0.987 0.952
2617.000 0.987 0.952
2618.000 0.987 0.952
2619.000 0.987 0.952
2620.000 0.987 0.952
2621.000 0.987 0.952
2622.000 0.987 0.952
2623.000 0.987 0.952
2624.000 0.987 0.952
2625.000 0.987 0.952
2626.000 0.987 0.952
2627.000 0.987 0.952
2628.000 0.987 0.952
2629.000 0.987 0.952
2630.000 0.987 0.952
2631.000 0.987 0.952
2632.000 0.987 0.952
2633.000 0.987 0.952
2634.000 0.987 0.952
2635.000 0.987 0.952
2636.000 0.983 0.942
2637.000 0.975 0.929
2638.000 0.983 0.942
2639.000 0.981 0.952
2640.000 0.956 0.966
2641.000 0.945 0.966
2642.000 0.945 0.976
2643.000 0.947 0.991
2644.000 0.966 1.019
2645.000 0.950 1.048
2646.000 0.939 1.029
2647.000 0.937 1.009
2648.000 0.947 1.006
2649.000 0.975 0.964
2650.000 1.016 0.959
2651.000 1.046 0.942
2652.000 1.061 0.959
2653.000 1.054 0.984
2654.000 1.010 0.989
2655.000 0.985 0.971
2656.000 0.993 0.934
2657.000 1.012 0.907
2658.000 1.016 0.892
2659.000 1.021 0.852
2660.000 0.973 0.832
2661.000 0.941 0.837
2662.000 0.922 0.862
2663.000 0.893 0.884
2664.000 0.893 0.929
2665.000 0.906 0.961
2666.000 0.910 1.006
2667.000 0.935 1.019
2668.000 0.966 1.014
2669.000 0.981 1.001
2670.000 1.002 0.966
2671.000 1.016 0.942
2672.000 1.018 0.929
2673.000 1.046 0.887
2674.000 1.048 0.875
2675.000 1.027 0.865
2676.000 1.035 0.865
2677.000 1.008 0.865
2678.000 0.998 0.877
2679.000 0.975 0.902
2680.000 0.958 0.917
2681.000 0.925 0.904
2682.000 0.874 0.877
2683.000 0.854 0.877
2684.000 0.851 0.865
2685.000 0.908 0.862
2686.000 0.943 0.870
2687.000 0.952 0.894
2688.000 0.970 0.922
2689.000 0.975 0.914
2690.000 0.968 0.929
2691.000 0.956 0.944
2692.000 0.960 0.954
2693.000 0.970 0.949
2694.000 0.966 0.952
2695.000 0.964 0.954
2696.000 0.964 0.954
2697.000 0.964 0.954
2698.000 0.964 0.954
2699.000 0.964 0.954
2700.000 0.970 0.956
2701.000 0.970 0.956
2702.000 0.970 0.956
2703.000 0.970 0.956
2704.000 0.970 0.956
2705.000 0.970 0.956
2706.000 0.970 0.956
2707.000 0.970 0.956
2708.000 0.970 0.956
2709.000 0.970 0.956
2710.000 0.970 0.956
2711.000 0.970 0.956
2712.000 0.970 0.956
2713.000 0.970 0.956
2714.000 0.970 0.956
2715.000 0.970 0.956
2716.000 0.970 0.956
2717.000 0.970 0.956
2718.000 0.970 0.956
2719.000 0.970 0.956
2720.000 0.970 0.956
2721.000 0.970 0.956
2722.000 0.970 0.956
2723.000 0.970 0.956
2724.000 0.970 0.956
2725.000 0.970 0.956
2726.000 0.970 0.956
2727.000 0.970 0.956
2728.000 0.970 0.956
2729.000 0.970 0.956
2730.000 0.970 0.956
2731.000 0.970 0.956
2732.000 0.970 0.956
2733.000 0.970 0.956
2734.000 0.970 0.956
2735.000 0.970 0.956
2736.000 0.970 0.956
2737.000 0.970 0.956
2738.000 0.970 0.956
2739.000 0.970 0.956
2740.000 0.970 0.956
2741.000 0.970 0.956
2742.000 0.970 0.956
2743.000 0.970 0.956
2744.000 0.970 0.956
2745.000 0.970 0.956
2746.000 0.970 0.956
2747.000 0.970 0.956
2748.000 0.970 0.956
2749.000 0.970 0.956
2750.000 0.970 0.956
2751.000 0.970 0.956
2752.000 0.970 0.956
2753.000 0.970 0.956
2754.000 0.970 0.956
2755.000 0.970 0.956
2756.000 0.970 0.956
2757.000 0.958 0.951
2758.000 0.964 0.931
2759.000 0.981 0.924
2760.000 0.993 0.929
2761.000 1.004 0.946
2762.000 1.000 0.958
2763.000 1.016 0.998
2764.000 1.050 1.013
2765.000 1.073 0.995
2766.000 1.018 0.963
2767.000 0.998 0.946
2768.000 0.989 0.921
2769.000 0.987 0.909
2770.000 1.000 0.897
2771.000 1.008 0.894
2772.000 1.008 0.894
2773.000 1.008 0.894
2774.000 1.048 0.916
2775.000 1.112 1.036
2776.000 1.137 1.110
2777.000 1.132 1.164
2778.000 1.151 1.183
2779.000 1.178 1.156
2780.000 1.167 1.128
2781.000 1.144 1.103
2782.000 1.115 1.077
2783.000 1.090 1.046
2784.000 1.046 0.995
2785.000 1.018 0.956
2786.000 1.008 0.956
2787.000 1.016 0.919
2788.000 1.025 0.904
2789.000 1.025 0.882
2790.000 1.010 0.857
2791.000 0.979 0.860
2792.000 0.943 0.860
2793.000 0.916 0.860
2794.000 0.885 0.860
2795.000 0.858 0.897
2796.000 0.862 0.936
2797.000 0.893 0.986
2798.000 0.925 0.993
2799.000 0.935 1.008
2800.000 0.956 1.008
2801.000 0.981 1.035
2802.000 0.986 1.060
2803.000 0.985 1.013
2804.000 0.985 0.956
2805.000 1.004 0.926
2806.000 1.046 0.884
2807.000 1.033 0.864
2808.000 0.975 0.864
2809.000 0.931 0.864
2810.000 0.906 0.889
2811.000 0.889 0.894
2812.000 0.879 0.904
2813.000 0.864 0.926
2814.000 0.877 0.958
2815.000 0.910 0.973
2816.000 0.939 0.966
2817.000 0.952 0.958
2818.000 0.958 0.951
2819.000 0.987 0.949
2820.000 1.002 0.963
2821.000 1.014 0.953
2822.000 1.018 0.941
2823.000 1.023 0.919
2824.000 1.008 0.899
2825.000 0.987 0.879
2826.000 0.966 0.877
2827.000 0.964 0.862
2828.000 0.943 0.857
2829.000 0.931 0.852
2830.000 0.925 0.852
2831.000 0.933 0.845
2832.000 0.927 0.855
2833.000 0.933 0.847
2834.000 0.933 0.847
2835.000 0.933 0.847
2836.000 0.933 0.847
2837.000 0.933 0.847
2838.000 0.933 0.847
2839.000 0.933 0.847
2840.000 0.933 0.847
2841.000 0.933 0.847
2842.000 0.933 0.847
2843.000 0.933 0.847
2844.000 0.933 0.847
2845.000 0.933 0.847
2846.000 0.933 0.847
2847.000 0.933 0.847
2848.000 0.933 0.847
2849.000 0.933 0.847
2850.000 0.933 0.847
2851.000 0.933 0.847
2852.000 0.933 0.847
2853.000 0.933 0.847
2854.000 0.933 0.847
2855.000 0.933 0.847
2856.000 0.933 0.847
2857.000 0.933 0.847
2858.000 0.933 0.847
2859.000 0.933 0.847
2860.000 0.933 0.847
2861.000 0.933 0.847
2862.000 0.933 0.847
2863.000 0.933 0.847
2864.000 0.933 0.847
2865.000 0.933 0.847
2866.000 0.933 0.847
2867.000 0.933 0.847
2868.000 0.933 0.847
2869.000 0.933 0.847
2870.000 0.933 0.847
2871.000 0.933 0.847
2872.000 0.933 0.847
2873.000 0.933 0.847
2874.000 0.933 0.847
2875.000 0.933 0.847
2876.000 0.933 0.847
2877.000 0.933 0.847
2878.000 0.933 0.847
2879.000 0.933 0.847
2880.000 0.933 0.847
2881.000 0.933 0.847
2882.000 0.933 0.847
2883.000 0.933 0.847
2884.000 0.933 0.847
2885.000 0.933 0.847
2886.000 0.933 0.847
2887.000 0.933 0.847
2888.000 0.933 0.847
2889.000 0.933 0.847
2890.000 0.933 0.847
2891.000 0.933 0.847
2892.000 0.933 0.847
2893.000 0.933 0.847
2894.000 0.933 0.847
2895.000 0.933 0.847
2896.000 0.933 0.847
2897.000 0.933 0.847
2898.000 0.933 0.847
2899.000 0.933 0.847
2900.000 0.933 0.847
2901.000 0.933 0.847
2902.000 0.933 0.847
2903.000 0.933 0.847
2904.000 0.933 0.847
2905.000 0.933 0.847
2906.000 0.933 0.847
2907.000 0.933 0.847
2908.000 0.933 0.847
2909.000 0.933 0.847
2910.000 0.933 0.847
2911.000 0.933 0.847
2912.000 0.933 0.847
2913.000 0.933 0.847
2914.000 0.933 0.847
2915.000 0.933 0.847
2916.000 0.933 0.847
2917.000 0.933 0.847
2918.000 0.933 0.847
2919.000 0.933 0.847
2920.000 0.933 0.847
2921.000 0.933 0.847
2922.000 0.933 0.847
2923.000 0.933 0.847
2924.000 0.933 0.847
2925.000 0.933 0.847
2926.000 0.933 0.847
2927.000 0.933 0.847
2928.000 0.933 0.847
2929.000 0.933 0.847
2930.000 0.933 0.847
2931.000 0.933 0.847
2932.000 0.933 0.847
2933.000 0.933 0.847
2934.000 0.933 0.847
2935.000 0.933 0.847
2936.000 0.933 0.847
2937.000 0.933 0.847
2938.000 0.933 0.847
2939.000 0.933 0.847
2940.000 0.933 0.847
2941.000 0.933 0.847
2942.000 0.933 0.847
2943.000 0.933 0.847
2944.000 0.933 0.847
2945.000 0.933 0.847
2946.000 0.933 0.847
2947.000 0.933 0.847
2948.000 0.933 0.847
2949.000 0.933 0.847
2950.000 0.933 0.847
2951.000 0.933 0.847
2952.000 0.933 0.847
2953.000 0.952 0.847
2954.000 0.958 0.874
2955.000 0.952 0.904
2956.000 0.941 0.921
2957.000 0.922 0.956
2958.000 0.947 0.968
2959.000 0.970 0.966
2960.000 0.977 0.953
2961.000 0.991 0.944
2962.000 0.991 0.941
2963.000 1.000 0.919
2964.000 1.006 0.916
2965.000 1.016 0.921
2966.000 1.012 0.921
2967.000 1.012 0.921
2968.000 1.012 0.921
2969.000 1.012 0.921
2970.000 1.012 0.921
2971.000 1.012 0.921
2972.000 1.012 0.921
2973.000 1.012 0.921
2974.000 1.014 0.921
2975.000 1.014 0.921
2976.000 1.014 0.921
2977.000 1.014 0.921
2978.000 1.014 0.921
2979.000 1.014 0.921
2980.000 1.014 0.921
2981.000 1.014 0.921
2982.000 1.014 0.921
2983.000 1.014 0.921
2984.000 1.014 0.921
2985.000 1.014 0.921
2986.000 1.014 0.921
2987.000 1.014 0.921
2988.000 1.014 0.921
2989.000 1.014 0.921
2990.000 1.014 0.921
2991.000 1.008 0.921
2992.000 1.008 0.921
2993.000 1.008 0.921
2994.000 1.008 0.921
2995.000 1.008 0.921
2996.000 1.008 0.921
2997.000 1.008 0.921
2998.000 1.008 0.921
2999.000 1.008 0.921
3000.000 1.008 0.921
3001.000 1.008 0.921
3002.000 1.008 0.921
3003.000 1.008 0.921
3004.000 1.008 0.921
3005.000 1.008 0.921
3006.000 1.008 0.921
3007.000 1.008 0.921
3008.000 1.008 0.921
3009.000 1.010 0.924
3010.000 1.012 0.924
3011.000 1.012 0.924
3012.000 1.012 0.924
3013.000 1.018 0.924
3014.000 1.018 0.924
3015.000 1.012 0.924
3016.000 1.012 0.924
3017.000 1.012 0.924
3018.000 1.012 0.924
3019.000 1.012 0.924
3020.000 1.012 0.924
3021.000 1.012 0.924
3022.000 1.012 0.924
3023.000 1.012 0.924
3024.000 1.012 0.924
3025.000 1.012 0.924
3026.000 1.012 0.924
3027.000 1.012 0.924
3028.000 1.012 0.924
3029.000 1.012 0.924
3030.000 1.012 0.924
3031.000 1.012 0.924
3032.000 1.012 0.924
3033.000 1.012 0.924
3034.000 1.012 0.924
3035.000 1.012 0.924
3036.000 1.012 0.924
3037.000 1.012 0.924
3038.000 1.012 0.924
3039.000 1.012 0.924
3040.000 1.012 0.924
3041.000 1.012 0.924
3042.000 1.012 0.924
3043.000 1.012 0.924
3044.000 1.012 0.924
3045.000 1.012 0.924
3046.000 1.012 0.924
3047.000 1.012 0.924
3048.000 1.012 0.924
3049.000 1.012 0.924
3050.000 1.012 0.924
3051.000 1.012 0.924
3052.000 1.012 0.924
3053.000 1.012 0.924
3054.000 1.012 0.924
3055.000 1.012 0.929
3056.000 1.012 0.924
3057.000 1.012 0.924
3058.000 0.993 0.941
3059.000 0.970 0.941
3060.000 0.962 0.931
3061.000 0.960 0.911
3062.000 0.975 0.904
3063.000 0.989 0.902
3064.000 0.991 0.894
3065.000 0.995 0.907
3066.000 0.981 0.926
3067.000 0.973 0.931
3068.000 0.943 0.944
3069.000 0.927 0.949
3070.000 0.916 0.949
3071.000 0.914 0.929
3072.000 0.929 0.909
3073.000 0.933 0.904
3074.000 0.943 0.894
3075.000 0.964 0.899
3076.000 0.979 0.911
3077.000 0.975 0.931
3078.000 0.977 0.944
3079.000 0.998 0.949
3080.000 0.998 0.939
3081.000 1.004 0.926
3082.000 1.021 0.919
3083.000 1.014 0.909
3084.000 1.006 0.884
3085.000 0.973 0.882
3086.000 0.941 0.877
3087.000 0.927 0.889
3088.000 0.920 0.916
3089.000 0.929 0.946
3090.000 0.950 0.991
3091.000 0.973 0.993
3092.000 0.995 0.978
3093.000 1.008 0.958
3094.000 1.004 0.939
3095.000 1.010 0.924
3096.000 1.016 0.907
3097.000 1.014 0.877
3098.000 1.037 0.864
3099.000 1.008 0.845
3100.000 0.995 0.850
3101.000 0.960 0.857
3102.000 0.929 0.864
3103.000 0.920 0.840
3104.000 0.908 0.832
3105.000 0.870 0.835
3106.000 0.860 0.840
3107.000 0.866 0.867
3108.000 0.864 0.897
3109.000 0.872 0.924
3110.000 0.877 0.958
3111.000 0.895 0.976
3112.000 0.902 0.995
3113.000 0.937 1.008
3114.000 0.973 0.983
3115.000 0.983 0.976
3116.000 0.998 0.963
3117.000 1.014 0.941
3118.000 1.010 0.919
3119.000 1.008 0.887
3120.000 0.995 0.872
3121.000 0.985 0.862
3122.000 0.966 0.850
3123.000 0.960 0.842
3124.000 0.962 0.840
3125.000 0.960 0.837
3126.000 0.960 0.835
3127.000 0.960 0.835
3128.000 0.960 0.835
3129.000 0.960 0.835
3130.000 0.960 0.835
3131.000 0.960 0.835
3132.000 0.960 0.835
3133.000 0.960 0.835
3134.000 0.960 0.835
3135.000 0.960 0.835
3136.000 0.960 0.835
3137.000 0.960 0.835
3138.000 0.973 0.832
3139.000 0.966 0.832
3140.000 0.964 0.832
3141.000 0.964 0.832
3142.000 0.964 0.832
3143.000 0.964 0.832
3144.000 0.958 0.845
3145.000 0.933 0.862
3146.000 0.916 0.882
3147.000 0.908 0.909
3148.000 0.899 0.931
3149.000 0.881 0.946
3150.000 0.883 0.953
3151.000 0.887 0.953
3152.000 0.964 0.961
3153.000 0.998 0.968
3154.000 1.023 0.951
3155.000 1.018 0.907
3156.000 0.993 0.879
3157.000 0.989 0.874
3158.000 0.979 0.857
3159.000 0.979 0.842
3160.000 0.995 0.820
3161.000 0.977 0.793
3162.000 0.950 0.780
3163.000 0.935 0.743
3164.000 0.925 0.681
3165.000 0.914 0.615
3166.000 0.927 0.558
3167.000 0.901 0.503
3168.000 0.856 0.476
3169.000 0.791 0.451
3170.000 0.748 0.413
3171.000 0.738 0.401
3172.000 0.725 0.409
3173.000 0.666 0.395
3174.000 0.608 0.349
3175.000 0.581 0.304
3176.000 0.519 0.305
3177.000 0.453 0.296
3178.000 0.400 0.277
3179.000 0.334 0.237
3180.000 0.315 0.192
3181.000 0.278 0.155
3182.000 0.211 0.123
3183.000 0.124 0.089
3184.000 0.064 0.055
3185.000 0.055 0.024
3186.000 0.025 0.043
3187.000 0.026 0.083
3188.000 0.076 0.105
3189.000 0.111 0.147
3190.000 0.140 0.180
3191.000 0.142 0.214
3192.000 0.125 0.254
3193.000 0.089 0.266
3194.000 0.072 0.301
3195.000 0.105 0.335
3196.000 0.171 0.338
3197.000 0.209 0.308
3198.000 0.236 0.308
3199.000 0.267 0.279
3200.000 0.294 0.234
3201.000 0.282 0.192
3202.000 0.248 0.143
3203.000 0.225 0.190
3204.000 0.140 0.195
3205.000 0.121 0.163
3206.000 0.078 0.119
3207.000 0.042 0.079
3208.000 0.042 0.022
3209.000 0.004 0.023
3210.000 0.002 0.077
3211.000 0.019 0.118
3212.000 0.039 0.150
3213.000 0.027 0.204
3214.000 0.010 0.254
3215.000 0.011 0.303
3216.000 0.055 0.327
3217.000 0.073 0.368
3218.000 0.032 0.424
3219.000 0.028 0.455
3220.000 0.018 0.506
3221.000 0.047 0.534
3222.000 0.092 0.536
3223.000 0.149 0.543
3224.000 0.187 0.598
3225.000 0.167 0.671
3226.000 0.132 0.740
3227.000 0.116 0.809
3228.000 0.101 0.872
3229.000 0.049 0.923
3230.000 0.032 0.987
3231.000 0.056 1.056
3232.000 0.049 1.133
3233.000 0.080 1.168
3234.000 0.161 1.163
3235.000 0.239 1.170
3236.000 0.317 1.182
3237.000 0.390 1.179
3238.000 0.464 1.172
3239.000 0.511 1.165
3240.000 0.580 1.122
3241.000 0.659 1.088
3242.000 0.745 1.059
3243.000 0.841 1.038
3244.000 0.927 1.052
3245.000 1.009 1.097
3246.000 1.076 1.136
3247.000 1.153 1.139
3248.000 1.169 1.078
3249.000 1.182 1.012
3250.000 1.157 0.960
3251.000 1.135 0.928
3252.000 1.119 0.865
3253.000 1.135 0.788
3254.000 1.174 0.735
3255.000 1.154 0.673
3256.000 1.110 0.605
3257.000 1.112 0.517
3258.000 1.138 0.426
3259.000 1.178 0.346
3260.000 1.171 0.251
3261.000 1.172 0.147
3262.000 1.181 0.075
3263.000 1.168 0.007
3264.000 1.106 0.011
3265.000 1.030 0.018
3266.000 0.974 0.042
3267.000 0.910 0.046
3268.000 0.824 0.038
3269.000 0.751 0.059
3270.000 0.689 0.077
3271.000 0.601 0.081
3272.000 0.516 0.092
3273.000 0.422 0.096
3274.000 0.340 0.125
3275.000 0.378 0.153
3276.000 0.403 0.177
3277.000 0.355 0.222
3278.000 0.284 0.219
3279.000 0.240 0.163
3280.000 0.219 0.113
3281.000 0.181 0.111
3282.000 0.150 0.153
3283.000 0.171 0.209
3284.000 0.175 0.264
3285.000 0.194 0.323
3286.000 0.217 0.355
3287.000 0.212 0.422
3288.000 0.182 0.494
3289.000 0.124 0.502
3290.000 0.064 0.474
3291.000 0.029 0.497
3292.000 0.038 0.565
3293.000 0.092 0.630
3294.000 0.118 0.712
3295.000 0.120 0.806
3296.000 0.128 0.889
3297.000 0.128 0.973
3298.000 0.097 1.049
3299.000 0.084 1.121
3300.000 0.087 1.176
3301.000 0.161 1.177
3302.000 0.233 1.179
3303.000 0.305 1.181
3304.000 0.379 1.180
3305.000 0.442 1.176
3306.000 0.519 1.162
3307.000 0.592 1.166
3308.000 0.667 1.156
3309.000 0.741 1.127
3310.000 0.768 1.069
3311.000 0.785 0.998
3312.000 0.746 0.940
3313.000 0.750 0.873
3314.000 0.810 0.887
3315.000 0.858 0.916
3316.000 0.906 0.946
3317.000 0.908 1.005
3318.000 0.993 1.059
3319.000 1.079 1.101
3320.000 1.139 1.069
3321.000 1.156 0.994
3322.000 1.118 0.968
3323.000 1.073 0.937
3324.000 1.043 0.862
3325.000 1.033 0.790
3326.000 1.030 0.778
3327.000 1.043 0.790
3328.000 1.010 0.790
3329.000 1.028 0.765
3330.000 1.035 0.803
3331.000 0.995 0.815
3332.000 0.967 0.779
3333.000 0.987 0.743
3334.000 1.006 0.808
3335.000 0.989 0.860
3336.000 1.008 0.909
3337.000 1.052 0.966
3338.000 1.061 1.003
3339.000 1.088 1.042
3340.000 1.072 1.079
3341.000 1.041 1.110
3342.000 0.998 1.079
3343.000 0.979 0.986
3344.000 1.004 0.939
3345.000 1.021 0.882
3346.000 0.981 0.847
3347.000 0.952 0.818
3348.000 0.909 0.775
3349.000 0.882 0.710
3350.000 0.908 0.628
3351.000 0.865 0.564
3352.000 0.793 0.522
3353.000 0.712 0.498
3354.000 0.632 0.464
3355.000 0.529 0.399
3356.000 0.443 0.361
3357.000 0.351 0.323
3358.000 0.301 0.284
3359.000 0.234 0.289
3360.000 0.207 0.256
3361.000 0.219 0.212
3362.000 0.236 0.145
3363.000 0.221 0.122
3364.000 0.169 0.172
3365.000 0.182 0.247
3366.000 0.175 0.301
3367.000 0.154 0.355
3368.000 0.120 0.416
3369.000 0.097 0.450
3370.000 0.144 0.439
3371.000 0.184 0.358
3372.000 0.215 0.286
3373.000 0.225 0.252
3374.000 0.238 0.209
3375.000 0.257 0.192
3376.000 0.242 0.155
3377.000 0.198 0.172
3378.000 0.182 0.185
3379.000 0.175 0.227
3380.000 0.196 0.254
3381.000 0.205 0.264
3382.000 0.221 0.284
3383.000 0.230 0.294
3384.000 0.213 0.286
3385.000 0.232 0.296
3386.000 0.230 0.296
3387.000 0.230 0.296
3388.000 0.230 0.296
3389.000 0.230 0.296
3390.000 0.230 0.296
3391.000 0.230 0.296
3392.000 0.230 0.296
3393.000 0.230 0.296
3394.000 0.230 0.296
3395.000 0.230 0.296
3396.000 0.230 0.296
3397.000 0.230 0.296
3398.000 0.230 0.296
3399.000 0.230 0.296
3400.000 0.230 0.296
3401.000 0.230 0.296
3402.000 0.230 0.296
3403.000 0.230 0.296
3404.000 0.230 0.296
3405.000 0.230 0.296
3406.000 0.230 0.296
3407.000 0.230 0.296
3408.000 0.230 0.296
3409.000 0.230 0.296
3410.000 0.230 0.296
3411.000 0.230 0.296
3412.000 0.230 0.296
3413.000 0.230 0.296
3414.000 0.230 0.296
3415.000 0.230 0.296
3416.000 0.230 0.296
3417.000 0.230 0.296
3418.000 0.230 0.296
3419.000 0.230 0.296
3420.000 0.230 0.296
3421.000 0.230 0.296
3422.000 0.230 0.296
3423.000 0.230 0.296
3424.000 0.230 0.296
3425.000 0.230 0.296
3426.000 0.217 0.294
3427.000 0.217 0.294
3428.000 0.217 0.294
3429.000 0.217 0.294
3430.000 0.217 0.294
3431.000 0.217 0.294
3432.000 0.217 0.294
3433.000 0.217 0.294
3434.000 0.217 0.294
3435.000 0.217 0.294
3436.000 0.217 0.294
3437.000 0.217 0.294
3438.000 0.217 0.294
3439.000 0.217 0.294
3440.000 0.217 0.294
3441.000 0.217 0.294
3442.000 0.217 0.294
3443.000 0.217 0.294
3444.000 0.217 0.294
3445.000 0.217 0.294
3446.000 0.217 0.294
3447.000 0.217 0.294
3448.000 0.217 0.294
3449.000 0.217 0.294
3450.000 0.217 0.294
3451.000 0.217 0.294
3452.000 0.217 0.294
3453.000 0.217 0.294
3454.000 0.217 0.294
3455.000 0.217 0.294
3456.000 0.217 0.294
3457.000 0.217 0.294
3458.000 0.217 0.294
3459.000 0.217 0.294
3460.000 0.217 0.294
3461.000 0.217 0.294
3462.000 0.217 0.294
3463.000 0.217 0.294
3464.000 0.217 0.294
3465.000 0.217 0.294
3466.000 0.217 0.294
3467.000 0.217 0.294
3468.000 0.217 0.294
3469.000 0.217 0.294
3470.000 0.217 0.294
3471.000 0.217 0.294
3472.000 0.217 0.294
3473.000 0.217 0.294
3474.000 0.217 0.294
3475.000 0.217 0.294
3476.000 0.217 0.294
3477.000 0.217 0.294
3478.000 0.217 0.294
3479.000 0.217 0.294
3480.000 0.217 0.294
3481.000 0.217 0.294
3482.000 0.217 0.294
3483.000 0.217 0.294
3484.000 0.217 0.294
3485.000 0.217 0.294
3486.000 0.217 0.294
3487.000 0.217 0.294
3488.000 0.217 0.294
3489.000 0.217 0.294
3490.000 0.217 0.294
3491.000 0.217 0.294
3492.000 0.217 0.294
3493.000 0.217 0.294
3494.000 0.217 0.294
3495.000 0.217 0.294
3496.000 0.217 0.294
3497.000 0.217 0.294
3498.000 0.217 0.294
3499.000 0.217 0.294
3500.000 0.217 0.294
3501.000 0.217 0.294
3502.000 0.217 0.294
3503.000 0.217 0.294
3504.000 0.217 0.294
3505.000 0.217 0.294
3506.000 0.217 0.294
3507.000 0.217 0.294
3508.000 0.217 0.294
3509.000 0.217 0.294
3510.000 0.217 0.294
3511.000 0.217 0.294
3512.000 0.217 0.294
3513.000 0.217 0.294
3514.000 0.217 0.294
3515.000 0.217 0.294
3516.000 0.217 0.294
3517.000 0.217 0.294
3518.000 0.217 0.294
3519.000 0.217 0.294
3520.000 0.217 0.294
3521.000 0.217 0.294
3522.000 0.217 0.294
3523.000 0.217 0.294
3524.000 0.217 0.294
3525.000 0.217 0.294
3526.000 0.217 0.294
3527.000 0.217 0.294
3528.000 0.217 0.294
3529.000 0.217 0.294
3530.000 0.217 0.294
3531.000 0.217 0.294
3532.000 0.217 0.294
3533.000 0.217 0.294
3534.000 0.217 0.294
3535.000 0.217 0.294
3536.000 0.217 0.294
3537.000 0.217 0.294
3538.000 0.217 0.294
3539.000 0.217 0.294
3540.000 0.217 0.294
3541.000 0.217 0.294
3542.000 0.217 0.294
3543.000 0.217 0.294
3544.000 0.217 0.294
3545.000 0.217 0.294
3546.000 0.217 0.294
3547.000 0.215 0.291
3548.000 0.215 0.291
3549.000 0.215 0.291
3550.000 0.215 0.291
3551.000 0.215 0.291
3552.000 0.215 0.291
3553.000 0.215 0.291
3554.000 0.215 0.291
3555.000 0.215 0.291
3556.000 0.215 0.291
3557.000 0.215 0.291
3558.000 0.215 0.291
3559.000 0.215 0.291
3560.000 0.215 0.291
3561.000 0.215 0.291
3562.000 0.215 0.291
3563.000 0.215 0.291
3564.000 0.215 0.291
3565.000 0.215 0.291
3566.000 0.215 0.291
3567.000 0.215 0.291
3568.000 0.215 0.291
3569.000 0.215 0.291
3570.000 0.215 0.291
3571.000 0.215 0.291
3572.000 0.215 0.291
3573.000 0.215 0.291
3574.000 0.215 0.291
3575.000 0.215 0.291
3576.000 0.215 0.291
3577.000 0.215 0.291
3578.000 0.215 0.291
3579.000 0.215 0.291
3580.000 0.215 0.291
3581.000 0.215 0.291
3582.000 0.215 0.291
3583.000 0.215 0.291
3584.000 0.215 0.291
3585.000 0.215 0.291
3586.000 0.215 0.291
3587.000 0.215 0.291
3588.000 0.215 0.291
3589.000 0.215 0.291
3590.000 0.215 0.291
3591.000 0.215 0.291
3592.000 0.215 0.291
3593.000 0.215 0.291
3594.000 0.215 0.291
3595.000 0.215 0.291
3596.000 0.215 0.291
3597.000 0.215 0.291
3598.000 0.215 0.291
3599.000 0.215 0.291
3600.000 0.214 0.289
