# Time(s) fish0X fish0Y
0.000 0.350 0.881
1.000 0.270 0.913
2.000 0.193 0.916
3.000 0.137 0.912
4.000 0.118 0.975
5.000 0.142 1.036
6.000 0.193 1.088
7.000 0.272 1.052
8.000 0.329 1.013
9.000 0.378 0.980
10.000 0.414 0.927
11.000 0.449 0.880
12.000 0.419 0.840
13.000 0.445 0.801
14.000 0.431 0.765
15.000 0.377 0.770
16.000 0.359 0.803
17.000 0.382 0.850
18.000 0.433 0.841
19.000 0.465 0.802
20.000 0.431 0.745
21.000 0.404 0.667
22.000 0.445 0.618
23.000 0.518 0.766
24.000 0.575 0.886
25.000 0.633 0.993
26.000 0.731 1.052
27.000 0.836 1.073
28.000 0.958 1.075
29.000 1.067 1.067
30.000 1.142 1.027
31.000 1.164 0.923
32.000 1.170 0.813
33.000 1.167 0.697
34.000 1.160 0.571
35.000 1.167 0.469
36.000 1.152 0.364
37.000 1.104 0.270
38.000 1.037 0.194
39.000 0.951 0.166
40.000 0.854 0.163
41.000 0.763 0.141
42.000 0.670 0.117
43.000 0.560 0.099
44.000 0.448 0.096
45.000 0.385 0.142
46.000 0.361 0.202
47.000 0.360 0.265
48.000 0.361 0.323
49.000 0.342 0.386
50.000 0.329 0.420
51.000 0.329 0.460
52.000 0.287 0.513
53.000 0.205 0.513
54.000 0.156 0.455
55.000 0.097 0.408
56.000 0.142 0.358
57.000 0.259 0.359
58.000 0.360 0.357
59.000 0.441 0.377
60.000 0.548 0.379
61.000 0.642 0.408
62.000 0.721 0.415
63.000 0.793 0.419
64.000 0.878 0.479
65.000 0.898 0.583
66.000 0.841 0.640
67.000 0.780 0.709
68.000 0.779 0.800
69.000 0.735 0.875
70.000 0.669 0.893
71.000 0.630 0.950
72.000 0.617 1.017
73.000 0.614 1.079
74.000 0.494 1.092
75.000 0.419 1.025
76.000 0.335 0.971
77.000 0.265 0.894
78.000 0.315 0.816
79.000 0.327 0.744
80.000 0.387 0.676
81.000 0.454 0.649
82.000 0.528 0.625
83.000 0.599 0.617
84.000 0.658 0.621
85.000 0.762 0.648
86.000 0.802 0.740
87.000 0.816 0.835
88.000 0.851 0.926
89.000 0.906 0.987
90.000 0.949 1.045
91.000 0.993 1.113
92.000 1.077 1.136
93.000 1.144 1.157
94.000 1.057 1.152
95.000 0.967 1.140
96.000 0.880 1.118
97.000 0.787 1.101
98.000 0.720 1.050
99.000 0.626 1.020
100.000 0.597 0.988
101.000 0.566 0.930
102.000 0.468 0.931
103.000 0.420 0.983
104.000 0.424 0.954
105.000 0.418 0.971
106.000 0.418 0.951
107.000 0.404 0.978
108.000 0.411 1.011
109.000 0.465 1.000
110.000 0.537 0.985
111.000 0.582 0.930
112.000 0.528 0.877
113.000 0.483 0.811
114.000 0.449 0.770
115.000 0.450 0.722
116.000 0.487 0.685
117.000 0.508 0.636
118.000 0.495 0.578
119.000 0.433 0.585
120.000 0.393 0.618
121.000 0.362 0.692
122.000 0.362 0.760
123.000 0.291 0.782
124.000 0.217 0.826
125.000 0.141 0.847
126.000 0.101 0.784
127.000 0.154 0.668
128.000 0.230 0.617
129.000 0.277 0.614
130.000 0.309 0.648
131.000 0.353 0.627
132.000 0.365 0.576
133.000 0.349 0.543
134.000 0.301 0.486
135.000 0.232 0.427
136.000 0.235 0.346
137.000 0.296 0.267
138.000 0.379 0.239
139.000 0.409 0.241
140.000 0.397 0.224
141.000 0.390 0.224
142.000 0.381 0.236
143.000 0.438 0.227
144.000 0.448 0.175
145.000 0.373 0.186
146.000 0.349 0.156
147.000 0.314 0.179
148.000 0.274 0.212
149.000 0.237 0.248
150.000 0.199 0.293
151.000 0.161 0.343
152.000 0.174 0.396
153.000 0.221 0.426
154.000 0.270 0.429
155.000 0.332 0.446
156.000 0.371 0.399
157.000 0.418 0.345
158.000 0.489 0.368
159.000 0.511 0.391
160.000 0.500 0.366
161.000 0.527 0.407
162.000 0.607 0.435
163.000 0.653 0.494
164.000 0.617 0.551
165.000 0.609 0.603
166.000 0.573 0.645
167.000 0.546 0.706
168.000 0.495 0.726
169.000 0.554 0.721
170.000 0.626 0.770
171.000 0.651 0.856
172.000 0.701 0.913
173.000 0.769 0.922
174.000 0.791 0.881
175.000 0.797 0.829
176.000 0.865 0.795
177.000 0.949 0.758
178.000 0.990 0.693
179.000 1.000 0.620
180.000 1.028 0.524
181.000 0.997 0.451
182.000 0.934 0.420
183.000 0.874 0.367
184.000 0.878 0.298
185.000 0.950 0.305
186.000 1.019 0.354
187.000 1.084 0.408
188.000 1.074 0.505
189.000 1.085 0.597
190.000 1.037 0.643
191.000 0.965 0.655
192.000 0.949 0.724
193.000 0.943 0.805
194.000 0.926 0.898
195.000 0.897 0.978
196.000 0.787 1.000
197.000 0.727 0.938
198.000 0.753 0.871
199.000 0.694 0.842
200.000 0.635 0.843
201.000 0.601 0.782
202.000 0.579 0.730
203.000 0.533 0.750
204.000 0.456 0.744
205.000 0.419 0.677
206.000 0.431 0.615
207.000 0.376 0.575
208.000 0.315 0.556
209.000 0.269 0.603
210.000 0.247 0.657
211.000 0.255 0.708
212.000 0.227 0.781
213.000 0.187 0.831
214.000 0.205 0.732
215.000 0.252 0.710
216.000 0.229 0.654
217.000 0.184 0.587
218.000 0.126 0.527
219.000 0.152 0.429
220.000 0.257 0.413
221.000 0.311 0.389
222.000 0.368 0.362
223.000 0.413 0.312
224.000 0.565 0.388
225.000 0.661 0.451
226.000 0.735 0.415
227.000 0.826 0.364
228.000 0.919 0.405
229.000 0.972 0.475
230.000 0.973 0.567
231.000 0.953 0.644
232.000 0.907 0.709
233.000 0.806 0.708
234.000 0.755 0.718
235.000 0.767 0.788
236.000 0.814 0.837
237.000 0.846 0.897
238.000 0.856 0.923
239.000 0.915 0.927
240.000 0.964 0.955
241.000 0.961 1.015
242.000 0.956 1.070
243.000 1.001 1.104
244.000 1.086 1.082
245.000 1.135 1.014
246.000 1.156 0.927
247.000 1.188 0.875
248.000 1.168 0.790
249.000 1.145 0.707
250.000 1.144 0.621
251.000 1.123 0.524
252.000 1.109 0.436
253.000 1.116 0.367
254.000 1.055 0.313
255.000 0.992 0.269
256.000 0.952 0.239
257.000 0.936 0.190
258.000 0.974 0.134
259.000 0.886 0.098
260.000 0.811 0.147
261.000 0.745 0.149
262.000 0.689 0.171
263.000 0.640 0.185
264.000 0.588 0.181
265.000 0.537 0.149
266.000 0.451 0.122
267.000 0.362 0.184
268.000 0.309 0.231
269.000 0.288 0.298
270.000 0.290 0.331
271.000 0.245 0.341
272.000 0.193 0.357
273.000 0.138 0.329
274.000 0.100 0.363
275.000 0.110 0.450
276.000 0.155 0.520
277.000 0.193 0.564
278.000 0.195 0.612
279.000 0.192 0.669
280.000 0.211 0.695
281.000 0.262 0.739
282.000 0.310 0.780
283.000 0.339 0.789
284.000 0.372 0.772
285.000 0.363 0.781
286.000 0.366 0.769
287.000 0.381 0.761
288.000 0.406 0.747
289.000 0.416 0.769
290.000 0.407 0.785
291.000 0.368 0.774
292.000 0.414 0.740
293.000 0.445 0.793
294.000 0.397 0.863
295.000 0.357 0.923
296.000 0.353 0.847
297.000 0.399 0.807
298.000 0.470 0.753
299.000 0.548 0.729
300.000 0.594 0.787
301.000 0.633 0.817
302.000 0.627 0.786
303.000 0.680 0.774
304.000 0.750 0.780
305.000 0.816 0.778
306.000 0.889 0.845
307.000 0.994 0.894
308.000 1.101 0.903
309.000 1.149 0.819
310.000 1.161 0.697
311.000 1.162 0.575
312.000 1.157 0.451
313.000 1.136 0.352
314.000 1.082 0.330
315.000 1.021 0.366
316.000 0.946 0.355
317.000 0.889 0.294
318.000 0.825 0.224
319.000 0.754 0.205
320.000 0.705 0.249
321.000 0.678 0.299
322.000 0.655 0.298
323.000 0.618 0.293
324.000 0.643 0.258
325.000 0.591 0.235
326.000 0.523 0.272
327.000 0.458 0.289
328.000 0.404 0.313
329.000 0.383 0.368
330.000 0.394 0.419
331.000 0.344 0.473
332.000 0.315 0.502
333.000 0.357 0.534
334.000 0.421 0.533
335.000 0.473 0.555
336.000 0.529 0.549
337.000 0.589 0.494
338.000 0.666 0.480
339.000 0.702 0.421
340.000 0.746 0.381
341.000 0.707 0.344
342.000 0.668 0.380
343.000 0.663 0.439
344.000 0.634 0.511
345.000 0.561 0.557
346.000 0.517 0.620
347.000 0.486 0.735
348.000 0.497 0.792
349.000 0.526 0.830
350.000 0.472 0.905
351.000 0.372 0.900
352.000 0.312 0.854
353.000 0.230 0.877
354.000 0.210 0.968
355.000 0.244 1.058
356.000 0.348 1.098
357.000 0.466 1.107
358.000 0.553 1.104
359.000 0.638 1.081
360.000 0.690 1.016
361.000 0.758 1.008
362.000 0.794 0.958
363.000 0.792 0.903
364.000 0.807 0.861
365.000 0.854 0.869
366.000 0.892 0.898
367.000 0.948 0.828
368.000 0.965 0.739
369.000 0.968 0.680
370.000 0.934 0.643
371.000 0.862 0.655
372.000 0.811 0.685
373.000 0.835 0.738
374.000 0.817 0.790
375.000 0.695 0.738
376.000 0.612 0.685
377.000 0.530 0.656
378.000 0.455 0.644
379.000 0.380 0.611
380.000 0.365 0.527
381.000 0.354 0.481
382.000 0.277 0.451
383.000 0.271 0.385
384.000 0.324 0.316
385.000 0.384 0.327
386.000 0.438 0.327
387.000 0.505 0.317
388.000 0.572 0.300
389.000 0.611 0.294
390.000 0.647 0.272
391.000 0.683 0.235
392.000 0.744 0.213
393.000 0.784 0.263
394.000 0.806 0.316
395.000 0.823 0.349
396.000 0.828 0.390
397.000 0.847 0.428
398.000 0.874 0.485
399.000 0.903 0.548
400.000 0.897 0.610
401.000 0.847 0.626
402.000 0.795 0.649
403.000 0.725 0.688
404.000 0.662 0.712
405.000 0.596 0.701
406.000 0.493 0.717
407.000 0.456 0.743
408.000 0.432 0.781
409.000 0.386 0.796
410.000 0.343 0.820
411.000 0.327 0.886
412.000 0.323 0.915
413.000 0.341 0.907
414.000 0.308 0.870
415.000 0.294 0.845
416.000 0.313 0.810
417.000 0.322 0.763
418.000 0.379 0.813
419.000 0.297 0.824
420.000 0.251 0.756
421.000 0.253 0.679
422.000 0.280 0.637
423.000 0.333 0.593
424.000 0.393 0.574
425.000 0.456 0.591
426.000 0.497 0.563
427.000 0.517 0.508
428.000 0.530 0.449
429.000 0.498 0.396
430.000 0.487 0.368
431.000 0.425 0.333
432.000 0.336 0.360
433.000 0.282 0.369
434.000 0.253 0.298
435.000 0.309 0.239
436.000 0.421 0.232
437.000 0.507 0.240
438.000 0.564 0.292
439.000 0.613 0.297
440.000 0.665 0.265
441.000 0.680 0.236
442.000 0.654 0.191
443.000 0.612 0.178
444.000 0.567 0.179
445.000 0.517 0.180
446.000 0.488 0.207
447.000 0.523 0.204
448.000 0.564 0.179
449.000 0.623 0.180
450.000 0.692 0.143
451.000 0.768 0.127
452.000 0.816 0.177
453.000 0.881 0.182
454.000 0.949 0.173
455.000 1.010 0.119
456.000 1.064 0.068
457.000 1.112 0.164
458.000 1.146 0.229
459.000 1.143 0.336
460.000 1.141 0.420
461.000 1.161 0.486
462.000 1.112 0.555
463.000 1.040 0.542
464.000 0.958 0.551
465.000 0.930 0.613
466.000 0.940 0.701
467.000 0.877 0.726
468.000 0.830 0.718
469.000 0.785 0.745
470.000 0.765 0.785
471.000 0.768 0.831
472.000 0.818 0.851
473.000 0.864 0.857
474.000 0.908 0.924
475.000 0.846 0.990
476.000 0.782 0.990
477.000 0.735 0.984
478.000 0.681 0.981
479.000 0.647 0.946
480.000 0.612 0.934
481.000 0.568 0.916
482.000 0.541 0.895
483.000 0.524 0.842
484.000 0.492 0.806
485.000 0.423 0.792
486.000 0.348 0.814
487.000 0.333 0.786
488.000 0.338 0.791
489.000 0.374 0.788
490.000 0.381 0.747
491.000 0.391 0.774
492.000 0.354 0.788
493.000 0.396 0.763
494.000 0.430 0.775
495.000 0.398 0.794
496.000 0.369 0.763
497.000 0.322 0.741
498.000 0.382 0.679
499.000 0.417 0.638
500.000 0.498 0.619
501.000 0.551 0.645
502.000 0.505 0.690
503.000 0.415 0.724
504.000 0.362 0.648
505.000 0.390 0.559
506.000 0.475 0.501
507.000 0.497 0.405
508.000 0.458 0.347
509.000 0.367 0.300
510.000 0.314 0.306
511.000 0.242 0.285
512.000 0.176 0.226
513.000 0.150 0.285
514.000 0.126 0.317
515.000 0.098 0.355
516.000 0.135 0.416
517.000 0.169 0.462
518.000 0.142 0.533
519.000 0.126 0.579
520.000 0.154 0.664
521.000 0.209 0.728
522.000 0.281 0.750
523.000 0.342 0.776
524.000 0.401 0.787
525.000 0.415 0.822
526.000 0.387 0.869
527.000 0.402 0.931
528.000 0.433 0.987
529.000 0.510 0.997
530.000 0.571 0.974
531.000 0.642 0.973
532.000 0.746 0.992
533.000 0.841 0.977
534.000 0.941 0.994
535.000 1.032 1.011
536.000 1.082 1.062
537.000 1.078 1.145
538.000 1.036 1.175
539.000 1.006 1.166
540.000 1.002 1.174
541.000 1.049 1.169
542.000 1.119 1.154
543.000 1.148 1.107
544.000 1.155 1.030
545.000 1.159 0.965
546.000 1.153 0.890
547.000 1.118 0.823
548.000 1.061 0.735
549.000 0.982 0.654
550.000 0.964 0.582
551.000 0.988 0.526
552.000 0.962 0.465
553.000 0.908 0.409
554.000 0.882 0.366
555.000 0.887 0.298
556.000 0.923 0.246
557.000 0.918 0.264
558.000 0.865 0.238
559.000 0.821 0.180
560.000 0.739 0.144
561.000 0.643 0.143
562.000 0.540 0.143
563.000 0.429 0.160
564.000 0.335 0.163
565.000 0.261 0.171
566.000 0.208 0.251
567.000 0.172 0.342
568.000 0.152 0.454
569.000 0.123 0.572
570.000 0.134 0.691
571.000 0.147 0.790
572.000 0.120 0.844
573.000 0.206 0.931
574.000 0.317 0.945
575.000 0.384 0.926
576.000 0.420 0.867
577.000 0.463 0.817
578.000 0.536 0.835
579.000 0.601 0.875
580.000 0.635 0.931
581.000 0.657 0.976
582.000 0.667 1.022
583.000 0.703 1.074
584.000 0.783 1.081
585.000 0.863 1.055
586.000 0.928 1.010
587.000 0.997 0.951
588.000 1.070 0.916
589.000 1.118 0.879
590.000 1.142 0.799
591.000 1.120 0.700
592.000 1.080 0.614
593.000 0.992 0.552
594.000 0.966 0.479
595.000 0.960 0.385
596.000 0.996 0.281
597.000 1.019 0.181
598.000 0.956 0.100
599.000 0.821 0.104
600.000 0.729 0.126
601.000 0.615 0.157
602.000 0.523 0.200
603.000 0.417 0.251
604.000 0.388 0.327
605.000 0.343 0.393
606.000 0.260 0.404
607.000 0.187 0.344
608.000 0.113 0.359
609.000 0.086 0.459
610.000 0.067 0.516
611.000 0.043 0.507
612.000 0.069 0.623
613.000 0.087 0.709
614.000 0.206 0.768
615.000 0.266 0.859
616.000 0.293 0.962
617.000 0.331 0.964
618.000 0.365 0.927
619.000 0.377 0.906
620.000 0.377 0.881
621.000 0.339 0.824
622.000 0.267 0.748
623.000 0.219 0.663
624.000 0.179 0.582
625.000 0.137 0.509
626.000 0.142 0.421
627.000 0.205 0.361
628.000 0.261 0.310
629.000 0.308 0.289
630.000 0.356 0.309
631.000 0.384 0.335
632.000 0.381 0.382
633.000 0.342 0.384
634.000 0.301 0.349
635.000 0.251 0.323
636.000 0.203 0.315
637.000 0.182 0.327
638.000 0.191 0.369
639.000 0.216 0.396
640.000 0.233 0.443
641.000 0.241 0.490
642.000 0.250 0.523
643.000 0.239 0.563
644.000 0.268 0.605
645.000 0.320 0.632
646.000 0.368 0.652
647.000 0.423 0.678
648.000 0.462 0.730
649.000 0.507 0.752
650.000 0.460 0.721
651.000 0.399 0.735
652.000 0.337 0.779
653.000 0.288 0.832
654.000 0.261 0.896
655.000 0.295 0.957
656.000 0.358 0.983
657.000 0.438 0.982
658.000 0.503 0.949
659.000 0.562 0.915
660.000 0.627 0.882
661.000 0.659 0.842
662.000 0.673 0.787
663.000 0.685 0.721
664.000 0.659 0.659
665.000 0.623 0.623
666.000 0.587 0.579
667.000 0.597 0.516
668.000 0.605 0.488
669.000 0.605 0.462
670.000 0.585 0.405
671.000 0.580 0.345
672.000 0.613 0.263
673.000 0.706 0.223
674.000 0.796 0.174
675.000 0.889 0.170
676.000 0.901 0.236
677.000 0.835 0.239
678.000 0.750 0.199
679.000 0.651 0.207
680.000 0.576 0.234
681.000 0.530 0.278
682.000 0.487 0.318
683.000 0.423 0.341
684.000 0.365 0.320
685.000 0.309 0.278
686.000 0.269 0.322
687.000 0.234 0.398
688.000 0.246 0.493
689.000 0.257 0.575
690.000 0.251 0.650
691.000 0.280 0.723
692.000 0.338 0.786
693.000 0.371 0.785
694.000 0.383 0.771
695.000 0.410 0.762
696.000 0.437 0.788
697.000 0.407 0.843
698.000 0.323 0.856
699.000 0.255 0.873
700.000 0.181 0.871
701.000 0.151 0.808
702.000 0.179 0.740
703.000 0.210 0.701
704.000 0.254 0.646
705.000 0.297 0.602
706.000 0.356 0.589
707.000 0.400 0.583
708.000 0.437 0.543
709.000 0.424 0.481
710.000 0.390 0.450
711.000 0.350 0.405
712.000 0.300 0.383
713.000 0.255 0.404
714.000 0.232 0.403
715.000 0.195 0.423
716.000 0.201 0.491
717.000 0.220 0.549
718.000 0.268 0.601
719.000 0.319 0.627
720.000 0.369 0.629
721.000 0.396 0.594
722.000 0.380 0.539
723.000 0.360 0.485
724.000 0.373 0.449
725.000 0.383 0.403
726.000 0.366 0.348
727.000 0.303 0.338
728.000 0.266 0.385
729.000 0.257 0.442
730.000 0.287 0.503
731.000 0.294 0.549
732.000 0.296 0.618
733.000 0.336 0.667
734.000 0.390 0.692
735.000 0.439 0.738
736.000 0.474 0.757
737.000 0.515 0.756
738.000 0.554 0.761
739.000 0.608 0.756
740.000 0.658 0.742
741.000 0.735 0.731
742.000 0.773 0.677
743.000 0.755 0.626
744.000 0.724 0.606
745.000 0.683 0.617
746.000 0.642 0.660
747.000 0.625 0.702
748.000 0.617 0.725
749.000 0.614 0.730
750.000 0.595 0.739
751.000 0.546 0.718
752.000 0.510 0.675
753.000 0.472 0.630
754.000 0.469 0.554
755.000 0.487 0.524
756.000 0.526 0.473
757.000 0.515 0.415
758.000 0.455 0.374
759.000 0.391 0.394
760.000 0.341 0.427
761.000 0.314 0.464
762.000 0.315 0.494
763.000 0.319 0.538
764.000 0.314 0.562
765.000 0.307 0.596
766.000 0.308 0.623
767.000 0.348 0.649
768.000 0.374 0.634
769.000 0.374 0.598
770.000 0.336 0.563
771.000 0.274 0.574
772.000 0.217 0.568
773.000 0.176 0.488
774.000 0.201 0.420
775.000 0.205 0.349
776.000 0.188 0.274
777.000 0.233 0.203
778.000 0.294 0.202
779.000 0.326 0.253
780.000 0.323 0.296
781.000 0.344 0.340
782.000 0.389 0.367
783.000 0.435 0.368
784.000 0.465 0.385
785.000 0.472 0.413
786.000 0.452 0.460
787.000 0.444 0.480
788.000 0.430 0.495
789.000 0.409 0.515
790.000 0.390 0.550
791.000 0.353 0.566
792.000 0.315 0.574
793.000 0.288 0.610
794.000 0.303 0.667
795.000 0.334 0.742
796.000 0.364 0.791
797.000 0.365 0.794
798.000 0.365 0.798
799.000 0.358 0.789
800.000 0.389 0.764
801.000 0.391 0.724
802.000 0.413 0.664
803.000 0.475 0.638
804.000 0.544 0.645
805.000 0.601 0.632
806.000 0.632 0.611
807.000 0.659 0.559
808.000 0.669 0.475
809.000 0.629 0.419
810.000 0.573 0.397
811.000 0.516 0.424
812.000 0.487 0.476
813.000 0.516 0.522
814.000 0.535 0.572
815.000 0.547 0.605
816.000 0.552 0.654
817.000 0.500 0.706
818.000 0.440 0.736
819.000 0.386 0.762
820.000 0.324 0.782
821.000 0.283 0.817
822.000 0.273 0.871
823.000 0.295 0.928
824.000 0.341 0.945
825.000 0.379 0.918
826.000 0.378 0.864
827.000 0.365 0.807
828.000 0.367 0.746
829.000 0.369 0.694
830.000 0.377 0.655
831.000 0.378 0.603
832.000 0.402 0.537
833.000 0.420 0.489
834.000 0.444 0.443
835.000 0.454 0.415
836.000 0.419 0.380
837.000 0.375 0.394
838.000 0.279 0.425
839.000 0.243 0.376
840.000 0.234 0.299
841.000 0.271 0.240
842.000 0.333 0.215
843.000 0.422 0.220
844.000 0.483 0.243
845.000 0.537 0.271
846.000 0.594 0.335
847.000 0.623 0.394
848.000 0.678 0.411
849.000 0.742 0.416
850.000 0.807 0.416
851.000 0.871 0.382
852.000 0.914 0.463
853.000 0.862 0.532
854.000 0.803 0.599
855.000 0.781 0.629
856.000 0.715 0.648
857.000 0.668 0.662
858.000 0.650 0.669
859.000 0.624 0.663
860.000 0.609 0.631
861.000 0.632 0.596
862.000 0.671 0.583
863.000 0.728 0.601
864.000 0.764 0.644
865.000 0.781 0.700
866.000 0.763 0.752
867.000 0.735 0.800
868.000 0.798 0.873
869.000 0.875 0.938
870.000 0.951 0.987
871.000 1.020 1.025
872.000 1.059 1.096
873.000 1.048 1.160
874.000 0.983 1.156
875.000 0.922 1.142
876.000 0.894 1.090
877.000 0.870 1.046
878.000 0.846 1.010
879.000 0.888 0.962
880.000 0.921 0.912
881.000 0.912 0.839
882.000 0.907 0.779
883.000 0.908 0.710
884.000 0.912 0.640
885.000 0.907 0.560
886.000 0.907 0.524
887.000 0.881 0.489
888.000 0.823 0.486
889.000 0.769 0.512
890.000 0.727 0.517
891.000 0.672 0.528
892.000 0.644 0.541
893.000 0.599 0.568
894.000 0.544 0.590
895.000 0.540 0.630
896.000 0.594 0.642
897.000 0.591 0.672
898.000 0.532 0.715
899.000 0.474 0.739
900.000 0.425 0.786
901.000 0.360 0.794
902.000 0.296 0.819
903.000 0.325 0.891
904.000 0.380 0.915
905.000 0.454 0.892
906.000 0.492 0.837
907.000 0.487 0.751
908.000 0.466 0.679
909.000 0.506 0.612
910.000 0.559 0.626
911.000 0.610 0.639
912.000 0.661 0.626
913.000 0.721 0.621
914.000 0.766 0.646
915.000 0.791 0.683
916.000 0.798 0.713
917.000 0.780 0.776
918.000 0.735 0.828
919.000 0.760 0.898
920.000 0.790 0.883
921.000 0.765 0.836
922.000 0.749 0.790
923.000 0.779 0.738
924.000 0.816 0.702
925.000 0.836 0.669
926.000 0.858 0.625
927.000 0.887 0.587
928.000 0.908 0.539
929.000 0.902 0.487
930.000 0.892 0.457
931.000 0.862 0.439
932.000 0.847 0.439
933.000 0.883 0.447
934.000 0.923 0.412
935.000 0.916 0.350
936.000 0.867 0.323
937.000 0.793 0.330
938.000 0.726 0.360
939.000 0.734 0.403
940.000 0.756 0.419
941.000 0.730 0.397
942.000 0.718 0.399
943.000 0.732 0.400
944.000 0.773 0.364
945.000 0.773 0.302
946.000 0.762 0.245
947.000 0.701 0.222
948.000 0.638 0.248
949.000 0.597 0.287
950.000 0.556 0.335
951.000 0.535 0.383
952.000 0.523 0.398
953.000 0.509 0.421
954.000 0.484 0.443
955.000 0.457 0.473
956.000 0.458 0.508
957.000 0.492 0.564
958.000 0.528 0.605
959.000 0.586 0.628
960.000 0.639 0.593
961.000 0.677 0.568
962.000 0.714 0.566
963.000 0.752 0.566
964.000 0.775 0.576
965.000 0.800 0.597
966.000 0.816 0.656
967.000 0.763 0.694
968.000 0.716 0.734
969.000 0.670 0.770
970.000 0.626 0.823
971.000 0.584 0.866
972.000 0.548 0.908
973.000 0.487 0.922
974.000 0.451 0.869
975.000 0.398 0.821
976.000 0.353 0.795
977.000 0.290 0.766
978.000 0.268 0.722
979.000 0.282 0.646
980.000 0.270 0.601
981.000 0.303 0.534
982.000 0.330 0.476
983.000 0.391 0.426
984.000 0.457 0.418
985.000 0.517 0.442
986.000 0.590 0.447
987.000 0.593 0.486
988.000 0.579 0.530
989.000 0.563 0.588
990.000 0.572 0.642
991.000 0.603 0.688
992.000 0.609 0.730
993.000 0.640 0.779
994.000 0.695 0.807
995.000 0.751 0.811
996.000 0.798 0.821
997.000 0.814 0.773
998.000 0.850 0.728
999.000 0.900 0.704
1000.000 0.946 0.713
1001.000 0.957 0.773
1002.000 0.925 0.839
1003.000 0.932 0.917
1004.000 0.892 0.975
1005.000 0.890 1.035
1006.000 0.950 1.069
1007.000 0.969 1.050
1008.000 0.953 0.994
1009.000 0.918 0.946
1010.000 0.851 0.935
1011.000 0.816 0.884
1012.000 0.837 0.831
1013.000 0.856 0.793
1014.000 0.878 0.759
1015.000 0.887 0.746
1016.000 0.888 0.744
1017.000 0.890 0.739
1018.000 0.889 0.740
1019.000 0.889 0.740
1020.000 0.890 0.740
1021.000 0.890 0.738
1022.000 0.878 0.729
1023.000 0.831 0.732
1024.000 0.811 0.741
1025.000 0.778 0.757
1026.000 0.735 0.769
1027.000 0.687 0.788
1028.000 0.624 0.797
1029.000 0.582 0.767
1030.000 0.586 0.709
1031.000 0.604 0.669
1032.000 0.565 0.633
1033.000 0.533 0.581
1034.000 0.537 0.530
1035.000 0.581 0.498
1036.000 0.626 0.473
1037.000 0.697 0.432
1038.000 0.743 0.398
1039.000 0.705 0.399
1040.000 0.664 0.430
1041.000 0.604 0.451
1042.000 0.547 0.452
1043.000 0.496 0.447
1044.000 0.449 0.463
1045.000 0.410 0.513
1046.000 0.388 0.544
1047.000 0.363 0.587
1048.000 0.318 0.619
1049.000 0.260 0.655
1050.000 0.214 0.711
1051.000 0.222 0.785
1052.000 0.237 0.824
1053.000 0.267 0.861
1054.000 0.304 0.838
1055.000 0.343 0.798
1056.000 0.351 0.746
1057.000 0.376 0.721
1058.000 0.402 0.713
1059.000 0.425 0.727
1060.000 0.438 0.775
1061.000 0.395 0.818
1062.000 0.343 0.816
1063.000 0.279 0.821
1064.000 0.253 0.755
1065.000 0.222 0.724
1066.000 0.144 0.735
1067.000 0.074 0.676
1068.000 0.125 0.577
1069.000 0.194 0.544
1070.000 0.253 0.498
1071.000 0.311 0.456
1072.000 0.370 0.406
1073.000 0.402 0.390
1074.000 0.439 0.381
1075.000 0.469 0.397
1076.000 0.472 0.428
1077.000 0.432 0.449
1078.000 0.381 0.442
1079.000 0.344 0.409
1080.000 0.339 0.363
1081.000 0.376 0.325
1082.000 0.436 0.320
1083.000 0.488 0.316
1084.000 0.547 0.327
1085.000 0.611 0.320
1086.000 0.675 0.344
1087.000 0.708 0.396
1088.000 0.749 0.394
1089.000 0.798 0.390
1090.000 0.842 0.379
1091.000 0.861 0.340
1092.000 0.843 0.296
1093.000 0.779 0.288
1094.000 0.755 0.332
1095.000 0.764 0.367
1096.000 0.750 0.402
1097.000 0.707 0.425
1098.000 0.674 0.398
1099.000 0.637 0.368
1100.000 0.583 0.364
1101.000 0.538 0.371
1102.000 0.475 0.354
1103.000 0.430 0.316
1104.000 0.416 0.291
1105.000 0.472 0.301
1106.000 0.486 0.366
1107.000 0.456 0.418
1108.000 0.418 0.451
1109.000 0.398 0.488
1110.000 0.380 0.536
1111.000 0.373 0.572
1112.000 0.378 0.607
1113.000 0.414 0.633
1114.000 0.459 0.633
1115.000 0.497 0.629
1116.000 0.537 0.644
1117.000 0.569 0.677
1118.000 0.582 0.716
1119.000 0.560 0.762
1120.000 0.531 0.781
1121.000 0.490 0.786
1122.000 0.479 0.757
1123.000 0.467 0.718
1124.000 0.482 0.682
1125.000 0.536 0.709
1126.000 0.571 0.716
1127.000 0.586 0.715
1128.000 0.591 0.695
1129.000 0.575 0.641
1130.000 0.583 0.600
1131.000 0.612 0.566
1132.000 0.657 0.545
1133.000 0.708 0.527
1134.000 0.733 0.487
1135.000 0.753 0.436
1136.000 0.739 0.388
1137.000 0.766 0.324
1138.000 0.733 0.282
1139.000 0.694 0.314
1140.000 0.721 0.354
1141.000 0.779 0.387
1142.000 0.825 0.427
1143.000 0.885 0.428
1144.000 0.917 0.406
1145.000 0.976 0.420
1146.000 1.017 0.493
1147.000 1.066 0.554
1148.000 1.075 0.628
1149.000 0.986 0.652
1150.000 0.896 0.668
1151.000 0.838 0.614
1152.000 0.800 0.568
1153.000 0.766 0.522
1154.000 0.777 0.463
1155.000 0.759 0.409
1156.000 0.770 0.355
1157.000 0.803 0.310
1158.000 0.834 0.283
1159.000 0.776 0.302
1160.000 0.722 0.334
1161.000 0.686 0.378
1162.000 0.673 0.415
1163.000 0.708 0.454
1164.000 0.665 0.513
1165.000 0.608 0.517
1166.000 0.585 0.515
1167.000 0.549 0.473
1168.000 0.511 0.463
1169.000 0.474 0.466
1170.000 0.435 0.456
1171.000 0.407 0.413
1172.000 0.412 0.356
1173.000 0.431 0.293
1174.000 0.480 0.260
1175.000 0.531 0.279
1176.000 0.498 0.332
1177.000 0.434 0.364
1178.000 0.389 0.384
1179.000 0.363 0.419
1180.000 0.353 0.436
1181.000 0.339 0.462
1182.000 0.333 0.476
1183.000 0.322 0.505
1184.000 0.320 0.536
1185.000 0.336 0.561
1186.000 0.360 0.575
1187.000 0.388 0.583
1188.000 0.419 0.598
1189.000 0.458 0.613
1190.000 0.502 0.625
1191.000 0.538 0.656
1192.000 0.563 0.712
1193.000 0.517 0.765
1194.000 0.463 0.773
1195.000 0.409 0.763
1196.000 0.352 0.791
1197.000 0.340 0.852
1198.000 0.384 0.904
1199.000 0.450 0.925
1200.000 0.513 0.924
1201.000 0.572 0.933
1202.000 0.649 0.919
1203.000 0.711 0.898
1204.000 0.783 0.854
1205.000 0.866 0.843
1206.000 0.938 0.786
1207.000 1.020 0.741
1208.000 1.079 0.688
1209.000 1.054 0.648
1210.000 1.049 0.594
1211.000 0.994 0.574
1212.000 0.961 0.582
1213.000 0.956 0.606
1214.000 0.932 0.646
1215.000 0.944 0.688
1216.000 0.983 0.705
1217.000 1.017 0.709
1218.000 1.043 0.773
1219.000 0.995 0.820
1220.000 0.926 0.857
1221.000 0.875 0.877
1222.000 0.838 0.832
1223.000 0.806 0.801
1224.000 0.775 0.785
1225.000 0.747 0.820
1226.000 0.743 0.854
1227.000 0.724 0.906
1228.000 0.661 0.906
1229.000 0.615 0.881
1230.000 0.644 0.760
1231.000 0.658 0.704
1232.000 0.677 0.651
1233.000 0.628 0.608
1234.000 0.651 0.564
1235.000 0.693 0.529
1236.000 0.741 0.491
1237.000 0.806 0.496
1238.000 0.870 0.551
1239.000 0.887 0.592
1240.000 0.899 0.640
1241.000 0.935 0.679
1242.000 0.939 0.723
1243.000 0.954 0.773
1244.000 0.979 0.833
1245.000 0.934 0.889
1246.000 0.919 0.923
1247.000 0.881 0.954
1248.000 0.825 0.967
1249.000 0.777 0.936
1250.000 0.745 0.939
1251.000 0.720 0.967
1252.000 0.714 0.985
1253.000 0.622 0.947
1254.000 0.550 0.897
1255.000 0.495 0.866
1256.000 0.441 0.853
1257.000 0.405 0.843
1258.000 0.425 0.805
1259.000 0.374 0.784
1260.000 0.334 0.810
1261.000 0.258 0.816
1262.000 0.224 0.756
1263.000 0.250 0.700
1264.000 0.317 0.757
1265.000 0.370 0.810
1266.000 0.394 0.794
1267.000 0.365 0.783
1268.000 0.369 0.771
1269.000 0.390 0.771
1270.000 0.373 0.746
1271.000 0.354 0.759
1272.000 0.381 0.768
1273.000 0.407 0.752
1274.000 0.384 0.756
1275.000 0.409 0.727
1276.000 0.455 0.760
1277.000 0.442 0.804
1278.000 0.407 0.798
1279.000 0.365 0.769
1280.000 0.321 0.724
1281.000 0.322 0.681
1282.000 0.383 0.664
1283.000 0.422 0.695
1284.000 0.400 0.749
1285.000 0.358 0.798
1286.000 0.381 0.849
1287.000 0.431 0.872
1288.000 0.486 0.880
1289.000 0.540 0.898
1290.000 0.591 0.906
1291.000 0.652 0.891
1292.000 0.704 0.894
1293.000 0.779 0.903
1294.000 0.833 0.860
1295.000 0.837 0.799
1296.000 0.812 0.760
1297.000 0.791 0.757
1298.000 0.766 0.747
1299.000 0.735 0.746
1300.000 0.717 0.770
1301.000 0.699 0.819
1302.000 0.632 0.836
1303.000 0.582 0.804
1304.000 0.544 0.760
1305.000 0.556 0.691
1306.000 0.589 0.643
1307.000 0.616 0.583
1308.000 0.607 0.511
1309.000 0.567 0.453
1310.000 0.527 0.430
1311.000 0.469 0.409
1312.000 0.414 0.426
1313.000 0.363 0.452
1314.000 0.316 0.461
1315.000 0.276 0.487
1316.000 0.251 0.542
1317.000 0.244 0.588
1318.000 0.246 0.642
1319.000 0.267 0.697
1320.000 0.321 0.747
1321.000 0.392 0.749
1322.000 0.456 0.706
1323.000 0.530 0.702
1324.000 0.597 0.733
1325.000 0.671 0.750
1326.000 0.753 0.720
1327.000 0.805 0.683
1328.000 0.852 0.659
1329.000 0.896 0.632
1330.000 0.936 0.596
1331.000 0.944 0.535
1332.000 0.891 0.531
1333.000 0.849 0.543
1334.000 0.803 0.538
1335.000 0.785 0.591
1336.000 0.778 0.659
1337.000 0.774 0.712
1338.000 0.760 0.761
1339.000 0.756 0.807
1340.000 0.732 0.861
1341.000 0.683 0.883
1342.000 0.633 0.876
1343.000 0.591 0.857
1344.000 0.584 0.830
1345.000 0.617 0.791
1346.000 0.613 0.755
1347.000 0.576 0.745
1348.000 0.550 0.760
1349.000 0.531 0.794
1350.000 0.511 0.832
1351.000 0.523 0.882
1352.000 0.560 0.909
1353.000 0.613 0.892
1354.000 0.646 0.871
1355.000 0.694 0.870
1356.000 0.744 0.842
1357.000 0.759 0.793
1358.000 0.765 0.761
1359.000 0.759 0.737
1360.000 0.756 0.704
1361.000 0.754 0.670
1362.000 0.721 0.673
1363.000 0.694 0.706
1364.000 0.670 0.768
1365.000 0.645 0.816
1366.000 0.628 0.847
1367.000 0.657 0.900
1368.000 0.726 0.908
1369.000 0.798 0.907
1370.000 0.853 0.876
1371.000 0.870 0.833
1372.000 0.873 0.775
1373.000 0.869 0.732
1374.000 0.861 0.682
1375.000 0.873 0.636
1376.000 0.905 0.595
1377.000 0.966 0.566
1378.000 0.972 0.507
1379.000 0.994 0.458
1380.000 0.973 0.401
1381.000 0.913 0.370
1382.000 0.851 0.347
1383.000 0.783 0.317
1384.000 0.725 0.315
1385.000 0.664 0.354
1386.000 0.661 0.408
1387.000 0.639 0.473
1388.000 0.592 0.492
1389.000 0.547 0.463
1390.000 0.519 0.422
1391.000 0.513 0.420
1392.000 0.487 0.497
1393.000 0.449 0.535
1394.000 0.427 0.560
1395.000 0.447 0.592
1396.000 0.428 0.659
1397.000 0.397 0.715
1398.000 0.359 0.783
1399.000 0.385 0.860
1400.000 0.456 0.880
1401.000 0.515 0.889
1402.000 0.544 0.833
1403.000 0.574 0.787
1404.000 0.645 0.782
1405.000 0.696 0.844
1406.000 0.718 0.918
1407.000 0.718 0.989
1408.000 0.783 1.033
1409.000 0.861 1.006
1410.000 0.924 0.969
1411.000 1.005 0.940
1412.000 1.042 0.871
1413.000 1.029 0.806
1414.000 0.987 0.748
1415.000 0.954 0.685
1416.000 0.926 0.625
1417.000 0.935 0.546
1418.000 0.900 0.490
1419.000 0.868 0.459
1420.000 0.835 0.433
1421.000 0.776 0.423
1422.000 0.726 0.404
1423.000 0.662 0.425
1424.000 0.606 0.471
1425.000 0.547 0.506
1426.000 0.486 0.519
1427.000 0.450 0.552
1428.000 0.444 0.596
1429.000 0.436 0.657
1430.000 0.451 0.691
1431.000 0.498 0.701
1432.000 0.545 0.701
1433.000 0.589 0.713
1434.000 0.641 0.742
1435.000 0.633 0.802
1436.000 0.609 0.877
1437.000 0.564 0.921
1438.000 0.564 0.982
1439.000 0.583 1.006
1440.000 0.611 1.060
1441.000 0.618 1.119
1442.000 0.581 1.169
1443.000 0.528 1.183
1444.000 0.479 1.190
1445.000 0.418 1.185
1446.000 0.356 1.189
1447.000 0.293 1.175
1448.000 0.259 1.143
1449.000 0.182 1.099
1450.000 0.093 1.115
1451.000 0.059 1.031
1452.000 0.094 0.957
1453.000 0.167 0.899
1454.000 0.271 0.816
1455.000 0.328 0.802
1456.000 0.380 0.823
1457.000 0.358 0.760
1458.000 0.352 0.753
1459.000 0.393 0.784
1460.000 0.430 0.807
1461.000 0.447 0.841
1462.000 0.422 0.886
1463.000 0.388 0.916
1464.000 0.432 0.957
1465.000 0.485 0.962
1466.000 0.533 0.950
1467.000 0.559 0.901
1468.000 0.573 0.843
1469.000 0.612 0.790
1470.000 0.663 0.753
1471.000 0.716 0.763
1472.000 0.765 0.782
1473.000 0.806 0.779
1474.000 0.874 0.837
1475.000 0.977 0.966
1476.000 1.063 1.069
1477.000 1.134 1.126
1478.000 1.167 1.096
1479.000 1.166 1.030
1480.000 1.139 0.981
1481.000 1.125 0.919
1482.000 1.138 0.851
1483.000 1.149 0.767
1484.000 1.142 0.685
1485.000 1.067 0.669
1486.000 1.014 0.655
1487.000 0.990 0.577
1488.000 0.992 0.514
1489.000 0.971 0.444
1490.000 0.949 0.392
1491.000 0.918 0.346
1492.000 0.879 0.321
1493.000 0.793 0.307
1494.000 0.713 0.317
1495.000 0.642 0.341
1496.000 0.569 0.346
1497.000 0.507 0.336
1498.000 0.453 0.347
1499.000 0.402 0.392
1500.000 0.386 0.422
1501.000 0.364 0.462
1502.000 0.344 0.510
1503.000 0.316 0.534
1504.000 0.301 0.576
1505.000 0.329 0.630
1506.000 0.375 0.664
1507.000 0.396 0.721
1508.000 0.376 0.781
1509.000 0.343 0.825
1510.000 0.325 0.857
1511.000 0.315 0.900
1512.000 0.315 0.935
1513.000 0.282 0.979
1514.000 0.245 0.993
1515.000 0.220 0.961
1516.000 0.251 0.905
1517.000 0.321 0.918
1518.000 0.356 0.929
1519.000 0.412 0.932
1520.000 0.463 0.927
1521.000 0.506 0.943
1522.000 0.559 0.950
1523.000 0.602 0.955
1524.000 0.653 0.965
1525.000 0.627 0.919
1526.000 0.612 0.907
1527.000 0.551 0.901
1528.000 0.494 0.869
1529.000 0.453 0.851
1530.000 0.419 0.839
1531.000 0.373 0.831
1532.000 0.355 0.806
1533.000 0.365 0.773
1534.000 0.401 0.750
1535.000 0.440 0.723
1536.000 0.446 0.681
1537.000 0.454 0.635
1538.000 0.450 0.583
1539.000 0.437 0.527
1540.000 0.496 0.514
1541.000 0.535 0.499
1542.000 0.579 0.482
1543.000 0.624 0.495
1544.000 0.647 0.556
1545.000 0.605 0.608
1546.000 0.545 0.633
1547.000 0.497 0.644
1548.000 0.441 0.636
1549.000 0.387 0.626
1550.000 0.356 0.662
1551.000 0.343 0.703
1552.000 0.345 0.746
1553.000 0.381 0.785
1554.000 0.426 0.804
1555.000 0.479 0.814
1556.000 0.521 0.828
1557.000 0.548 0.871
1558.000 0.557 0.915
1559.000 0.548 0.962
1560.000 0.500 0.984
1561.000 0.451 0.971
1562.000 0.435 0.942
1563.000 0.452 0.918
1564.000 0.481 0.921
1565.000 0.518 0.921
1566.000 0.555 0.945
1567.000 0.605 0.953
1568.000 0.634 0.946
1569.000 0.676 0.951
1570.000 0.725 0.966
1571.000 0.773 0.967
1572.000 0.811 0.949
1573.000 0.850 0.950
1574.000 0.912 0.942
1575.000 0.964 0.910
1576.000 0.959 0.863
1577.000 0.955 0.827
1578.000 0.950 0.793
1579.000 0.917 0.731
1580.000 0.914 0.684
1581.000 0.925 0.642
1582.000 0.934 0.615
1583.000 0.932 0.606
1584.000 0.945 0.575
1585.000 0.967 0.540
1586.000 0.956 0.470
1587.000 0.902 0.445
1588.000 0.851 0.432
1589.000 0.800 0.411
1590.000 0.766 0.420
1591.000 0.721 0.427
1592.000 0.676 0.472
1593.000 0.620 0.512
1594.000 0.585 0.554
1595.000 0.567 0.612
1596.000 0.552 0.676
1597.000 0.532 0.714
1598.000 0.493 0.739
1599.000 0.452 0.753
1600.000 0.392 0.756
1601.000 0.345 0.782
1602.000 0.298 0.754
1603.000 0.269 0.694
1604.000 0.241 0.646
1605.000 0.207 0.688
1606.000 0.210 0.737
1607.000 0.233 0.754
1608.000 0.248 0.761
1609.000 0.225 0.739
1610.000 0.219 0.706
1611.000 0.268 0.657
1612.000 0.339 0.664
1613.000 0.380 0.699
1614.000 0.351 0.779
1615.000 0.374 0.813
1616.000 0.383 0.815
1617.000 0.386 0.781
1618.000 0.389 0.824
1619.000 0.432 0.815
1620.000 0.440 0.782
1621.000 0.379 0.774
1622.000 0.330 0.762
1623.000 0.324 0.706
1624.000 0.370 0.678
1625.000 0.435 0.698
1626.000 0.493 0.731
1627.000 0.543 0.763
1628.000 0.584 0.802
1629.000 0.627 0.816
1630.000 0.668 0.800
1631.000 0.695 0.773
1632.000 0.735 0.745
1633.000 0.763 0.704
1634.000 0.769 0.653
1635.000 0.744 0.612
1636.000 0.739 0.547
1637.000 0.741 0.518
1638.000 0.740 0.477
1639.000 0.756 0.437
1640.000 0.780 0.389
1641.000 0.773 0.323
1642.000 0.758 0.263
1643.000 0.697 0.233
1644.000 0.633 0.260
1645.000 0.580 0.296
1646.000 0.525 0.318
1647.000 0.469 0.356
1648.000 0.431 0.415
1649.000 0.415 0.476
1650.000 0.405 0.530
1651.000 0.480 0.537
1652.000 0.506 0.589
1653.000 0.466 0.654
1654.000 0.413 0.675
1655.000 0.369 0.705
1656.000 0.354 0.740
1657.000 0.329 0.791
1658.000 0.282 0.814
1659.000 0.278 0.868
1660.000 0.314 0.894
1661.000 0.371 0.894
1662.000 0.377 0.841
1663.000 0.401 0.784
1664.000 0.451 0.770
1665.000 0.510 0.786
1666.000 0.559 0.819
1667.000 0.589 0.839
1668.000 0.641 0.859
1669.000 0.695 0.853
1670.000 0.758 0.845
1671.000 0.792 0.830
1672.000 0.855 0.816
1673.000 0.897 0.774
1674.000 0.917 0.728
1675.000 0.895 0.675
1676.000 0.863 0.672
1677.000 0.833 0.710
1678.000 0.819 0.772
1679.000 0.832 0.811
1680.000 0.845 0.835
1681.000 0.813 0.883
1682.000 0.761 0.893
1683.000 0.706 0.910
1684.000 0.682 0.913
1685.000 0.643 0.952
1686.000 0.578 0.958
1687.000 0.546 0.943
1688.000 0.516 0.938
1689.000 0.515 0.942
1690.000 0.471 0.954
1691.000 0.486 0.906
1692.000 0.521 0.938
1693.000 0.481 0.993
1694.000 0.427 0.988
1695.000 0.376 0.960
1696.000 0.382 0.910
1697.000 0.429 0.908
1698.000 0.440 0.949
1699.000 0.447 1.020
1700.000 0.364 1.032
1701.000 0.298 1.041
1702.000 0.266 1.025
1703.000 0.215 1.013
1704.000 0.212 1.075
1705.000 0.295 1.108
1706.000 0.296 1.057
1707.000 0.255 1.032
1708.000 0.214 0.986
1709.000 0.228 0.928
1710.000 0.289 0.912
1711.000 0.332 0.854
1712.000 0.367 0.811
1713.000 0.403 0.743
1714.000 0.440 0.685
1715.000 0.452 0.596
1716.000 0.398 0.530
1717.000 0.350 0.487
1718.000 0.308 0.465
1719.000 0.252 0.464
1720.000 0.226 0.534
1721.000 0.239 0.599
1722.000 0.278 0.648
1723.000 0.308 0.704
1724.000 0.308 0.767
1725.000 0.331 0.804
1726.000 0.371 0.816
1727.000 0.387 0.812
1728.000 0.369 0.825
1729.000 0.410 0.855
1730.000 0.458 0.872
1731.000 0.509 0.882
1732.000 0.572 0.890
1733.000 0.622 0.905
1734.000 0.672 0.906
1735.000 0.729 0.913
1736.000 0.793 0.918
1737.000 0.842 0.897
1738.000 0.879 0.858
1739.000 0.890 0.796
1740.000 0.882 0.738
1741.000 0.883 0.699
1742.000 0.900 0.639
1743.000 0.900 0.582
1744.000 0.901 0.527
1745.000 0.875 0.473
1746.000 0.858 0.413
1747.000 0.862 0.344
1748.000 0.834 0.295
1749.000 0.771 0.282
1750.000 0.749 0.316
1751.000 0.746 0.338
1752.000 0.736 0.372
1753.000 0.707 0.400
1754.000 0.657 0.398
1755.000 0.621 0.355
1756.000 0.591 0.313
1757.000 0.552 0.262
1758.000 0.500 0.257
1759.000 0.464 0.292
1760.000 0.439 0.344
1761.000 0.423 0.378
1762.000 0.379 0.400
1763.000 0.342 0.436
1764.000 0.329 0.474
1765.000 0.318 0.515
1766.000 0.307 0.561
1767.000 0.324 0.597
1768.000 0.360 0.594
1769.000 0.381 0.613
1770.000 0.398 0.661
1771.000 0.425 0.656
1772.000 0.416 0.580
1773.000 0.417 0.516
1774.000 0.455 0.462
1775.000 0.482 0.424
1776.000 0.464 0.486
1777.000 0.463 0.539
1778.000 0.447 0.602
1779.000 0.472 0.645
1780.000 0.515 0.666
1781.000 0.582 0.670
1782.000 0.642 0.661
1783.000 0.698 0.686
1784.000 0.719 0.709
1785.000 0.719 0.766
1786.000 0.711 0.813
1787.000 0.731 0.857
1788.000 0.762 0.896
1789.000 0.778 0.953
1790.000 0.819 1.003
1791.000 0.883 1.014
1792.000 0.942 1.019
1793.000 0.986 0.981
1794.000 0.999 0.934
1795.000 0.995 0.895
1796.000 1.007 0.854
1797.000 1.006 0.813
1798.000 0.986 0.769
1799.000 0.954 0.744
1800.000 0.918 0.781
1801.000 0.912 0.853
1802.000 0.889 0.907
1803.000 0.869 0.955
1804.000 0.840 0.999
1805.000 0.852 1.039
1806.000 0.913 1.056
1807.000 0.973 1.073
1808.000 1.035 1.113
1809.000 1.107 1.116
1810.000 1.155 1.081
1811.000 1.152 1.021
1812.000 1.150 0.963
1813.000 1.140 0.924
1814.000 1.126 0.893
1815.000 1.133 0.837
1816.000 1.116 0.766
1817.000 1.092 0.706
1818.000 1.078 0.692
1819.000 1.037 0.689
1820.000 1.012 0.684
1821.000 0.999 0.670
1822.000 0.971 0.717
1823.000 0.937 0.704
1824.000 0.919 0.675
1825.000 0.922 0.632
1826.000 0.965 0.577
1827.000 0.980 0.586
1828.000 0.936 0.590
1829.000 0.906 0.612
1830.000 0.914 0.641
1831.000 0.907 0.599
1832.000 0.884 0.562
1833.000 0.836 0.526
1834.000 0.792 0.541
1835.000 0.811 0.577
1836.000 0.868 0.581
1837.000 0.921 0.573
1838.000 0.946 0.538
1839.000 0.941 0.489
1840.000 0.907 0.443
1841.000 0.886 0.415
1842.000 0.860 0.390
1843.000 0.845 0.354
1844.000 0.821 0.357
1845.000 0.790 0.390
1846.000 0.743 0.404
1847.000 0.699 0.396
1848.000 0.653 0.367
1849.000 0.611 0.348
1850.000 0.555 0.355
1851.000 0.497 0.382
1852.000 0.450 0.424
1853.000 0.438 0.473
1854.000 0.424 0.540
1855.000 0.428 0.600
1856.000 0.459 0.643
1857.000 0.487 0.653
1858.000 0.513 0.637
1859.000 0.553 0.633
1860.000 0.591 0.643
1861.000 0.639 0.683
1862.000 0.693 0.728
1863.000 0.744 0.755
1864.000 0.799 0.765
1865.000 0.854 0.759
1866.000 0.904 0.728
1867.000 0.905 0.671
1868.000 0.884 0.621
1869.000 0.862 0.615
1870.000 0.849 0.591
1871.000 0.840 0.575
1872.000 0.822 0.561
1873.000 0.796 0.573
1874.000 0.787 0.593
1875.000 0.780 0.625
1876.000 0.779 0.650
1877.000 0.785 0.689
1878.000 0.795 0.724
1879.000 0.767 0.771
1880.000 0.729 0.793
1881.000 0.678 0.806
1882.000 0.615 0.782
1883.000 0.582 0.737
1884.000 0.570 0.693
1885.000 0.557 0.646
1886.000 0.592 0.637
1887.000 0.615 0.623
1888.000 0.634 0.574
1889.000 0.599 0.529
1890.000 0.551 0.507
1891.000 0.513 0.482
1892.000 0.480 0.440
1893.000 0.470 0.430
1894.000 0.439 0.399
1895.000 0.413 0.368
1896.000 0.354 0.354
1897.000 0.335 0.373
1898.000 0.296 0.405
1899.000 0.318 0.466
1900.000 0.417 0.501
1901.000 0.476 0.526
1902.000 0.482 0.590
1903.000 0.482 0.645
1904.000 0.486 0.699
1905.000 0.441 0.693
1906.000 0.428 0.720
1907.000 0.467 0.719
1908.000 0.488 0.683
1909.000 0.443 0.690
1910.000 0.415 0.727
1911.000 0.424 0.761
1912.000 0.369 0.792
1913.000 0.374 0.817
1914.000 0.381 0.813
1915.000 0.375 0.804
1916.000 0.379 0.848
1917.000 0.373 0.817
1918.000 0.340 0.834
1919.000 0.334 0.880
1920.000 0.290 0.874
1921.000 0.318 0.824
1922.000 0.373 0.814
1923.000 0.420 0.838
1924.000 0.384 0.897
1925.000 0.316 0.863
1926.000 0.296 0.798
1927.000 0.330 0.758
1928.000 0.374 0.778
1929.000 0.425 0.793
1930.000 0.479 0.814
1931.000 0.505 0.827
1932.000 0.550 0.873
1933.000 0.605 0.907
1934.000 0.671 0.919
1935.000 0.744 0.893
1936.000 0.823 0.841
1937.000 0.853 0.771
1938.000 0.838 0.702
1939.000 0.823 0.639
1940.000 0.829 0.582
1941.000 0.860 0.536
1942.000 0.902 0.495
1943.000 0.910 0.445
1944.000 0.883 0.384
1945.000 0.823 0.382
1946.000 0.763 0.377
1947.000 0.712 0.402
1948.000 0.664 0.421
1949.000 0.597 0.390
1950.000 0.568 0.363
1951.000 0.510 0.337
1952.000 0.444 0.354
1953.000 0.405 0.406
1954.000 0.403 0.463
1955.000 0.398 0.528
1956.000 0.401 0.585
1957.000 0.396 0.634
1958.000 0.354 0.677
1959.000 0.358 0.703
1960.000 0.353 0.765
1961.000 0.371 0.806
1962.000 0.400 0.840
1963.000 0.453 0.862
1964.000 0.505 0.856
1965.000 0.566 0.823
1966.000 0.570 0.781
1967.000 0.565 0.728
1968.000 0.556 0.663
1969.000 0.520 0.602
1970.000 0.455 0.581
1971.000 0.389 0.588
1972.000 0.350 0.625
1973.000 0.336 0.671
1974.000 0.337 0.735
1975.000 0.319 0.790
1976.000 0.306 0.833
1977.000 0.309 0.879
1978.000 0.338 0.915
1979.000 0.386 0.935
1980.000 0.453 0.933
1981.000 0.512 0.933
1982.000 0.580 0.949
1983.000 0.643 0.955
1984.000 0.719 0.970
1985.000 0.796 0.970
1986.000 0.870 0.952
1987.000 0.885 0.905
1988.000 0.895 0.843
1989.000 0.854 0.783
1990.000 0.831 0.758
1991.000 0.849 0.715
1992.000 0.889 0.693
1993.000 0.926 0.718
1994.000 0.899 0.791
1995.000 0.829 0.801
1996.000 0.786 0.789
1997.000 0.746 0.775
1998.000 0.690 0.801
1999.000 0.645 0.830
2000.000 0.604 0.801
2001.000 0.567 0.840
2002.000 0.540 0.880
2003.000 0.551 0.926
2004.000 0.614 0.932
2005.000 0.652 0.877
2006.000 0.665 0.825
2007.000 0.630 0.802
2008.000 0.612 0.795
2009.000 0.583 0.770
2010.000 0.548 0.759
2011.000 0.514 0.767
2012.000 0.494 0.805
2013.000 0.494 0.833
2014.000 0.478 0.879
2015.000 0.472 0.925
2016.000 0.493 0.958
2017.000 0.539 0.928
2018.000 0.602 0.916
2019.000 0.661 0.887
2020.000 0.662 0.840
2021.000 0.657 0.824
2022.000 0.691 0.849
2023.000 0.711 0.843
2024.000 0.663 0.816
2025.000 0.633 0.788
2026.000 0.663 0.744
2027.000 0.715 0.772
2028.000 0.751 0.827
2029.000 0.700 0.915
2030.000 0.651 0.864
2031.000 0.586 0.904
2032.000 0.594 0.942
2033.000 0.614 0.966
2034.000 0.658 0.998
2035.000 0.725 0.943
2036.000 0.743 0.895
2037.000 0.762 0.856
2038.000 0.739 0.803
2039.000 0.693 0.770
2040.000 0.620 0.764
2041.000 0.596 0.792
2042.000 0.562 0.821
2043.000 0.518 0.827
2044.000 0.477 0.813
2045.000 0.453 0.788
2046.000 0.394 0.772
2047.000 0.343 0.821
2048.000 0.287 0.839
2049.000 0.252 0.778
2050.000 0.261 0.701
2051.000 0.268 0.620
2052.000 0.286 0.534
2053.000 0.343 0.490
2054.000 0.436 0.511
2055.000 0.506 0.519
2056.000 0.549 0.548
2057.000 0.558 0.601
2058.000 0.536 0.652
2059.000 0.523 0.715
2060.000 0.535 0.777
2061.000 0.579 0.842
2062.000 0.629 0.857
2063.000 0.669 0.838
2064.000 0.685 0.820
2065.000 0.719 0.807
2066.000 0.778 0.857
2067.000 0.829 0.878
2068.000 0.840 0.866
2069.000 0.844 0.876
2070.000 0.865 0.901
2071.000 0.901 0.916
2072.000 0.935 0.943
2073.000 0.980 0.952
2074.000 1.013 0.936
2075.000 1.000 0.894
2076.000 1.030 0.856
2077.000 1.086 0.918
2078.000 1.038 0.951
2079.000 1.027 1.002
2080.000 1.018 1.056
2081.000 1.055 1.080
2082.000 1.108 1.058
2083.000 1.161 1.045
2084.000 1.172 1.104
2085.000 1.166 1.169
2086.000 1.114 1.192
2087.000 1.065 1.188
2088.000 0.993 1.189
2089.000 0.950 1.174
2090.000 0.979 1.189
2091.000 1.038 1.195
2092.000 1.003 1.198
2093.000 1.066 1.189
2094.000 1.122 1.189
2095.000 1.171 1.178
2096.000 1.176 1.125
2097.000 1.174 1.095
2098.000 1.186 1.033
2099.000 1.177 0.992
2100.000 1.183 0.954
2101.000 1.181 0.874
2102.000 1.182 0.806
2103.000 1.128 0.836
2104.000 1.104 0.897
2105.000 1.051 0.935
2106.000 1.008 0.938
2107.000 0.940 1.004
2108.000 0.961 1.056
2109.000 1.018 1.130
2110.000 0.966 1.184
2111.000 0.905 1.172
2112.000 0.840 1.180
2113.000 0.824 1.200
2114.000 0.780 1.191
2115.000 0.817 1.197
2116.000 0.872 1.196
2117.000 0.917 1.200
2118.000 0.984 1.200
2119.000 1.025 1.189
2120.000 1.068 1.185
2121.000 1.083 1.196
2122.000 1.043 1.171
2123.000 1.108 1.122
2124.000 1.167 1.171
2125.000 1.118 1.189
2126.000 1.042 1.193
2127.000 0.981 1.190
2128.000 0.941 1.200
2129.000 0.895 1.181
2130.000 0.845 1.192
2131.000 0.804 1.199
2132.000 0.731 1.188
2133.000 0.672 1.177
2134.000 0.642 1.127
2135.000 0.656 1.073
2136.000 0.706 1.049
2137.000 0.728 1.057
2138.000 0.756 1.057
2139.000 0.756 1.026
2140.000 0.727 1.036
2141.000 0.731 1.061
2142.000 0.699 1.048
2143.000 0.654 1.012
2144.000 0.611 0.966
2145.000 0.560 0.916
2146.000 0.605 0.817
2147.000 0.620 0.745
2148.000 0.564 0.662
2149.000 0.491 0.579
2150.000 0.471 0.522
2151.000 0.513 0.458
2152.000 0.599 0.453
2153.000 0.642 0.491
2154.000 0.642 0.566
2155.000 0.623 0.635
2156.000 0.589 0.721
2157.000 0.517 0.800
2158.000 0.452 0.870
2159.000 0.397 0.938
2160.000 0.399 1.005
2161.000 0.438 1.049
2162.000 0.477 1.090
2163.000 0.528 1.095
2164.000 0.594 1.121
2165.000 0.657 1.146
2166.000 0.738 1.175
2167.000 0.826 1.176
2168.000 0.886 1.141
2169.000 0.896 1.088
2170.000 0.919 1.052
2171.000 0.954 1.036
2172.000 0.995 1.057
2173.000 1.021 1.091
2174.000 1.015 1.158
2175.000 1.081 1.175
2176.000 1.134 1.161
2177.000 1.156 1.069
2178.000 1.143 1.010
2179.000 1.120 0.987
2180.000 1.070 0.959
2181.000 1.059 0.900
2182.000 1.083 0.913
2183.000 1.034 0.912
2184.000 1.054 0.902
2185.000 1.033 0.929
2186.000 1.021 0.892
2187.000 1.030 0.876
2188.000 1.042 0.849
2189.000 1.079 0.884
2190.000 1.081 0.953
2191.000 1.090 1.034
2192.000 1.129 1.093
2193.000 1.097 1.155
2194.000 1.009 1.153
2195.000 0.947 1.122
2196.000 0.906 1.070
2197.000 0.897 1.012
2198.000 0.883 0.987
2199.000 0.841 0.987
2200.000 0.808 0.974
2201.000 0.786 0.960
2202.000 0.777 0.900
2203.000 0.795 0.869
2204.000 0.842 0.836
2205.000 0.919 0.814
2206.000 0.958 0.789
2207.000 0.983 0.744
2208.000 0.954 0.697
2209.000 0.912 0.636
2210.000 0.847 0.634
2211.000 0.770 0.659
2212.000 0.707 0.686
2213.000 0.651 0.719
2214.000 0.575 0.750
2215.000 0.531 0.779
2216.000 0.489 0.826
2217.000 0.469 0.878
2218.000 0.488 0.935
2219.000 0.520 0.971
2220.000 0.562 1.002
2221.000 0.611 1.027
2222.000 0.680 1.010
2223.000 0.737 1.031
2224.000 0.777 1.062
2225.000 0.818 1.096
2226.000 0.897 1.119
2227.000 0.967 1.116
2228.000 1.029 1.090
2229.000 1.045 1.075
2230.000 1.044 1.078
2231.000 1.026 1.086
2232.000 1.067 1.060
2233.000 1.002 1.064
2234.000 0.954 1.023
2235.000 0.904 1.003
2236.000 0.847 1.003
2237.000 0.820 1.042
2238.000 0.826 1.084
2239.000 0.811 1.123
2240.000 0.803 1.159
2241.000 0.715 1.162
2242.000 0.657 1.124
2243.000 0.583 1.124
2244.000 0.537 1.147
2245.000 0.481 1.108
2246.000 0.419 1.057
2247.000 0.371 1.050
2248.000 0.312 1.021
2249.000 0.283 0.958
2250.000 0.298 0.893
2251.000 0.341 0.825
2252.000 0.407 0.826
2253.000 0.480 0.854
2254.000 0.537 0.860
2255.000 0.590 0.886
2256.000 0.602 0.952
2257.000 0.590 0.987
2258.000 0.598 1.017
2259.000 0.630 1.027
2260.000 0.667 1.016
2261.000 0.711 1.029
2262.000 0.749 1.018
2263.000 0.789 1.024
2264.000 0.821 1.010
2265.000 0.860 1.013
2266.000 0.894 1.059
2267.000 0.903 1.097
2268.000 0.916 1.065
2269.000 0.927 1.038
2270.000 0.934 0.991
2271.000 0.960 0.966
2272.000 0.987 0.932
2273.000 0.989 0.897
2274.000 0.970 0.871
2275.000 0.989 0.836
2276.000 1.014 0.812
2277.000 1.043 0.771
2278.000 1.049 0.725
2279.000 1.037 0.720
2280.000 1.039 0.731
2281.000 1.046 0.717
2282.000 0.974 0.704
2283.000 0.911 0.744
2284.000 0.913 0.793
2285.000 0.922 0.848
2286.000 0.938 0.885
2287.000 0.983 0.906
2288.000 1.024 0.958
2289.000 1.018 1.026
2290.000 1.011 1.076
2291.000 1.046 1.079
2292.000 1.046 1.088
2293.000 1.068 1.131
2294.000 1.096 1.151
2295.000 1.131 1.135
2296.000 1.164 1.119
2297.000 1.148 1.067
2298.000 1.097 1.041
2299.000 1.026 1.063
2300.000 0.941 1.046
2301.000 0.882 1.018
2302.000 0.831 0.985
2303.000 0.770 0.969
2304.000 0.710 0.967
2305.000 0.667 0.947
2306.000 0.613 0.934
2307.000 0.546 0.923
2308.000 0.499 0.899
2309.000 0.441 0.864
2310.000 0.409 0.820
2311.000 0.341 0.804
2312.000 0.286 0.780
2313.000 0.242 0.730
2314.000 0.215 0.674
2315.000 0.233 0.619
2316.000 0.280 0.579
2317.000 0.320 0.526
2318.000 0.334 0.465
2319.000 0.306 0.393
2320.000 0.266 0.331
2321.000 0.200 0.281
2322.000 0.171 0.265
2323.000 0.175 0.203
2324.000 0.172 0.125
2325.000 0.221 0.095
2326.000 0.299 0.099
2327.000 0.358 0.067
2328.000 0.449 0.086
2329.000 0.509 0.138
2330.000 0.544 0.198
2331.000 0.619 0.246
2332.000 0.689 0.261
2333.000 0.766 0.235
2334.000 0.862 0.275
2335.000 0.928 0.381
2336.000 0.958 0.490
2337.000 0.987 0.590
2338.000 0.926 0.661
2339.000 0.848 0.624
2340.000 0.817 0.544
2341.000 0.821 0.462
2342.000 0.845 0.422
2343.000 0.875 0.348
2344.000 0.874 0.264
2345.000 0.831 0.199
2346.000 0.747 0.159
2347.000 0.692 0.134
2348.000 0.631 0.118
2349.000 0.563 0.126
2350.000 0.504 0.146
2351.000 0.457 0.154
2352.000 0.421 0.147
2353.000 0.374 0.147
2354.000 0.376 0.167
2355.000 0.381 0.156
2356.000 0.355 0.102
2357.000 0.384 0.064
2358.000 0.419 0.094
2359.000 0.479 0.110
2360.000 0.539 0.107
2361.000 0.597 0.125
2362.000 0.639 0.135
2363.000 0.685 0.127
2364.000 0.738 0.102
2365.000 0.795 0.076
2366.000 0.819 0.122
2367.000 0.880 0.152
2368.000 0.942 0.157
2369.000 0.980 0.157
2370.000 0.964 0.139
2371.000 0.988 0.154
2372.000 0.970 0.144
2373.000 0.945 0.169
2374.000 0.914 0.241
2375.000 0.949 0.296
2376.000 1.005 0.335
2377.000 1.052 0.387
2378.000 1.087 0.451
2379.000 1.065 0.487
2380.000 1.034 0.570
2381.000 0.995 0.665
2382.000 0.952 0.736
2383.000 0.962 0.827
2384.000 0.961 0.903
2385.000 0.897 0.977
2386.000 0.821 1.021
2387.000 0.729 1.032
2388.000 0.650 1.002
2389.000 0.566 1.017
2390.000 0.516 1.086
2391.000 0.411 1.101
2392.000 0.334 1.033
2393.000 0.276 0.973
2394.000 0.210 0.888
2395.000 0.178 0.813
2396.000 0.251 0.767
2397.000 0.356 0.799
2398.000 0.386 0.817
2399.000 0.381 0.800
2400.000 0.357 0.812
2401.000 0.384 0.806
2402.000 0.441 0.823
2403.000 0.456 0.848
2404.000 0.486 0.880
2405.000 0.532 0.879
2406.000 0.582 0.879
2407.000 0.651 0.878
2408.000 0.727 0.887
2409.000 0.777 0.849
2410.000 0.798 0.793
2411.000 0.783 0.718
2412.000 0.756 0.643
2413.000 0.725 0.582
2414.000 0.724 0.523
2415.000 0.740 0.455
2416.000 0.759 0.377
2417.000 0.784 0.285
2418.000 0.825 0.217
2419.000 0.880 0.164
2420.000 0.946 0.114
2421.000 1.010 0.107
2422.000 1.064 0.111
2423.000 1.114 0.143
2424.000 1.162 0.160
2425.000 1.178 0.214
2426.000 1.178 0.283
2427.000 1.171 0.351
2428.000 1.130 0.420
2429.000 1.089 0.482
2430.000 1.012 0.507
2431.000 0.925 0.473
2432.000 0.865 0.431
2433.000 0.799 0.401
2434.000 0.747 0.344
2435.000 0.729 0.306
2436.000 0.694 0.250
2437.000 0.638 0.263
2438.000 0.578 0.285
2439.000 0.528 0.245
2440.000 0.472 0.257
2441.000 0.412 0.269
2442.000 0.357 0.327
2443.000 0.322 0.378
2444.000 0.280 0.424
2445.000 0.251 0.501
2446.000 0.250 0.579
2447.000 0.288 0.649
2448.000 0.341 0.694
2449.000 0.355 0.770
2450.000 0.337 0.845
2451.000 0.321 0.895
2452.000 0.289 0.940
2453.000 0.292 0.994
2454.000 0.308 1.048
2455.000 0.321 1.106
2456.000 0.363 1.135
2457.000 0.419 1.115
2458.000 0.465 1.082
2459.000 0.500 1.058
2460.000 0.573 1.085
2461.000 0.633 1.126
2462.000 0.712 1.138
2463.000 0.787 1.114
2464.000 0.832 1.077
2465.000 0.883 1.041
2466.000 0.954 1.041
2467.000 1.017 1.053
2468.000 1.053 1.033
2469.000 1.074 1.010
2470.000 1.078 0.973
2471.000 1.082 0.944
2472.000 1.078 0.938
2473.000 1.089 0.958
2474.000 1.135 0.932
2475.000 1.188 0.943
2476.000 1.190 0.999
2477.000 1.166 1.070
2478.000 1.121 1.135
2479.000 1.056 1.097
2480.000 1.010 1.069
2481.000 1.007 1.020
2482.000 0.998 0.986
2483.000 0.968 0.979
2484.000 0.938 0.959
2485.000 0.956 0.927
2486.000 0.995 0.919
2487.000 1.034 0.929
2488.000 1.045 0.891
2489.000 1.091 0.853
2490.000 1.094 0.812
2491.000 1.064 0.774
2492.000 1.035 0.745
2493.000 1.016 0.712
2494.000 0.966 0.715
2495.000 0.905 0.713
2496.000 0.882 0.657
2497.000 0.894 0.590
2498.000 0.915 0.556
2499.000 0.938 0.539
2500.000 0.948 0.500
2501.000 0.974 0.454
2502.000 0.960 0.389
2503.000 0.928 0.352
2504.000 0.926 0.296
2505.000 0.954 0.226
2506.000 0.944 0.179
2507.000 0.944 0.138
2508.000 0.981 0.082
2509.000 1.062 0.061
2510.000 1.139 0.099
2511.000 1.178 0.066
2512.000 1.142 0.020
2513.000 1.114 0.010
2514.000 1.049 0.049
2515.000 1.029 0.070
2516.000 1.017 0.103
2517.000 0.976 0.152
2518.000 0.938 0.133
2519.000 0.883 0.127
2520.000 0.799 0.158
2521.000 0.773 0.202
2522.000 0.729 0.256
2523.000 0.706 0.315
2524.000 0.706 0.376
2525.000 0.744 0.448
2526.000 0.772 0.535
2527.000 0.788 0.628
2528.000 0.775 0.702
2529.000 0.721 0.739
2530.000 0.640 0.737
2531.000 0.571 0.715
2532.000 0.486 0.696
2533.000 0.423 0.649
2534.000 0.399 0.614
2535.000 0.310 0.607
2536.000 0.222 0.589
2537.000 0.146 0.592
2538.000 0.070 0.587
2539.000 0.030 0.528
2540.000 0.035 0.453
2541.000 0.045 0.365
2542.000 0.047 0.304
2543.000 0.033 0.256
2544.000 0.049 0.177
2545.000 0.037 0.120
2546.000 0.028 0.147
2547.000 0.021 0.186
2548.000 0.060 0.206
2549.000 0.125 0.238
2550.000 0.214 0.227
2551.000 0.277 0.164
2552.000 0.305 0.089
2553.000 0.299 0.030
2554.000 0.380 0.024
2555.000 0.466 0.042
2556.000 0.530 0.124
2557.000 0.526 0.206
2558.000 0.541 0.258
2559.000 0.521 0.349
2560.000 0.487 0.427
2561.000 0.509 0.525
2562.000 0.489 0.605
2563.000 0.438 0.682
2564.000 0.377 0.760
2565.000 0.356 0.844
2566.000 0.407 0.916
2567.000 0.476 0.959
2568.000 0.550 0.989
2569.000 0.604 1.048
2570.000 0.625 1.106
2571.000 0.631 1.172
2572.000 0.648 1.180
2573.000 0.653 1.169
2574.000 0.636 1.182
2575.000 0.647 1.164
2576.000 0.637 1.176
2577.000 0.670 1.168
2578.000 0.637 1.177
2579.000 0.653 1.125
2580.000 0.651 1.097
2581.000 0.657 1.121
2582.000 0.636 1.154
2583.000 0.658 1.173
2584.000 0.697 1.167
2585.000 0.743 1.169
2586.000 0.795 1.162
2587.000 0.848 1.168
2588.000 0.892 1.168
2589.000 0.913 1.180
2590.000 0.893 1.161
2591.000 0.935 1.138
2592.000 0.981 1.141
2593.000 1.042 1.144
2594.000 1.085 1.168
2595.000 1.128 1.146
2596.000 1.118 1.110
2597.000 1.094 1.065
2598.000 1.115 1.001
2599.000 1.156 0.959
2600.000 1.163 0.895
2601.000 1.156 0.832
2602.000 1.154 0.755
2603.000 1.128 0.715
2604.000 1.098 0.668
2605.000 1.075 0.596
2606.000 1.055 0.532
2607.000 1.064 0.471
2608.000 1.129 0.430
2609.000 1.179 0.419
2610.000 1.175 0.339
2611.000 1.180 0.263
2612.000 1.191 0.225
2613.000 1.177 0.183
2614.000 1.149 0.168
2615.000 1.114 0.183
2616.000 1.079 0.212
2617.000 1.042 0.201
2618.000 1.025 0.158
2619.000 1.056 0.099
2620.000 1.079 0.060
2621.000 1.048 0.039
2622.000 0.994 0.063
2623.000 0.968 0.095
2624.000 0.921 0.110
2625.000 0.880 0.101
2626.000 0.826 0.068
2627.000 0.742 0.080
2628.000 0.697 0.118
2629.000 0.645 0.111
2630.000 0.594 0.097
2631.000 0.557 0.114
2632.000 0.503 0.122
2633.000 0.466 0.127
2634.000 0.455 0.151
2635.000 0.438 0.222
2636.000 0.400 0.285
2637.000 0.361 0.342
2638.000 0.372 0.439
2639.000 0.374 0.526
2640.000 0.418 0.594
2641.000 0.462 0.663
2642.000 0.497 0.749
2643.000 0.453 0.817
2644.000 0.405 0.818
2645.000 0.357 0.826
2646.000 0.331 0.895
2647.000 0.354 0.972
2648.000 0.399 1.038
2649.000 0.444 1.098
2650.000 0.477 1.127
2651.000 0.554 1.135
2652.000 0.629 1.131
2653.000 0.725 1.127
2654.000 0.826 1.121
2655.000 0.904 1.130
2656.000 0.982 1.132
2657.000 1.059 1.122
2658.000 1.134 1.131
2659.000 1.155 1.068
2660.000 1.159 1.010
2661.000 1.154 0.955
2662.000 1.152 0.883
2663.000 1.156 0.811
2664.000 1.180 0.735
2665.000 1.158 0.665
2666.000 1.105 0.622
2667.000 1.072 0.613
2668.000 1.056 0.598
2669.000 1.070 0.577
2670.000 1.041 0.544
2671.000 1.015 0.536
2672.000 0.978 0.516
2673.000 0.929 0.524
2674.000 0.904 0.580
2675.000 0.861 0.626
2676.000 0.836 0.654
2677.000 0.785 0.668
2678.000 0.748 0.645
2679.000 0.725 0.600
2680.000 0.717 0.547
2681.000 0.753 0.493
2682.000 0.824 0.488
2683.000 0.881 0.542
2684.000 0.938 0.573
2685.000 0.972 0.569
2686.000 0.994 0.534
2687.000 1.054 0.558
2688.000 1.053 0.637
2689.000 1.019 0.694
2690.000 0.994 0.759
2691.000 0.989 0.814
2692.000 1.012 0.862
2693.000 1.064 0.894
2694.000 1.100 0.946
2695.000 1.092 1.024
2696.000 1.116 1.101
2697.000 1.090 1.162
2698.000 1.019 1.179
2699.000 0.967 1.193
2700.000 0.930 1.180
2701.000 0.885 1.181
2702.000 0.833 1.192
2703.000 0.788 1.184
2704.000 0.755 1.159
2705.000 0.721 1.154
2706.000 0.651 1.142
2707.000 0.622 1.179
2708.000 0.682 1.193
2709.000 0.741 1.190
2710.000 0.813 1.189
2711.000 0.880 1.185
2712.000 0.972 1.168
2713.000 1.039 1.171
2714.000 1.079 1.184
2715.000 1.136 1.142
2716.000 1.133 1.104
2717.000 1.134 1.077
2718.000 1.157 1.044
2719.000 1.170 0.995
2720.000 1.182 0.947
2721.000 1.161 0.911
2722.000 1.132 0.897
2723.000 1.160 0.867
2724.000 1.144 0.831
2725.000 1.121 0.828
2726.000 1.078 0.803
2727.000 1.081 0.755
2728.000 1.109 0.719
2729.000 1.084 0.766
2730.000 1.013 0.791
2731.000 0.978 0.786
2732.000 0.967 0.724
2733.000 0.947 0.710
2734.000 0.941 0.669
2735.000 0.987 0.647
2736.000 0.944 0.683
2737.000 0.905 0.683
2738.000 0.884 0.726
2739.000 0.840 0.750
2740.000 0.824 0.747
2741.000 0.788 0.736
2742.000 0.755 0.709
2743.000 0.737 0.683
2744.000 0.687 0.690
2745.000 0.644 0.648
2746.000 0.602 0.654
2747.000 0.555 0.705
2748.000 0.492 0.725
2749.000 0.442 0.720
2750.000 0.419 0.787
2751.000 0.410 0.860
2752.000 0.438 0.947
2753.000 0.473 1.010
2754.000 0.472 1.068
2755.000 0.439 1.111
2756.000 0.426 1.154
2757.000 0.372 1.166
2758.000 0.311 1.162
2759.000 0.254 1.158
2760.000 0.177 1.148
2761.000 0.111 1.102
2762.000 0.088 1.041
2763.000 0.078 0.978
2764.000 0.046 0.913
2765.000 0.040 0.911
2766.000 0.037 0.908
2767.000 0.078 0.861
2768.000 0.085 0.812
2769.000 0.125 0.775
2770.000 0.158 0.764
2771.000 0.216 0.789
2772.000 0.232 0.847
2773.000 0.226 0.916
2774.000 0.206 0.975
2775.000 0.173 1.022
2776.000 0.159 1.059
2777.000 0.098 1.107
2778.000 0.064 1.136
2779.000 0.093 1.160
2780.000 0.150 1.161
2781.000 0.197 1.153
2782.000 0.219 1.140
2783.000 0.245 1.135
2784.000 0.273 1.128
2785.000 0.290 1.107
2786.000 0.291 1.079
2787.000 0.296 1.050
2788.000 0.333 1.035
2789.000 0.366 1.035
2790.000 0.416 1.050
2791.000 0.457 1.075
2792.000 0.516 1.071
2793.000 0.581 1.058
2794.000 0.581 1.013
2795.000 0.566 0.971
2796.000 0.546 0.929
2797.000 0.507 0.881
2798.000 0.483 0.831
2799.000 0.446 0.784
2800.000 0.388 0.748
2801.000 0.340 0.714
2802.000 0.352 0.799
2803.000 0.374 0.851
2804.000 0.339 0.912
2805.000 0.324 0.977
2806.000 0.322 1.050
2807.000 0.294 1.099
2808.000 0.271 1.143
2809.000 0.221 1.164
2810.000 0.215 1.146
2811.000 0.239 1.158
2812.000 0.285 1.160
2813.000 0.312 1.154
2814.000 0.340 1.158
2815.000 0.382 1.167
2816.000 0.420 1.162
2817.000 0.458 1.143
2818.000 0.482 1.117
2819.000 0.486 1.077
2820.000 0.489 1.041
2821.000 0.471 1.020
2822.000 0.466 1.001
2823.000 0.489 0.973
2824.000 0.483 0.906
2825.000 0.486 0.886
2826.000 0.531 0.876
2827.000 0.557 0.884
2828.000 0.591 0.920
2829.000 0.599 0.955
2830.000 0.584 0.982
2831.000 0.610 1.009
2832.000 0.610 0.973
2833.000 0.570 0.981
2834.000 0.560 1.018
2835.000 0.559 1.052
2836.000 0.518 1.071
2837.000 0.481 1.051
2838.000 0.481 0.994
2839.000 0.462 0.967
2840.000 0.403 0.967
2841.000 0.355 0.942
2842.000 0.437 0.862
2843.000 0.476 0.882
2844.000 0.503 0.909
2845.000 0.496 0.945
2846.000 0.500 0.988
2847.000 0.485 1.051
2848.000 0.444 1.075
2849.000 0.406 1.067
2850.000 0.398 1.091
2851.000 0.437 1.083
2852.000 0.474 1.088
2853.000 0.461 1.134
2854.000 0.407 1.144
2855.000 0.404 1.174
2856.000 0.335 1.170
2857.000 0.290 1.158
2858.000 0.223 1.169
2859.000 0.193 1.164
2860.000 0.196 1.160
2861.000 0.150 1.131
2862.000 0.100 1.124
2863.000 0.068 1.135
2864.000 0.032 1.081
2865.000 0.029 1.037
2866.000 0.014 0.992
2867.000 0.019 0.935
2868.000 0.013 0.889
2869.000 0.020 0.828
2870.000 0.028 0.781
2871.000 0.076 0.742
2872.000 0.115 0.766
2873.000 0.101 0.841
2874.000 0.052 0.877
2875.000 0.020 0.797
2876.000 0.023 0.733
2877.000 0.040 0.699
2878.000 0.025 0.649
2879.000 0.010 0.581
2880.000 0.012 0.535
2881.000 0.012 0.488
2882.000 0.016 0.427
2883.000 0.030 0.367
2884.000 0.072 0.331
2885.000 0.111 0.287
2886.000 0.105 0.213
2887.000 0.079 0.154
2888.000 0.084 0.090
2889.000 0.147 0.043
2890.000 0.195 0.027
2891.000 0.234 0.030
2892.000 0.257 0.029
2893.000 0.295 0.021
2894.000 0.346 0.014
2895.000 0.385 0.026
2896.000 0.433 0.014
2897.000 0.503 0.024
2898.000 0.579 0.040
2899.000 0.616 0.104
2900.000 0.671 0.139
2901.000 0.745 0.183
2902.000 0.741 0.195
2903.000 0.696 0.109
2904.000 0.620 0.060
2905.000 0.501 0.042
2906.000 0.398 0.068
2907.000 0.305 0.040
2908.000 0.212 0.058
2909.000 0.132 0.066
2910.000 0.082 0.121
2911.000 0.056 0.195
2912.000 0.072 0.264
2913.000 0.075 0.332
2914.000 0.060 0.388
2915.000 0.059 0.442
2916.000 0.055 0.498
2917.000 0.046 0.553
2918.000 0.071 0.613
2919.000 0.074 0.688
2920.000 0.066 0.748
2921.000 0.081 0.795
2922.000 0.103 0.845
2923.000 0.102 0.917
2924.000 0.055 0.959
2925.000 0.041 1.007
2926.000 0.057 1.059
2927.000 0.060 1.122
2928.000 0.130 1.150
2929.000 0.156 1.147
2930.000 0.157 1.113
2931.000 0.186 1.064
2932.000 0.230 1.092
2933.000 0.281 1.070
2934.000 0.308 1.031
2935.000 0.336 1.014
2936.000 0.380 1.010
2937.000 0.427 1.041
2938.000 0.465 1.092
2939.000 0.518 1.124
2940.000 0.584 1.135
2941.000 0.635 1.124
2942.000 0.667 1.098
2943.000 0.726 1.084
2944.000 0.794 1.107
2945.000 0.876 1.133
2946.000 0.955 1.142
2947.000 0.989 1.109
2948.000 0.969 1.041
2949.000 0.988 0.978
2950.000 1.026 0.933
2951.000 1.033 0.877
2952.000 1.034 0.816
2953.000 1.023 0.763
2954.000 0.991 0.761
2955.000 0.944 0.770
2956.000 0.903 0.734
2957.000 0.919 0.662
2958.000 0.963 0.619
2959.000 1.002 0.557
2960.000 1.062 0.496
2961.000 1.097 0.431
2962.000 1.101 0.353
2963.000 1.114 0.293
2964.000 1.145 0.205
2965.000 1.151 0.151
2966.000 1.125 0.094
2967.000 1.079 0.040
2968.000 1.016 0.053
2969.000 0.950 0.067
2970.000 0.898 0.091
2971.000 0.836 0.099
2972.000 0.755 0.099
2973.000 0.679 0.075
2974.000 0.642 0.035
2975.000 0.567 0.033
2976.000 0.509 0.043
2977.000 0.432 0.048
2978.000 0.373 0.049
2979.000 0.303 0.033
2980.000 0.263 0.032
2981.000 0.217 0.044
2982.000 0.157 0.040
2983.000 0.118 0.072
2984.000 0.179 0.067
2985.000 0.180 0.141
2986.000 0.146 0.207
2987.000 0.120 0.294
2988.000 0.105 0.376
2989.000 0.122 0.450
2990.000 0.130 0.546
2991.000 0.118 0.628
2992.000 0.091 0.694
2993.000 0.117 0.777
2994.000 0.177 0.851
2995.000 0.248 0.906
2996.000 0.320 0.942
2997.000 0.371 0.974
2998.000 0.396 1.023
2999.000 0.383 1.084
3000.000 0.340 1.127
3001.000 0.299 1.158
3002.000 0.359 1.165
3003.000 0.438 1.149
3004.000 0.513 1.168
3005.000 0.580 1.162
3006.000 0.652 1.158
3007.000 0.710 1.160
3008.000 0.744 1.135
3009.000 0.751 1.102
3010.000 0.756 1.082
3011.000 0.781 1.058
3012.000 0.788 1.045
3013.000 0.780 1.018
3014.000 0.797 0.988
3015.000 0.841 0.984
3016.000 0.894 1.040
3017.000 0.923 1.065
3018.000 0.961 1.056
3019.000 0.990 1.027
3020.000 0.991 0.988
3021.000 0.965 0.976
3022.000 0.970 0.943
3023.000 0.944 0.923
3024.000 0.928 0.948
3025.000 0.960 0.957
3026.000 0.989 0.930
3027.000 1.018 0.914
3028.000 1.032 0.885
3029.000 1.020 0.845
3030.000 0.991 0.832
3031.000 0.954 0.835
3032.000 0.916 0.830
3033.000 0.924 0.841
3034.000 0.903 0.878
3035.000 0.884 0.929
3036.000 0.833 0.925
3037.000 0.801 0.903
3038.000 0.761 0.914
3039.000 0.723 0.915
3040.000 0.674 0.939
3041.000 0.652 0.984
3042.000 0.615 1.028
3043.000 0.603 1.077
3044.000 0.628 1.103
3045.000 0.680 1.079
3046.000 0.680 1.045
3047.000 0.712 0.991
3048.000 0.741 1.003
3049.000 0.793 0.992
3050.000 0.854 0.956
3051.000 0.915 0.928
3052.000 0.951 0.896
3053.000 0.976 0.889
3054.000 1.018 0.927
3055.000 1.054 0.995
3056.000 1.096 1.044
3057.000 1.144 1.082
3058.000 1.154 1.117
3059.000 1.155 1.172
3060.000 1.109 1.191
3061.000 1.069 1.193
3062.000 1.040 1.183
3063.000 1.018 1.149
3064.000 1.008 1.123
3065.000 0.975 1.120
3066.000 0.953 1.158
3067.000 0.906 1.190
3068.000 0.853 1.178
3069.000 0.811 1.146
3070.000 0.781 1.097
3071.000 0.775 1.029
3072.000 0.826 0.971
3073.000 0.843 0.934
3074.000 0.835 0.873
3075.000 0.896 0.839
3076.000 0.951 0.823
3077.000 0.995 0.806
3078.000 1.025 0.736
3079.000 1.028 0.662
3080.000 1.014 0.595
3081.000 1.026 0.517
3082.000 1.033 0.441
3083.000 1.006 0.380
3084.000 0.997 0.301
3085.000 1.022 0.229
3086.000 1.096 0.176
3087.000 1.141 0.124
3088.000 1.140 0.038
3089.000 1.087 0.027
3090.000 1.042 0.033
3091.000 1.017 0.032
3092.000 0.985 0.031
3093.000 0.956 0.036
3094.000 0.910 0.018
3095.000 0.858 0.031
3096.000 0.811 0.029
3097.000 0.769 0.037
3098.000 0.722 0.047
3099.000 0.679 0.033
3100.000 0.628 0.015
3101.000 0.598 0.053
3102.000 0.552 0.079
3103.000 0.568 0.159
3104.000 0.599 0.233
3105.000 0.558 0.285
3106.000 0.488 0.267
3107.000 0.436 0.283
3108.000 0.387 0.280
3109.000 0.352 0.254
3110.000 0.322 0.204
3111.000 0.279 0.149
3112.000 0.232 0.094
3113.000 0.182 0.065
3114.000 0.147 0.042
3115.000 0.075 0.046
3116.000 0.022 0.088
3117.000 0.043 0.130
3118.000 0.085 0.165
3119.000 0.068 0.217
3120.000 0.073 0.256
3121.000 0.112 0.306
3122.000 0.178 0.325
3123.000 0.211 0.398
3124.000 0.209 0.454
3125.000 0.266 0.511
3126.000 0.340 0.535
3127.000 0.404 0.557
3128.000 0.464 0.537
3129.000 0.482 0.517
3130.000 0.500 0.542
3131.000 0.479 0.519
3132.000 0.510 0.467
3133.000 0.550 0.449
3134.000 0.602 0.491
3135.000 0.640 0.436
3136.000 0.667 0.371
3137.000 0.689 0.299
3138.000 0.674 0.216
3139.000 0.634 0.158
3140.000 0.562 0.132
3141.000 0.472 0.120
3142.000 0.395 0.095
3143.000 0.316 0.074
3144.000 0.255 0.096
3145.000 0.182 0.130
3146.000 0.130 0.201
3147.000 0.092 0.292
3148.000 0.064 0.358
3149.000 0.059 0.445
3150.000 0.061 0.524
3151.000 0.058 0.603
3152.000 0.062 0.682
3153.000 0.074 0.744
3154.000 0.053 0.826
3155.000 0.054 0.863
3156.000 0.073 0.874
3157.000 0.098 0.870
3158.000 0.157 0.876
3159.000 0.195 0.875
3160.000 0.227 0.918
3161.000 0.253 0.980
3162.000 0.281 1.019
3163.000 0.311 1.068
3164.000 0.363 1.117
3165.000 0.430 1.114
3166.000 0.466 1.078
3167.000 0.481 1.040
3168.000 0.498 1.005
3169.000 0.519 0.975
3170.000 0.555 0.970
3171.000 0.604 0.993
3172.000 0.634 1.009
3173.000 0.655 1.022
3174.000 0.687 1.046
3175.000 0.735 1.063
3176.000 0.808 1.085
3177.000 0.869 1.105
3178.000 0.935 1.106
3179.000 1.005 1.094
3180.000 1.051 1.087
3181.000 1.031 1.083
3182.000 1.032 1.022
3183.000 1.065 0.970
3184.000 1.102 0.932
3185.000 1.157 0.898
3186.000 1.155 0.830
3187.000 1.111 0.789
3188.000 1.073 0.739
3189.000 1.015 0.732
3190.000 0.940 0.745
3191.000 0.875 0.760
3192.000 0.844 0.772
3193.000 0.804 0.760
3194.000 0.762 0.781
3195.000 0.725 0.841
3196.000 0.705 0.886
3197.000 0.696 0.930
3198.000 0.719 0.977
3199.000 0.765 1.030
3200.000 0.794 1.063
3201.000 0.849 1.099
3202.000 0.916 1.110
3203.000 0.968 1.072
3204.000 0.976 1.031
3205.000 0.954 0.998
3206.000 0.937 0.974
3207.000 0.904 0.968
3208.000 0.868 0.973
3209.000 0.845 1.002
3210.000 0.864 1.034
3211.000 0.902 1.048
3212.000 0.959 1.062
3213.000 0.983 1.058
3214.000 1.031 1.073
3215.000 1.064 1.097
3216.000 1.102 1.140
3217.000 1.146 1.155
3218.000 1.175 1.117
3219.000 1.159 1.059
3220.000 1.100 1.034
3221.000 1.066 0.991
3222.000 1.055 0.955
3223.000 1.067 0.925
3224.000 1.086 0.882
3225.000 1.078 0.829
3226.000 1.053 0.770
3227.000 1.032 0.730
3228.000 1.016 0.687
3229.000 0.983 0.650
3230.000 0.965 0.588
3231.000 0.979 0.526
3232.000 1.002 0.482
3233.000 1.019 0.433
3234.000 1.014 0.370
3235.000 1.007 0.309
3236.000 1.037 0.241
3237.000 1.104 0.188
3238.000 1.148 0.154
3239.000 1.180 0.215
3240.000 1.193 0.266
3241.000 1.194 0.307
3242.000 1.195 0.341
3243.000 1.169 0.365
3244.000 1.136 0.389
3245.000 1.118 0.418
3246.000 1.117 0.467
3247.000 1.104 0.511
3248.000 1.072 0.529
3249.000 1.080 0.531
3250.000 1.074 0.544
3251.000 1.043 0.544
3252.000 1.054 0.581
3253.000 1.071 0.557
3254.000 1.049 0.538
3255.000 0.992 0.553
3256.000 0.981 0.573
3257.000 1.002 0.590
3258.000 0.973 0.586
3259.000 0.983 0.542
3260.000 1.015 0.556
3261.000 0.989 0.572
3262.000 0.949 0.565
3263.000 0.955 0.593
3264.000 0.977 0.577
3265.000 0.965 0.537
3266.000 0.949 0.542
3267.000 0.971 0.553
3268.000 0.973 0.603
3269.000 0.935 0.574
3270.000 0.909 0.568
3271.000 0.928 0.558
3272.000 0.948 0.565
3273.000 0.969 0.613
3274.000 0.951 0.595
3275.000 0.906 0.578
3276.000 0.942 0.603
3277.000 0.958 0.567
3278.000 0.915 0.561
3279.000 0.912 0.602
3280.000 0.955 0.628
3281.000 0.985 0.659
3282.000 1.044 0.643
3283.000 1.067 0.578
3284.000 1.012 0.540
3285.000 0.964 0.518
3286.000 0.911 0.545
3287.000 0.906 0.582
3288.000 0.861 0.647
3289.000 0.819 0.651
3290.000 0.787 0.625
3291.000 0.749 0.615
3292.000 0.712 0.608
3293.000 0.640 0.572
3294.000 0.567 0.535
3295.000 0.493 0.533
3296.000 0.435 0.546
3297.000 0.375 0.581
3298.000 0.336 0.610
3299.000 0.345 0.636
3300.000 0.388 0.642
3301.000 0.426 0.690
3302.000 0.468 0.699
3303.000 0.505 0.736
3304.000 0.530 0.701
3305.000 0.470 0.705
3306.000 0.465 0.772
3307.000 0.516 0.785
3308.000 0.558 0.762
3309.000 0.584 0.818
3310.000 0.536 0.861
3311.000 0.481 0.867
3312.000 0.432 0.905
3313.000 0.369 0.879
3314.000 0.350 0.811
3315.000 0.313 0.756
3316.000 0.261 0.697
3317.000 0.215 0.640
3318.000 0.146 0.611
3319.000 0.086 0.618
3320.000 0.057 0.654
3321.000 0.054 0.702
3322.000 0.071 0.759
3323.000 0.104 0.747
3324.000 0.144 0.695
3325.000 0.152 0.633
3326.000 0.113 0.567
3327.000 0.056 0.526
3328.000 0.038 0.489
3329.000 0.047 0.412
3330.000 0.032 0.337
3331.000 0.028 0.282
3332.000 0.042 0.206
3333.000 0.037 0.138
3334.000 0.029 0.081
3335.000 0.055 0.044
3336.000 0.123 0.041
3337.000 0.168 0.038
3338.000 0.224 0.027
3339.000 0.272 0.029
3340.000 0.330 0.035
3341.000 0.403 0.013
3342.000 0.462 0.023
3343.000 0.509 0.023
3344.000 0.582 0.032
3345.000 0.624 0.067
3346.000 0.616 0.111
3347.000 0.613 0.177
3348.000 0.612 0.220
3349.000 0.558 0.257
3350.000 0.486 0.247
3351.000 0.433 0.206
3352.000 0.396 0.162
3353.000 0.356 0.110
3354.000 0.312 0.061
3355.000 0.241 0.061
3356.000 0.188 0.081
3357.000 0.181 0.109
3358.000 0.216 0.138
3359.000 0.258 0.157
3360.000 0.280 0.176
3361.000 0.313 0.202
3362.000 0.353 0.189
3363.000 0.419 0.159
3364.000 0.503 0.151
3365.000 0.581 0.125
3366.000 0.618 0.072
3367.000 0.683 0.030
3368.000 0.750 0.031
3369.000 0.827 0.058
3370.000 0.889 0.039
3371.000 0.938 0.024
3372.000 1.001 0.034
3373.000 1.072 0.054
3374.000 1.108 0.115
3375.000 1.147 0.139
3376.000 1.180 0.206
3377.000 1.161 0.291
3378.000 1.128 0.350
3379.000 1.087 0.402
3380.000 1.048 0.456
3381.000 1.064 0.511
3382.000 1.061 0.570
3383.000 1.051 0.634
3384.000 1.039 0.725
3385.000 1.067 0.766
3386.000 1.099 0.747
3387.000 1.096 0.703
3388.000 1.112 0.644
3389.000 1.118 0.595
3390.000 1.077 0.567
3391.000 1.050 0.577
3392.000 1.006 0.608
3393.000 0.982 0.645
3394.000 0.943 0.698
3395.000 0.937 0.770
3396.000 0.960 0.835
3397.000 1.006 0.885
3398.000 1.053 0.956
3399.000 1.058 1.048
3400.000 1.027 1.104
3401.000 0.984 1.178
3402.000 0.892 1.155
3403.000 0.823 1.122
3404.000 0.778 1.066
3405.000 0.778 1.004
3406.000 0.761 0.945
3407.000 0.779 0.917
3408.000 0.764 0.886
3409.000 0.759 0.863
3410.000 0.788 0.852
3411.000 0.827 0.846
3412.000 0.888 0.862
3413.000 0.929 0.829
3414.000 0.938 0.789
3415.000 0.951 0.755
3416.000 0.948 0.715
3417.000 0.898 0.680
3418.000 0.854 0.671
3419.000 0.799 0.692
3420.000 0.730 0.691
3421.000 0.651 0.668
3422.000 0.604 0.728
3423.000 0.615 0.793
3424.000 0.613 0.847
3425.000 0.625 0.914
3426.000 0.662 0.985
3427.000 0.672 1.050
3428.000 0.689 1.110
3429.000 0.750 1.146
3430.000 0.830 1.152
3431.000 0.907 1.148
3432.000 0.969 1.152
3433.000 1.005 1.137
3434.000 1.019 1.106
3435.000 1.021 1.079
3436.000 1.032 1.055
3437.000 1.085 1.050
3438.000 1.115 1.020
3439.000 1.108 0.975
3440.000 1.099 0.927
3441.000 1.110 0.886
3442.000 1.086 0.850
3443.000 1.054 0.820
3444.000 1.013 0.823
3445.000 0.983 0.776
3446.000 0.965 0.760
3447.000 0.921 0.727
3448.000 0.927 0.672
3449.000 0.927 0.606
3450.000 0.938 0.540
3451.000 0.924 0.482
3452.000 0.894 0.451
3453.000 0.841 0.447
3454.000 0.807 0.467
3455.000 0.841 0.454
3456.000 0.847 0.404
3457.000 0.796 0.357
3458.000 0.751 0.308
3459.000 0.687 0.299
3460.000 0.633 0.340
3461.000 0.594 0.391
3462.000 0.527 0.411
3463.000 0.451 0.389
3464.000 0.371 0.341
3465.000 0.299 0.331
3466.000 0.220 0.343
3467.000 0.170 0.386
3468.000 0.141 0.441
3469.000 0.154 0.484
3470.000 0.182 0.500
3471.000 0.201 0.502
3472.000 0.213 0.535
3473.000 0.192 0.571
3474.000 0.174 0.629
3475.000 0.196 0.669
3476.000 0.251 0.689
3477.000 0.291 0.688
3478.000 0.302 0.728
3479.000 0.255 0.758
3480.000 0.218 0.752
3481.000 0.186 0.711
3482.000 0.146 0.734
3483.000 0.165 0.762
3484.000 0.185 0.702
3485.000 0.162 0.672
3486.000 0.120 0.690
3487.000 0.070 0.656
3488.000 0.040 0.588
3489.000 0.036 0.529
3490.000 0.049 0.442
3491.000 0.129 0.424
3492.000 0.209 0.420
3493.000 0.257 0.414
3494.000 0.267 0.459
3495.000 0.255 0.508
3496.000 0.226 0.546
3497.000 0.210 0.602
3498.000 0.221 0.640
3499.000 0.228 0.684
3500.000 0.257 0.730
3501.000 0.327 0.781
3502.000 0.353 0.806
3503.000 0.342 0.798
3504.000 0.317 0.813
3505.000 0.298 0.831
3506.000 0.340 0.835
3507.000 0.373 0.800
3508.000 0.328 0.820
3509.000 0.272 0.836
3510.000 0.261 0.903
3511.000 0.279 0.965
3512.000 0.295 1.004
3513.000 0.330 1.047
3514.000 0.344 1.096
3515.000 0.352 1.134
3516.000 0.327 1.150
3517.000 0.291 1.131
3518.000 0.268 1.089
3519.000 0.286 1.045
3520.000 0.283 1.059
3521.000 0.264 1.019
3522.000 0.291 1.038
3523.000 0.251 1.046
3524.000 0.215 0.997
3525.000 0.248 1.019
3526.000 0.214 1.037
3527.000 0.230 1.008
3528.000 0.273 1.000
3529.000 0.289 1.054
3530.000 0.268 1.102
3531.000 0.256 1.137
3532.000 0.202 1.157
3533.000 0.137 1.147
3534.000 0.109 1.085
3535.000 0.152 1.022
3536.000 0.177 0.946
3537.000 0.217 0.885
3538.000 0.272 0.856
3539.000 0.350 0.842
3540.000 0.403 0.910
3541.000 0.434 0.989
3542.000 0.477 1.036
3543.000 0.501 1.095
3544.000 0.512 1.147
3545.000 0.556 1.164
3546.000 0.612 1.152
3547.000 0.642 1.174
3548.000 0.679 1.195
3549.000 0.723 1.178
3550.000 0.757 1.156
3551.000 0.799 1.138
3552.000 0.850 1.148
3553.000 0.904 1.146
3554.000 0.969 1.094
3555.000 0.998 1.054
3556.000 1.032 1.018
3557.000 1.066 1.026
3558.000 1.089 1.027
3559.000 1.087 0.984
3560.000 1.072 1.038
3561.000 1.110 1.098
3562.000 1.115 1.089
3563.000 1.106 1.017
3564.000 1.116 0.949
3565.000 1.128 0.859
3566.000 1.170 0.791
3567.000 1.149 0.725
3568.000 1.109 0.678
3569.000 1.102 0.605
3570.000 1.101 0.545
3571.000 1.109 0.445
3572.000 1.124 0.375
3573.000 1.173 0.318
3574.000 1.161 0.227
3575.000 1.166 0.165
3576.000 1.163 0.120
3577.000 1.153 0.052
3578.000 1.088 0.026
3579.000 1.033 0.060
3580.000 1.009 0.113
3581.000 1.026 0.193
3582.000 1.002 0.238
3583.000 1.043 0.285
3584.000 1.108 0.337
3585.000 1.172 0.389
3586.000 1.143 0.475
3587.000 1.073 0.509
3588.000 1.027 0.523
3589.000 0.981 0.554
3590.000 0.943 0.611
3591.000 0.906 0.669
3592.000 0.871 0.723
3593.000 0.841 0.740
3594.000 0.796 0.790
3595.000 0.755 0.754
3596.000 0.816 0.780
3597.000 0.782 0.845
3598.000 0.712 0.875
3599.000 0.639 0.883
3600.000 0.568 0.882
