time X0 Y0 X1 Y1 X2 Y2 X3 Y3 X4 Y4 X5 Y5 X6 Y6 X7 Y7 X8 Y8 X9 Y9
2532 0.459 0.335 0.746 0.813 1.08 0.433 0.732 0.823 0.345 0.318 0.138 0.607 0.355 0.361 0.822 0.446 0.27 0.307 0.281 0.277
2533 0.453 0.301 0.912 0.586 1.06 0.422 0.75 0.795 0.403 0.365 0.182 0.588 0.432 0.406 0.687 0.414 0.403 0.354 0.384 0.311
2534 0.529 0.362 0.848 0.526 1.049 0.416 0.724 0.792 0.411 0.387 0.216 0.56 0.446 0.405 0.567 0.358 0.44 0.345 0.452 0.298
2535 0.493 0.333 0.772 0.498 1.021 0.41 0.703 0.816 0.453 0.311 0.237 0.51 0.437 0.393 0.511 0.342 0.486 0.312 0.473 0.288
2536 0.454 0.307 0.722 0.468 0.969 0.39 0.745 0.81 0.416 0.289 0.259 0.441 0.429 0.359 0.504 0.326 0.469 0.28 0.448 0.288
2537 0.461 0.316 0.665 0.448 0.929 0.383 0.753 0.848 0.4 0.268 0.303 0.408 0.387 0.359 0.519 0.324 0.554 0.292 0.475 0.311
2538 0.413 0.424 0.599 0.41 0.887 0.364 0.761 0.868 0.329 0.303 0.331 0.393 0.345 0.335 0.554 0.345 0.546 0.258 0.53 0.206
2539 0.376 0.408 0.573 0.367 0.845 0.352 0.774 0.846 0.273 0.356 0.331 0.389 0.366 0.382 0.546 0.263 0.522 0.179 0.463 0.173
2540 0.389 0.398 0.538 0.314 0.819 0.346 0.809 0.814 0.353 0.367 0.326 0.427 0.382 0.363 0.457 0.229 0.44 0.18 0.392 0.174
2541 0.39 0.352 0.472 0.264 0.785 0.325 0.787 0.79 0.345 0.344 0.398 0.422 0.358 0.258 0.371 0.23 0.36 0.21 0.359 0.107
2542 0.355 0.307 0.41 0.233 0.758 0.311 0.766 0.76 0.302 0.294 0.424 0.378 0.321 0.178 0.347 0.137 0.295 0.151 0.406 0.052
2543 0.321 0.243 0.39 0.191 0.726 0.3 0.732 0.747 0.292 0.307 0.416 0.322 0.252 0.193 0.41 0.082 0.334 0.075 0.485 0.043
2544 0.347 0.187 0.414 0.135 0.693 0.298 0.705 0.741 0.268 0.322 0.384 0.29 0.223 0.225 0.501 0.076 0.409 0.051 0.546 0.06
2545 0.379 0.176 0.434 0.103 0.671 0.294 0.673 0.78 0.228 0.35 0.374 0.234 0.233 0.247 0.576 0.093 0.472 0.06 0.586 0.075
2546 0.39 0.198 0.449 0.064 0.639 0.293 0.652 0.788 0.244 0.391 0.429 0.208 0.225 0.329 0.623 0.094 0.514 0.067 0.599 0.079
2547 0.429 0.224 0.475 0.032 0.61 0.262 0.623 0.799 0.267 0.424 0.448 0.257 0.215 0.348 0.685 0.103 0.596 0.053 0.615 0.107
2548 0.432 0.271 0.513 0.036 0.575 0.245 0.591 0.81 0.3 0.479 0.459 0.292 0.263 0.413 0.655 0.153 0.639 0.069 0.61 0.103
2549 0.419 0.331 0.555 0.042 0.548 0.217 0.557 0.771 0.302 0.518 0.493 0.335 0.284 0.458 0.564 0.144 0.629 0.105 0.581 0.105
2550 0.4 0.365 0.571 0.085 0.522 0.201 0.501 0.756 0.281 0.533 0.536 0.376 0.303 0.488 0.603 0.118 0.626 0.048 0.557 0.092
2551 0.376 0.416 0.589 0.065 0.488 0.202 0.472 0.741 0.254 0.56 0.573 0.406 0.29 0.494 0.576 0.087 0.654 0.035 0.57 0.073
2552 0.374 0.473 0.622 0.041 0.459 0.217 0.469 0.685 0.252 0.623 0.62 0.41 0.243 0.485 0.629 0.065 0.689 0.062 0.551 0.058
2553 0.398 0.522 0.689 0.034 0.431 0.248 0.456 0.646 0.282 0.669 0.66 0.391 0.237 0.563 0.684 0.084 0.764 0.066 0.501 0.049
2554 0.405 0.577 0.766 0.038 0.403 0.249 0.448 0.614 0.328 0.699 0.695 0.356 0.232 0.619 0.752 0.087 0.819 0.06 0.472 0.028
2555 0.396 0.615 0.819 0.035 0.368 0.256 0.427 0.603 0.388 0.702 0.734 0.311 0.241 0.681 0.828 0.098 0.873 0.067 0.458 0.038
2556 0.374 0.599 0.881 0.021 0.337 0.249 0.448 0.684 0.352 0.675 0.758 0.275 0.249 0.732 0.889 0.102 0.937 0.07 0.435 0.054
2557 0.329 0.612 0.936 0.036 0.337 0.262 0.455 0.72 0.302 0.714 0.81 0.256 0.292 0.707 0.904 0.138 0.986 0.069 0.432 0.061
2558 0.305 0.638 0.995 0.036 0.326 0.23 0.478 0.758 0.332 0.707 0.83 0.247 0.277 0.726 0.815 0.118 0.969 0.083 0.435 0.073
2559 0.323 0.666 1.046 0.055 0.35 0.245 0.508 0.777 0.379 0.771 0.803 0.182 0.244 0.697 0.701 0.102 0.988 0.157 0.453 0.084
2560 0.353 0.668 1.066 0.096 0.358 0.219 0.556 0.776 0.457 0.829 0.752 0.151 0.222 0.659 0.578 0.101 1.046 0.187 0.457 0.121
2561 0.384 0.668 1.107 0.127 0.374 0.221 0.598 0.836 0.543 0.896 0.703 0.12 0.223 0.561 0.485 0.118 1.11 0.153 0.432 0.135
2562 0.414 0.655 1.121 0.074 0.358 0.241 0.64 0.934 0.609 0.971 0.644 0.12 0.206 0.513 0.437 0.125 1.143 0.128 0.42 0.137
2563 0.443 0.619 1.114 0.025 0.329 0.26 0.693 0.988 0.681 1.052 0.598 0.104 0.162 0.489 0.414 0.147 1.156 0.087 0.394 0.129
2564 0.469 0.586 1.027 0.041 0.323 0.281 0.765 1.006 0.806 1.049 0.52 0.099 0.128 0.475 0.414 0.17 1.122 0.059 0.329 0.172
2565 0.485 0.563 0.956 0.053 0.345 0.292 0.819 0.994 0.894 0.988 0.474 0.101 0.108 0.442 0.429 0.18 1.066 0.066 0.329 0.215
2566 0.514 0.548 0.863 0.055 0.345 0.309 0.872 0.949 0.92 0.878 0.443 0.131 0.108 0.401 0.435 0.193 1.014 0.079 0.302 0.249
2567 0.557 0.552 0.759 0.064 0.305 0.281 0.88 0.926 0.992 0.863 0.397 0.145 0.122 0.359 0.442 0.214 0.946 0.079 0.305 0.268
2568 0.583 0.601 0.859 0.077 0.27 0.301 0.936 0.906 1.043 0.857 0.662 0.065 0.136 0.327 0.437 0.225 0.862 0.079 0.363 0.167
