time X0 Y0 X1 Y1 X2 Y2 X3 Y3 X4 Y4 X5 Y5 X6 Y6 X7 Y7 X8 Y8 X9 Y9
2421 0.928 0.902 0.347 0.891 1.045 0.765 0.806 1.007 0.257 0.352 0.186 0.501 0.888 0.956 0.347 0.886 0.498 0.075 0.527 1.18
2422 0.864 0.951 0.412 0.937 1.023 0.842 0.531 1.161 0.231 0.348 0.233 0.54 0.848 0.988 0.172 0.715 0.546 0.075 0.435 1.181
2423 0.888 0.977 0.46 0.951 0.981 0.898 0.451 1.175 0.249 0.326 0.293 0.571 0.83 0.977 0.191 0.741 0.573 0.084 0.387 1.189
2424 0.864 1.012 0.519 0.971 0.957 0.981 0.388 1.176 0.217 0.305 0.33 0.556 0.827 0.923 0.199 0.782 0.607 0.105 0.337 1.168
2425 0.891 1.016 0.559 0.941 0.886 0.951 0.306 1.186 0.191 0.326 0.39 0.554 0.783 0.903 0.138 0.81 0.628 0.107 0.253 1.171
2426 0.925 1.016 0.626 0.971 0.848 0.966 0.275 1.179 0.17 0.342 0.419 0.561 0.709 0.916 0.119 0.84 0.65 0.101 0.168 1.183
2427 0.955 0.994 0.666 0.983 0.819 1.014 0.186 1.166 0.167 0.375 0.455 0.609 0.628 0.908 0.111 0.846 0.636 0.102 0.089 1.181
2428 0.933 0.975 0.716 0.984 0.817 1.057 0.124 1.15 0.185 0.402 0.471 0.666 0.586 0.87 0.085 0.861 0.654 0.103 0.059 1.196
2429 0.894 0.962 0.782 0.987 0.76 1.063 0.074 1.165 0.208 0.421 0.511 0.719 0.586 0.835 0.063 0.872 0.655 0.09 0.044 1.163
