time X0 Y0 X1 Y1 X2 Y2 X3 Y3 X4 Y4 X5 Y5 X6 Y6 X7 Y7 X8 Y8 X9 Y9
2267 0.068 0.52 0.148 0.909 0.243 0.149 0.976 0.999 0.045 0.586 0.97 0.981 0.217 0.234 0.093 0.911 1.002 0.981 0.94 0.9355
2268 0.082 0.46 0.208 0.897 0.254 0.213 0.934 1.045 0.026 0.556 0.968 0.979 0.196 0.292 0.111 0.913 0.992 0.932 0.931 0.96
2269 0.089 0.4 0.252 0.868 0.273 0.279 0.889 1.064 0.034 0.505 0.901 0.99 0.199 0.331 0.154 0.904 0.973 0.923 0.867 1.005
2270 0.116 0.336 0.307 0.839 0.244 0.303 0.838 1.05 0.044 0.492 0.84 0.986 0.244 0.363 0.16 0.882 0.952 0.891 0.766 0.96
2271 0.143 0.286 0.339 0.777 0.241 0.361 0.792 1.038 0.042 0.454 0.797 0.963 0.193 0.378 0.137 0.857 0.894 0.883 0.734 0.908
2272 0.183 0.225 0.347 0.732 0.249 0.337 0.75 1.007 0.041 0.429 0.73 0.915 0.221 0.434 0.095 0.856 0.899 0.848 0.658 0.848
2273 0.228 0.183 0.369 0.704 0.223 0.286 0.731 0.992 0.045 0.406 0.662 0.865 0.303 0.408 0.072 0.834 0.878 0.827 0.562 0.81
2274 0.247 0.147 0.408 0.698 0.212 0.243 0.689 0.939 0.063 0.382 0.583 0.812 0.315 0.333 0.076 0.79 0.894 0.808 0.477 0.756
2275 0.203 0.101 0.473 0.715 0.071 0.344 0.994 0.923 0.092 0.727 0.638 0.905 0.215 0.23 0.403 0.743 0.941 0.808 0.503 0.778
