time X0 Y0 X1 Y1 X2 Y2 X3 Y3 X4 Y4 X5 Y5 X6 Y6 X7 Y7 X8 Y8 X9 Y9
1735 0.082 1.03 0.189 0.813 0.23225 0.69075 0.172 1.055 0.182 0.65 0.545625 0.955375 0.259 0.775 0.224 1.134 0.841 0.875 0.272 0.313
1736 0.142 1.15 0.211 1.006 0.298 0.908 0.285 1.039 0.215 0.827 0.43 0.986 0.267 0.992 0.31 1.097 0.811 0.811 0.285 0.277
1737 0.255 1.149 0.288 1.097 0.425 0.945 0.386 0.961 0.38 0.91 0.438 0.953 0.396 0.95 0.429 1.019 0.737 0.813 0.322 0.292
1738 0.313 1.15 0.488 1.027 0.595 0.888 0.438 0.935 0.534 0.872 0.618 0.939 0.525 0.909 0.568 0.976 0.648 0.838 0.351 0.292
1739 0.495 1.11 0.685 0.983 0.725 0.901 0.542 0.926 0.667 0.849 0.763 0.921 0.665 0.883 0.7 0.96 0.719 0.856 0.353 0.282
1740 0.648 1.102 0.835 0.958 0.829 0.887 0.647 0.924 0.802 0.851 0.875 0.92 0.789 0.881 0.859 0.945 0.842 0.872 0.353 0.256
1741 0.774 1.077 0.903 0.951 0.938 0.9 0.775 0.941 0.891 0.851 0.932 0.924 0.895 0.881 0.917 0.923 0.917 0.878 0.286 0.243
1742 0.86 1.013 0.932 0.94 0.981 0.884 0.864 0.921 0.919 0.846 0.966 0.957 0.937 0.872 0.945 0.907 0.953 0.862 0.272 0.266
1743 0.895 0.929 0.926 0.9 1.03 0.816 0.884 0.884 0.924 0.886 0.939 0.914 0.955 0.87 0.934 0.886 0.992 0.834 0.293 0.285
