time X0 Y0 X1 Y1 X2 Y2 X3 Y3 X4 Y4 X5 Y5 X6 Y6 X7 Y7 X8 Y8 X9 Y9
157 0.389 1.023 0.919 0.7132499999999999 0.763 0.846 0.936 0.66 0.828 0.735 0.68 0.85 0.802 0.832 0.513 0.918 0.668 0.796 0.401 1.065
158 0.509 0.95 0.806 0.835 0.592 0.891 0.877 0.734 0.716 0.897 0.567 0.953 0.597 0.884 0.514 0.91 0.536 0.858 0.529 1.018
159 0.547 0.933 0.78 0.925 0.666 0.916 0.853 0.822 0.748 0.929 0.717 0.962 0.741 0.912 0.594 0.927 0.682 0.881 0.712 0.974
160 0.661 0.968 0.89 0.879 0.765 0.913 0.916 0.87 0.874 0.924 0.835 0.98 0.871 0.893 0.727 0.937 0.861 0.903 0.792 1.002
161 0.793 0.973 0.934 0.87 0.884 0.888 0.95 0.881 0.934 0.926 0.913 0.943 0.921 0.874 0.866 0.898 0.947 0.903 0.882 0.938
162 0.882 0.917 0.913 0.865 0.898 0.9 0.924 0.905 0.968 0.929 0.905 0.919 0.919 0.9 0.864 0.891 0.945 0.912 0.895 0.943
163 0.89 0.907 0.871 0.874 0.892 0.895 0.924 0.898 0.924 0.952 0.9 0.938 0.908 0.914 0.877 0.886 0.96 0.903 0.874 0.954
164 0.926 0.929 0.887 0.907 0.955 0.877 0.958 0.898 0.915 1.004 0.908 0.936 0.96 0.921 0.879 0.931 0.984 0.879 0.89 0.94
165 0.934 0.947 0.848 0.907 0.924 0.818 0.976 0.907 0.916 0.957 0.921 0.924 0.942 0.952 0.887 0.945 0.929 0.841 0.913 0.94
166 0.955 0.94 0.866 0.893 0.85 0.872 0.955 0.929 0.932 0.95 0.892 0.91 0.95 0.954 0.887 0.924 0.95 0.912 0.916 0.931
167 0.955 0.94 0.858 0.912 0.89 0.881 0.968 0.895 0.905 0.945 0.877 0.9 0.932 0.943 0.85 0.936 0.921 0.903 0.89 0.929
168 0.921 0.921 0.856 0.917 0.908 0.886 0.929 0.907 0.898 0.905 0.892 0.907 0.903 0.929 0.85 0.929 0.905 0.893 0.884 0.914
169 0.937 0.936 0.853 0.898 0.937 0.898 0.945 0.91 0.911 0.907 0.877 0.921 0.898 0.952 0.869 0.91 0.895 0.888 0.887 0.938
170 0.95 0.952 0.866 0.895 0.937 0.844 0.924 0.9 0.913 0.881 0.903 0.881 0.884 0.94 0.898 0.86 0.934 0.844 0.864 0.929
171 0.932 0.957 0.864 0.936 0.955 0.891 0.919 0.954 0.911 0.933 0.903 0.903 0.908 0.945 0.817 0.621 0.95 0.867 0.856 0.94
172 0.958 0.907 0.877 0.943 0.966 0.9 0.913 0.936 0.929 0.914 0.861 0.792 0.887 0.95 0.584 0.669 0.95 0.9 0.803 0.81
173 0.934 0.907 0.877 0.851 0.987 0.877 0.924 0.926 0.877 0.834 0.695 0.72 0.9 0.9 0.441 0.539 0.929 0.893 0.564 0.635
174 0.911 0.881 0.733 0.771 0.924 0.865 0.921 0.893 0.707 0.659 0.541 0.554 0.823 0.781 0.407 0.394 0.895 0.865 0.467 0.402
175 0.866 0.832 0.622 0.556 0.881 0.841 0.892 0.875 0.502 0.445 0.406 0.371 0.714 0.641 0.306 0.301 0.784 0.764 0.33 0.306
176 0.729 0.693 0.461 0.411 0.821 0.742 0.87 0.859 0.369 0.311 0.295 0.264 0.572 0.513 0.285 0.24 0.673 0.629 0.311 0.179
177 0.638 0.573 0.353 0.341 0.716 0.65 0.822 0.806 0.31 0.277 0.306 0.28 0.434 0.362 0.296 0.252 0.614 0.571 0.322 0.247
178 0.5 0.422 0.317 0.32 0.621 0.541 0.763 0.711 0.301 0.311 0.243 0.315 0.345 0.299 0.262 0.287 0.465 0.433 0.322 0.259
179 0.361 0.337 0.321 0.394 0.477 0.417 0.669 0.594 0.306 0.341 0.304 0.375 0.364 0.271 0.285 0.28 0.331 0.421 0.309 0.289
180 0.366 0.322 0.353 0.367 0.361 0.337 0.552 0.487 0.267 0.322 0.301 0.376 0.356 0.28 0.311 0.289 0.343 0.415 0.322 0.261
181 0.327 0.28 0.366 0.339 0.33 0.282 0.421 0.393 0.29 0.297 0.327 0.311 0.343 0.254 0.311 0.249 0.351 0.363 0.338 0.247
182 0.306 0.268 0.366 0.289 0.343 0.256 0.371 0.397 0.254 0.235 0.319 0.273 0.351 0.245 0.309 0.238 0.361 0.318 0.327 0.212
183 0.246 0.247 0.301 0.273 0.304 0.235 0.28 0.294 0.23 0.219 0.241 0.264 0.335 0.221 0.298 0.209 0.275 0.294 0.301 0.205
184 0.243 0.221 0.288 0.245 0.256 0.238 0.304 0.322 0.212 0.23 0.238 0.24 0.272 0.219 0.249 0.219 0.238 0.289 0.267 0.205
185 0.167 0.24 0.267 0.273 0.241 0.261 0.256 0.299 0.157 0.25 0.241 0.28 0.283 0.23 0.23 0.238 0.212 0.282 0.222 0.212
186 0.156 0.224 0.251 0.308 0.217 0.301 0.246 0.355 0.094 0.254 0.23 0.318 0.215 0.259 0.159 0.27 0.156 0.323 0.191 0.179
187 0.094 0.289 0.217 0.287 0.178 0.256 0.178 0.348 0.089 0.295 0.186 0.268 0.175 0.24 0.086 0.334 0.094 0.353 0.109 0.194
188 0.095 0.284 0.207 0.299 0.161 0.253 0.087 0.356 0.056 0.286 0.155 0.264 0.209 0.195 0.053 0.347 0.084 0.353 0.079 0.238
189 0.111 0.271 0.296 0.259 0.181 0.322 0.134 0.394 0.112 0.294 0.134 0.326 0.359 0.238 0.072 0.37 0.135 0.351 0.079 0.238
190 0.194 0.271 0.366 0.278 0.319 0.341 0.243 0.365 0.246 0.294 0.249 0.32 0.402 0.313 0.161 0.385 0.249 0.348 0.049 0.31
191 0.22 0.294 0.343 0.376 0.355 0.407 0.243 0.346 0.306 0.322 0.29 0.339 0.398 0.353 0.204 0.315 0.311 0.344 0.059 0.411
192 0.251 0.341 0.338 0.344 0.361 0.365 0.188 0.444 0.298 0.33 0.231 0.426 0.359 0.358 0.173 0.403 0.296 0.367 0.038 0.511
193 0.23 0.376 0.324 0.334 0.275 0.446 0.071 0.589 0.241 0.318 0.133 0.552 0.332 0.411 0.115 0.518 0.219 0.496 0.056 0.573
194 0.172 0.553 0.255 0.401 0.245 0.578 0.137 0.704 0.159 0.389 0.175 0.737 0.263 0.512 0.174 0.694 0.192 0.636 0.055 0.665
195 0.165 0.713 0.252 0.549 0.186 0.708 0.129 0.836 0.162 0.548 0.275 0.858 0.202 0.655 0.214 0.851 0.246 0.781 0.121 0.771
196 0.128 0.835 0.256 0.714 0.35 0.844 0.089 0.934 0.17 0.673 0.34 0.885 0.288 0.783 0.223 0.889 0.456 0.834 0.172 0.877
197 0.233 0.935 0.397 0.793 0.52 0.828 0.234 0.97 0.316 0.75 0.547 0.872 0.393 0.86 0.4 0.871 0.646 0.871 0.314 0.874
198 0.392 0.969 0.57 0.846 0.739 0.88 0.51 0.98 0.457 0.797 0.742 0.918 0.709 0.863 0.641 0.933 0.789 0.91 0.475 0.879
199 0.552 1.017 0.744 0.883 0.916 0.884 0.738 1.01 0.627 0.836 0.858 0.931 0.837 0.9 0.837 0.945 0.911 0.91 0.618 0.912
200 0.706 1.024 0.85 0.898 0.981 0.917 0.879 0.938 0.794 0.895 0.96 0.929 0.934 0.879 0.924 0.94 1.0 0.952 0.726 0.935
201 0.788 0.929 0.96 0.865 1.036 0.917 0.95 0.91 0.924 0.919 1.032 0.919 1.018 0.881 1.013 0.954 1.105 0.937 0.905 0.921
202 0.947 0.87 1.053 0.824 1.105 0.856 1.01 0.858 1.027 0.916 1.068 0.853 1.074 0.836 1.115 0.941 1.116 0.88 0.958 0.855
203 0.984 0.848 1.111 0.725 1.162 0.732 1.104 0.823 0.987 0.91 1.11 0.795 1.123 0.754 1.1 0.893 1.131 0.83 1.01 0.787
204 0.994 0.698 1.03 0.589 1.06 0.585 1.053 0.773 1.013 0.839 1.047 0.691 1.032 0.671 1.118 0.836 1.09 0.712 1.005 0.635
205 0.923 0.58 0.892 0.443 0.962 0.402 1.016 0.652 0.971 0.725 1.02 0.506 1.0 0.509 1.109 0.662 1.045 0.543 0.918 0.491
206 0.878 0.463 0.748 0.394 0.856 0.384 0.95 0.529 0.95 0.563 0.931 0.399 0.862 0.412 1.024 0.456 0.975 0.422 0.821 0.393
207 0.788 0.462 0.735 0.415 0.81 0.366 0.816 0.471 0.823 0.479 0.839 0.343 0.8 0.408 0.859 0.464 0.829 0.434 0.75 0.456
208 0.704 0.535 0.619 0.412 0.683 0.391 0.768 0.512 0.757 0.542 0.829 0.402 0.721 0.451 0.793 0.477 0.717 0.476 0.708 0.482
209 0.668 0.65 0.631 0.418 0.662 0.458 0.706 0.589 0.675 0.63 0.701 0.482 0.639 0.545 0.75 0.542 0.691 0.583 0.617 0.578
210 0.546 0.702 0.626 0.54 0.66 0.535 0.798 0.671 0.602 0.699 0.75 0.568 0.566 0.674 0.789 0.625 0.78 0.633 0.534 0.704
211 0.463 0.724 0.574 0.636 0.752 0.633 0.897 0.584 0.492 0.738 0.885 0.541 0.474 0.626 0.916 0.529 0.851 0.594 0.416 0.614
212 0.385 0.602 0.56 0.48 0.795 0.454 0.899 0.474 0.49 0.598 0.786 0.414 0.451 0.548 0.948 0.442 0.871 0.51 0.374 0.523
213 0.357 0.488 0.519 0.476 0.647 0.498 0.76 0.411 0.47 0.505 0.546 0.426 0.497 0.453 0.813 0.376 0.722 0.403 0.415 0.439
214 0.356 0.355 0.406 0.414 0.477 0.377 0.6 0.331 0.353 0.377 0.41 0.333 0.393 0.337 0.639 0.306 0.528 0.351 0.361 0.348
215 0.29 0.242 0.343 0.37 0.351 0.238 0.429 0.239 0.317 0.306 0.343 0.245 0.332 0.266 0.473 0.246 0.419 0.282 0.309 0.247
216 0.23 0.261 0.288 0.287 0.296 0.212 0.319 0.212 0.249 0.289 0.267 0.202 0.27 0.214 0.364 0.259 0.293 0.245 0.249 0.223
217 0.188 0.252 0.256 0.238 0.288 0.2 0.314 0.179 0.228 0.311 0.272 0.169 0.233 0.214 0.285 0.221 0.264 0.238 0.225 0.205
218 0.094 0.318 0.209 0.261 0.272 0.212 0.277 0.205 0.143 0.3 0.251 0.219 0.167 0.253 0.264 0.216 0.215 0.223 0.186 0.186
219 0.11 0.354 0.145 0.362 0.238 0.245 0.254 0.238 0.099 0.3 0.186 0.299 0.105 0.289 0.204 0.242 0.107 0.251 0.175 0.195
220 0.083 0.346 0.225 0.413 0.254 0.315 0.256 0.299 0.115 0.296 0.233 0.374 0.186 0.325 0.22 0.32 0.154 0.297 0.209 0.299
221 0.135 0.394 0.218 0.394 0.314 0.327 0.296 0.322 0.123 0.328 0.309 0.353 0.27 0.341 0.28 0.327 0.246 0.306 0.254 0.299
222 0.217 0.384 0.251 0.311 0.348 0.341 0.322 0.334 0.199 0.275 0.309 0.36 0.301 0.334 0.283 0.294 0.251 0.294 0.304 0.266
223 0.241 0.337 0.241 0.315 0.314 0.304 0.306 0.266 0.238 0.249 0.293 0.327 0.29 0.271 0.267 0.264 0.249 0.235 0.285 0.266
224 0.251 0.294 0.225 0.273 0.298 0.308 0.304 0.247 0.228 0.24 0.283 0.304 0.264 0.285 0.254 0.266 0.264 0.223 0.259 0.252
225 0.238 0.292 0.217 0.242 0.311 0.287 0.29 0.228 0.207 0.221 0.243 0.282 0.243 0.264 0.222 0.256 0.27 0.205 0.249 0.256
226 0.188 0.301 0.222 0.238 0.285 0.36 0.249 0.247 0.22 0.205 0.249 0.285 0.212 0.275 0.175 0.256 0.246 0.207 0.243 0.254
227 0.22 0.287 0.199 0.197 0.296 0.325 0.283 0.254 0.149 0.091 0.249 0.313 0.236 0.289 0.225 0.266 0.249 0.214 0.311 0.287
228 0.246 0.23 0.2 0.137 0.272 0.289 0.296 0.238 0.046 0.039 0.267 0.275 0.272 0.223 0.222 0.207 0.246 0.195 0.322 0.226
229 0.146 0.197 0.143 0.136 0.249 0.247 0.222 0.221 0.033 0.126 0.199 0.235 0.209 0.176 0.121 0.181 0.22 0.157 0.249 0.179
230 0.113 0.187 0.076 0.186 0.183 0.259 0.162 0.259 0.044 0.231 0.144 0.245 0.217 0.219 0.056 0.223 0.16 0.164 0.23 0.195
231 0.162 0.207 0.135 0.246 0.159 0.316 0.127 0.361 0.073 0.346 0.136 0.312 0.204 0.249 0.082 0.273 0.178 0.23 0.22 0.221
232 0.194 0.188 0.183 0.266 0.228 0.311 0.244 0.419 0.132 0.311 0.191 0.381 0.249 0.325 0.113 0.273 0.204 0.278 0.209 0.221
233 0.178 0.275 0.183 0.301 0.238 0.351 0.229 0.383 0.191 0.339 0.167 0.374 0.311 0.337 0.164 0.316 0.225 0.294 0.215 0.261
234 0.217 0.278 0.222 0.282 0.23 0.313 0.202 0.418 0.199 0.33 0.106 0.421 0.288 0.322 0.126 0.326 0.243 0.304 0.212 0.264
235 0.191 0.223 0.207 0.23 0.212 0.273 0.16 0.358 0.188 0.327 0.124 0.339 0.27 0.285 0.15 0.261 0.256 0.308 0.154 0.203
236 0.188 0.219 0.222 0.24 0.217 0.259 0.186 0.282 0.207 0.294 0.108 0.265 0.249 0.285 0.147 0.199 0.236 0.33 0.099 0.156
237 0.113 0.233 0.215 0.219 0.201 0.275 0.12 0.261 0.151 0.307 0.094 0.245 0.238 0.33 0.112 0.149 0.199 0.344 0.091 0.14
238 0.055 0.197 0.186 0.254 0.164 0.283 0.047 0.384 0.053 0.395 0.042 0.335 0.176 0.394 0.124 0.164 0.087 0.405 0.088 0.133
239 0.028 0.256 0.167 0.328 0.146 0.358 0.076 0.548 0.068 0.562 0.054 0.463 0.113 0.427 0.09 0.135 0.104 0.593 0.117 0.102
240 0.061 0.404 0.16 0.439 0.136 0.49 0.16 0.621 0.101 0.771 0.09 0.618 0.117 0.562 0.067 0.179 0.123 0.776 0.087 0.146
241 0.091 0.577 0.166 0.574 0.199 0.625 0.234 0.76 0.109 0.934 0.11 0.785 0.154 0.726 0.164 0.464 0.126 0.944 0.1 0.135
242 0.112 0.753 0.135 0.703 0.199 0.76 0.166 0.983 0.117 1.084 0.104 0.959 0.173 0.873 0.133 0.662 0.157 1.089 0.123 0.328
243 0.114 0.962 0.122 0.889 0.161 0.903 0.223 1.12 0.195 1.118 0.132 1.102 0.189 1.01 0.103 0.863 0.211 1.151 0.113 0.63
244 0.137 1.043 0.171 1.009 0.208 1.042 0.3 1.056 0.235 1.069 0.184 1.065 0.217 1.061 0.129 1.018 0.251 1.108 0.123 0.88
245 0.24 1.008 0.228 0.976 0.259 0.982 0.316 1.032 0.291 1.029 0.261 1.053 0.292 0.999 0.173 0.997 0.311 1.069 0.28 0.953
246 0.296 0.959 0.295 0.934 0.308 0.927 0.439 0.945 0.402 0.969 0.405 1.021 0.375 0.914 0.222 0.966 0.398 1.053 0.371 0.856
247 0.393 0.934 0.345 0.929 0.443 0.947 0.576 0.853 0.521 0.939 0.52 0.95 0.522 0.849 0.28 0.946 0.523 0.995 0.554 0.831
248 0.538 0.92 0.483 0.902 0.66 0.952 0.735 0.865 0.763 0.902 0.74 0.944 0.63 0.791 0.358 0.92 0.685 0.989 0.666 0.845
249 0.685 0.909 0.667 0.878 0.803 0.959 0.84 0.862 0.913 0.938 0.887 0.931 0.688 0.745 0.499 0.904 0.871 0.978 0.776 0.843
250 0.832 0.924 0.804 0.878 0.864 0.931 0.903 0.846 0.939 0.832 0.911 0.858 0.736 0.808 0.638 0.905 0.905 0.94 0.908 0.818
251 0.853 0.886 0.884 0.867 0.882 0.905 0.903 0.827 0.95 0.829 0.919 0.86 0.85 0.787 0.798 0.921 0.916 0.907 0.874 0.804
252 0.848 0.86 0.884 0.884 0.916 0.895 0.916 0.851 0.941 0.768 0.968 0.895 0.85 0.775 0.866 0.912 0.947 0.919 0.845 0.839
253 0.824 0.86 0.882 0.874 0.926 0.905 0.926 0.867 0.877 0.764 0.96 0.872 0.874 0.808 0.887 0.895 0.916 0.924 0.748 0.867
254 0.845 0.862 0.882 0.895 0.9 0.893 0.884 0.851 0.939 0.796 0.953 0.851 0.861 0.827 0.83 0.929 0.882 0.924 0.809 0.978
255 0.874 0.888 0.848 0.926 0.887 0.9 0.89 0.853 0.913 0.848 0.916 0.895 0.864 0.801 0.785 0.912 0.866 0.954 0.871 0.973
256 0.89 0.877 0.85 0.893 0.879 0.891 0.911 0.87 0.916 0.86 0.916 0.917 0.887 0.862 0.845 0.907 0.874 0.926 0.882 0.938
257 0.89 0.846 0.871 0.881 0.903 0.912 0.942 0.895 0.942 0.848 0.947 0.917 0.845 0.799 0.827 0.926 0.934 0.924 0.913 0.94
258 0.948 0.78 0.919 0.832 0.921 0.86 0.96 0.86 0.958 0.822 0.976 0.867 0.903 0.789 0.898 0.898 0.963 0.936 0.937 0.947
259 0.89 0.801 0.916 0.832 0.932 0.846 0.966 0.86 1.03 0.82 1.013 0.841 0.884 0.801 0.947 0.877 0.992 0.891 0.984 0.929
260 0.979 0.786 0.913 0.855 0.924 0.862 0.979 0.872 1.083 0.801 1.067 0.892 0.871 0.851 0.921 0.874 0.976 0.891 1.018 0.966
261 0.973 0.71 0.9 0.82 0.895 0.874 0.997 0.767 1.07 0.779 1.049 0.904 0.892 0.837 0.884 0.893 0.966 0.851 0.979 0.903
262 0.929 0.67 0.944 0.761 0.958 0.832 1.005 0.725 1.049 0.729 1.036 0.799 0.953 0.811 0.942 0.855 0.968 0.818 1.0 0.891
263 0.998 0.655 1.011 0.772 0.973 0.822 1.019 0.666 1.04 0.669 1.069 0.775 0.947 0.804 0.939 0.834 0.99 0.785 0.987 0.829
264 0.988 0.736 1.01 0.75 0.981 0.808 1.037 0.689 1.058 0.683 1.055 0.812 0.919 0.811 0.947 0.846 0.979 0.781 1.028 0.801
265 0.947 0.734 1.052 0.751 0.984 0.893 1.015 0.731 1.096 0.692 1.105 0.827 0.916 0.862 0.942 0.877 0.981 0.788 0.992 0.829
266 0.971 0.82 1.086 0.807 1.034 0.877 1.009 0.734 1.112 0.805 1.094 0.823 0.966 0.862 0.955 0.907 0.984 0.832 1.074 0.88
267 0.979 0.853 1.056 0.833 1.028 0.855 0.994 0.784 1.081 0.866 1.065 0.863 0.96 0.888 0.937 0.898 0.992 0.891 1.033 0.92
268 0.963 0.874 1.021 0.891 0.976 0.855 0.95 0.848 1.098 0.856 1.028 0.922 0.984 0.914 0.958 0.903 1.023 0.945 1.007 0.976
269 0.945 0.94 1.007 0.888 0.971 0.865 0.953 0.921 1.028 0.908 0.966 0.924 0.953 0.936 0.916 0.964 0.987 0.945 0.95 0.966
270 0.919 0.936 0.973 0.895 0.966 0.877 0.913 0.898 1.028 0.851 0.953 0.931 0.934 0.931 0.898 0.962 0.976 0.924 0.945 0.95
271 0.898 0.933 0.987 0.898 0.95 0.881 0.903 0.905 0.963 0.862 0.929 0.907 0.911 0.9 0.898 0.945 0.932 0.905 0.919 0.943
272 0.884 0.926 0.979 0.893 0.958 0.879 0.895 0.903 0.968 0.862 0.903 0.886 0.9 0.855 0.908 0.945 0.924 0.879 0.968 0.959
273 0.877 0.929 0.992 0.917 0.963 0.919 0.929 0.929 0.947 0.865 0.898 0.893 0.898 0.86 0.911 0.962 0.924 0.865 0.955 0.94
274 0.892 0.905 1.021 0.905 1.0 0.907 0.953 0.91 0.981 0.907 0.919 0.917 0.905 0.895 0.984 0.99 0.976 0.862 1.027 0.933
275 0.853 0.95 1.021 0.9 0.981 0.938 0.905 0.971 0.963 0.952 0.882 0.943 0.887 0.921 0.945 0.966 0.95 0.943 1.021 0.917
276 0.908 0.947 0.979 0.881 0.973 0.912 0.908 0.959 1.007 0.964 0.921 0.94 0.921 0.914 0.963 0.919 0.973 0.914 0.994 0.9
277 0.877 0.938 0.958 0.844 0.95 0.855 0.929 0.954 0.945 0.94 0.911 0.886 0.903 0.865 0.929 0.867 0.987 0.874 0.992 0.834
278 0.921 0.907 0.905 0.794 0.947 0.855 0.958 0.94 0.942 0.891 0.892 0.862 0.884 0.808 0.882 0.848 0.966 0.855 0.945 0.806
279 0.856 0.929 0.879 0.837 0.911 0.867 0.966 0.898 0.916 0.884 0.882 0.87 0.853 0.808 0.866 0.877 0.968 0.839 0.908 0.853
280 0.83 0.903 0.819 0.813 0.911 0.858 0.968 0.886 0.937 0.917 0.877 0.914 0.818 0.786 0.84 0.877 0.929 0.844 0.884 0.858
281 0.843 0.877 0.809 0.839 0.877 0.86 0.932 0.886 0.916 0.893 0.911 0.945 0.871 0.794 0.814 0.853 0.882 0.837 0.84 0.829
282 0.856 0.907 0.809 0.832 0.877 0.888 0.947 0.834 0.937 0.862 0.908 0.893 0.919 0.837 0.848 0.86 0.9 0.858 0.879 0.846
283 0.877 0.886 0.83 0.825 0.908 0.914 0.947 0.858 0.976 0.874 0.934 0.886 0.919 0.775 0.898 0.867 0.942 0.853 0.916 0.855
284 0.887 0.905 0.877 0.776 0.913 0.921 0.929 0.884 0.963 0.844 0.932 0.936 0.897 0.764 0.892 0.874 0.973 0.789 0.903 0.841
285 0.887 0.886 0.906 0.768 0.879 0.914 0.905 0.884 0.932 0.86 0.937 0.912 0.911 0.752 0.903 0.862 0.936 0.719 0.898 0.855
286 0.895 0.917 0.85 0.672 0.908 0.929 0.953 0.886 0.963 0.796 0.937 0.938 0.864 0.671 0.934 0.867 0.919 0.661 0.923 0.759
287 0.913 0.877 0.878 0.696 0.963 0.877 0.984 0.855 0.966 0.841 0.984 0.893 0.886 0.626 0.934 0.862 0.912 0.599 0.934 0.827
288 0.958 0.839 0.902 0.764 0.992 0.834 1.037 0.853 0.973 0.768 1.081 0.854 0.904 0.721 0.966 0.796 0.895 0.612 0.956 0.752
289 0.945 0.853 0.908 0.832 1.002 0.839 1.038 0.828 0.988 0.775 1.122 0.822 0.945 0.783 0.973 0.818 0.995 0.671 1.024 0.713
290 0.968 0.867 0.953 0.834 1.05 0.843 1.062 0.791 1.053 0.763 1.097 0.706 0.968 0.808 1.007 0.799 1.118 0.631 1.062 0.713
291 1.0 0.858 0.989 0.818 1.047 0.819 1.1 0.782 1.011 0.782 1.123 0.739 1.002 0.78 1.027 0.806 1.14 0.64 1.051 0.716
292 0.976 0.872 0.945 0.858 0.989 0.865 1.043 0.809 0.976 0.839 1.095 0.794 0.942 0.837 1.0 0.844 1.117 0.715 0.966 0.813
293 0.9 0.91 0.787 0.962 0.939 0.907 0.973 0.818 0.955 0.858 1.053 0.834 0.908 0.874 0.953 0.879 1.042 0.775 0.929 0.822
294 0.72 0.961 0.639 0.964 0.89 0.943 0.929 0.884 0.934 0.905 0.966 0.891 0.827 0.929 0.869 0.914 0.95 0.851 0.892 0.884
295 0.69 0.803 0.676 0.857 0.874 0.924 0.869 0.884 0.892 0.907 0.953 0.912 0.7 0.802 0.764 0.906 0.919 0.877 0.832 0.888
296 0.752 0.797 0.698 0.839 0.892 0.924 0.835 0.82 0.903 0.905 0.939 0.931 0.782 0.817 0.762 0.896 0.913 0.888 0.824 0.773
297 0.78 0.837 0.737 0.802 0.85 0.907 0.803 0.836 0.85 0.881 0.911 0.893 0.798 0.847 0.8 0.879 0.934 0.858 0.79 0.805
298 0.824 0.834 0.824 0.811 0.905 0.914 0.866 0.853 0.9 0.895 0.934 0.903 0.845 0.846 0.887 0.921 0.939 0.891 0.835 0.827
299 0.853 0.855 0.898 0.851 0.919 0.877 0.919 0.851 0.921 0.867 0.95 0.917 0.892 0.891 0.908 0.924 0.971 0.898 0.911 0.851
300 0.864 0.872 0.879 0.848 0.942 0.867 0.926 0.827 0.942 0.855 0.924 0.895 0.861 0.886 0.895 0.919 0.958 0.903 0.911 0.86
301 0.911 0.86 0.819 0.801 0.934 0.867 0.916 0.834 0.942 0.853 0.929 0.893 0.869 0.891 0.905 0.891 0.968 0.903 0.932 0.86
302 0.911 0.851 0.898 0.86 0.96 0.891 0.913 0.848 0.942 0.855 0.979 0.895 0.905 0.881 0.932 0.886 0.984 0.905 0.924 0.87
303 0.939 0.86 0.879 0.898 0.942 0.898 0.921 0.848 0.979 0.848 0.981 0.86 0.892 0.907 0.926 0.907 0.937 0.914 0.905 0.891
304 0.926 0.872 0.861 0.898 0.958 0.926 0.884 0.881 0.953 0.839 0.955 0.853 0.887 0.943 0.939 0.943 0.963 0.952 0.913 0.9
305 0.908 0.881 0.9 0.87 0.958 0.898 0.892 0.858 0.913 0.851 0.939 0.895 0.882 0.945 0.934 0.947 0.955 0.921 0.929 0.891
306 0.898 0.898 0.895 0.867 0.968 0.884 0.903 0.844 0.913 0.851 0.947 0.848 0.871 0.969 0.911 0.924 0.916 0.905 0.932 0.874
307 0.869 0.881 0.905 0.865 0.976 0.877 0.874 0.844 0.908 0.837 0.934 0.837 0.832 0.917 0.9 0.895 0.895 0.886 0.939 0.865
308 0.879 0.886 0.895 0.891 0.958 0.903 0.788 0.802 0.908 0.855 0.934 0.886 0.824 0.87 0.919 0.903 0.89 0.91 0.926 0.907
309 0.848 0.818 0.864 0.881 0.945 0.917 0.77 0.672 0.892 0.844 0.924 0.851 0.809 0.749 0.924 0.893 0.905 0.898 0.924 0.895
310 0.796 0.708 0.827 0.846 0.919 0.94 0.701 0.654 0.8 0.75 0.896 0.748 0.783 0.635 0.953 0.839 0.85 0.846 0.866 0.848
311 0.696 0.67 0.764 0.756 0.895 0.867 0.641 0.653 0.678 0.673 0.817 0.66 0.697 0.597 0.895 0.829 0.858 0.799 0.866 0.851
312 0.629 0.644 0.674 0.74 0.861 0.846 0.563 0.642 0.582 0.709 0.711 0.705 0.686 0.617 0.837 0.744 0.821 0.756 0.807 0.814
313 0.538 0.632 0.614 0.69 0.783 0.808 0.503 0.649 0.538 0.704 0.665 0.701 0.599 0.651 0.795 0.757 0.735 0.764 0.714 0.785
314 0.532 0.634 0.565 0.657 0.811 0.827 0.429 0.57 0.533 0.673 0.623 0.745 0.57 0.595 0.699 0.752 0.673 0.698 0.586 0.769
315 0.571 0.524 0.586 0.582 0.676 0.749 0.546 0.482 0.524 0.559 0.566 0.659 0.572 0.486 0.619 0.663 0.672 0.585 0.587 0.755
316 0.632 0.495 0.588 0.552 0.664 0.546 0.593 0.464 0.6 0.498 0.607 0.577 0.594 0.484 0.648 0.543 0.687 0.537 0.541 0.64
317 0.684 0.461 0.57 0.525 0.71 0.53 0.64 0.413 0.573 0.49 0.667 0.57 0.644 0.45 0.658 0.509 0.696 0.485 0.546 0.545
318 0.744 0.447 0.672 0.545 0.723 0.584 0.688 0.397 0.642 0.43 0.685 0.607 0.703 0.471 0.706 0.541 0.735 0.519 0.593 0.552
319 0.799 0.527 0.719 0.55 0.823 0.571 0.728 0.435 0.657 0.426 0.82 0.597 0.749 0.471 0.753 0.537 0.839 0.563 0.699 0.59
320 0.934 0.572 0.742 0.57 0.857 0.675 0.792 0.517 0.732 0.534 0.898 0.68 0.814 0.564 0.814 0.615 0.959 0.575 0.79 0.6
321 0.992 0.669 0.822 0.689 0.879 0.848 0.842 0.576 0.841 0.609 0.916 0.846 0.916 0.649 0.875 0.704 1.026 0.612 0.879 0.641
322 1.0 0.815 0.85 0.778 0.95 0.888 0.876 0.699 0.908 0.708 0.958 0.87 0.941 0.776 0.903 0.801 1.026 0.765 0.922 0.779
323 0.976 0.825 0.89 0.806 0.919 0.858 0.905 0.789 0.983 0.705 0.95 0.855 0.943 0.775 0.916 0.855 0.977 0.747 0.913 0.806
324 0.981 0.771 0.895 0.837 0.879 0.86 0.846 0.608 0.893 0.611 0.929 0.82 0.873 0.625 0.871 0.867 0.999 0.765 0.898 0.703
325 0.945 0.621 0.887 0.841 0.864 0.844 0.925 0.33 0.98 0.314 0.846 0.711 0.889 0.439 0.879 0.865 1.0 0.634 0.875 0.571
326 0.991 0.407 0.913 0.718 0.864 0.806 0.963 0.164 1.069 0.22 0.935 0.469 1.015 0.28 0.895 0.853 1.02 0.464 0.958 0.38
327 1.117 0.23 0.983 0.461 0.912 0.66 1.074 0.116 1.154 0.14 1.057 0.266 1.122 0.198 0.921 0.799 1.066 0.294 1.058 0.255
328 1.142 0.126 1.073 0.268 0.989 0.479 1.069 0.058 1.144 0.082 1.156 0.178 1.175 0.101 0.959 0.651 1.147 0.203 1.139 0.15
329 0.993 0.081 1.0 0.105 1.039 0.287 0.974 0.064 1.141 0.039 1.085 0.134 1.172 0.063 0.991 0.472 1.138 0.171 1.061 0.09
330 0.922 0.06 0.825 0.11 0.9 0.17 0.808 0.077 1.02 0.038 0.927 0.129 1.092 0.032 0.998 0.28 1.026 0.081 0.928 0.107
331 0.653 0.092 0.617 0.146 0.702 0.164 0.59 0.111 0.855 0.041 0.761 0.145 0.976 0.025 0.85 0.22 0.846 0.088 0.79 0.126
332 0.38 0.15 0.39 0.238 0.536 0.214 0.353 0.207 0.614 0.073 0.572 0.158 0.841 0.043 0.66 0.22 0.682 0.112 0.614 0.165
333 0.275 0.228 0.288 0.275 0.356 0.264 0.259 0.252 0.389 0.132 0.372 0.209 0.688 0.052 0.473 0.256 0.526 0.164 0.422 0.244
334 0.188 0.268 0.254 0.261 0.27 0.287 0.157 0.282 0.272 0.214 0.272 0.247 0.546 0.052 0.335 0.247 0.351 0.205 0.27 0.271
335 0.159 0.273 0.204 0.294 0.178 0.33 0.144 0.242 0.188 0.209 0.241 0.245 0.414 0.037 0.256 0.214 0.283 0.207 0.188 0.325
336 0.126 0.371 0.204 0.351 0.173 0.438 0.143 0.342 0.183 0.282 0.212 0.256 0.282 0.03 0.233 0.254 0.259 0.212 0.173 0.404
337 0.151 0.437 0.171 0.425 0.173 0.469 0.117 0.379 0.251 0.351 0.217 0.254 0.17 0.023 0.272 0.318 0.241 0.216 0.197 0.459
338 0.155 0.488 0.156 0.378 0.195 0.572 0.134 0.332 0.252 0.465 0.178 0.304 0.073 0.025 0.199 0.372 0.204 0.245 0.208 0.483
339 0.22 0.515 0.115 0.366 0.275 0.546 0.098 0.231 0.299 0.442 0.158 0.316 0.027 0.083 0.256 0.337 0.345 0.32 0.245 0.407
340 0.226 0.382 0.191 0.301 0.321 0.45 0.087 0.148 0.343 0.308 0.277 0.275 0.027 0.168 0.309 0.311 0.39 0.221 0.29 0.311
341 0.275 0.292 0.246 0.278 0.332 0.351 0.142 0.157 0.335 0.216 0.264 0.209 0.028 0.233 0.324 0.287 0.306 0.179 0.272 0.247
342 0.264 0.271 0.194 0.261 0.28 0.325 0.167 0.238 0.272 0.207 0.217 0.209 0.032 0.317 0.306 0.294 0.259 0.155 0.238 0.247
343 0.241 0.28 0.162 0.369 0.215 0.32 0.117 0.35 0.236 0.245 0.194 0.261 0.03 0.395 0.259 0.299 0.199 0.205 0.201 0.301
344 0.217 0.327 0.097 0.473 0.204 0.341 0.062 0.448 0.238 0.294 0.158 0.305 0.032 0.477 0.238 0.32 0.122 0.281 0.145 0.343
345 0.166 0.426 0.084 0.578 0.088 0.496 0.066 0.553 0.217 0.325 0.059 0.434 0.039 0.554 0.213 0.407 0.081 0.383 0.083 0.459
346 0.171 0.577 0.143 0.664 0.093 0.606 0.108 0.653 0.167 0.419 0.056 0.597 0.046 0.625 0.183 0.493 0.061 0.477 0.09 0.567
347 0.194 0.724 0.143 0.797 0.187 0.708 0.122 0.786 0.123 0.59 0.04 0.703 0.078 0.747 0.192 0.598 0.074 0.583 0.102 0.652
348 0.278 0.732 0.115 0.915 0.12 0.759 0.088 0.892 0.073 0.71 0.049 0.79 0.077 0.809 0.187 0.707 0.059 0.739 0.091 0.748
349 0.197 0.848 0.119 0.976 0.134 0.715 0.176 0.888 0.149 0.666 0.056 0.824 0.071 0.861 0.181 0.711 0.083 0.686 0.12 0.744
350 0.193 0.908 0.144 0.939 0.133 0.858 0.209 0.923 0.131 0.752 0.107 0.888 0.1 0.897 0.199 0.811 0.106 0.797 0.15 0.887
351 0.159 1.055 0.135 1.049 0.205 0.919 0.191 1.032 0.166 0.843 0.129 0.945 0.093 0.987 0.262 0.819 0.093 0.859 0.197 0.937
352 0.209 1.117 0.191 1.145 0.185 1.07 0.296 1.122 0.201 0.947 0.093 1.004 0.118 1.094 0.181 0.841 0.072 0.977 0.137 1.05
353 0.339 1.152 0.288 1.153 0.305 1.131 0.481 1.103 0.261 1.058 0.12 1.116 0.227 1.153 0.158 0.976 0.091 1.053 0.293 1.117
354 0.585 1.084 0.343 1.15 0.558 1.108 0.672 1.038 0.405 1.069 0.283 1.15 0.291 1.155 0.264 1.056 0.227 1.063 0.423 1.11
355 0.812 1.02 0.492 1.149 0.739 1.084 0.816 0.962 0.603 1.005 0.27 1.141 0.485 1.128 0.412 1.029 0.339 1.042 0.607 1.093
356 0.924 0.895 0.62 1.147 0.895 0.983 0.9 0.891 0.806 0.938 0.38 1.113 0.688 1.078 0.546 1.001 0.436 1.024 0.812 1.014
357 0.96 0.834 0.746 1.083 0.939 0.919 0.932 0.832 0.934 0.879 0.566 1.081 0.811 0.938 0.693 0.941 0.61 1.024 0.9 0.9
358 1.053 0.652 0.88 1.036 0.976 0.846 0.996 0.741 0.986 0.784 0.754 1.041 0.932 0.895 0.837 0.926 0.803 0.975 0.971 0.832
359 1.115 0.428 1.003 1.046 1.02 0.771 1.082 0.54 1.056 0.644 0.948 1.006 1.032 0.791 0.947 0.914 0.913 0.924 0.986 0.697
360 1.14 0.259 1.066 1.125 1.077 0.572 1.118 0.343 1.103 0.425 1.005 0.877 1.045 0.621 1.024 0.736 0.973 0.858 1.064 0.443
361 1.162 0.144 1.125 1.151 1.083 0.392 1.097 0.16 1.082 0.25 1.057 0.739 1.03 0.402 1.049 0.526 0.981 0.767 1.051 0.204
362 1.063 0.1 1.166 1.134 1.066 0.223 1.039 0.066 1.011 0.143 1.08 0.553 1.052 0.236 1.074 0.317 1.007 0.635 1.022 0.087
363 0.94 0.171 1.173 1.07 1.03 0.191 0.947 0.126 0.889 0.157 1.09 0.335 0.934 0.199 0.865 0.249 1.064 0.479 0.895 0.134
364 0.785 0.186 1.174 1.0 0.874 0.234 0.809 0.154 0.603 0.221 0.94 0.218 0.78 0.237 0.676 0.247 1.003 0.352 0.698 0.193
365 0.62 0.162 1.179 0.93 0.666 0.233 0.642 0.125 0.377 0.249 0.754 0.187 0.589 0.241 0.488 0.25 0.837 0.314 0.443 0.209
366 0.45 0.181 1.178 0.863 0.466 0.25 0.469 0.138 0.249 0.223 0.582 0.17 0.413 0.259 0.304 0.256 0.657 0.29 0.29 0.202
367 0.309 0.2 1.178 0.804 0.34 0.252 0.332 0.172 0.256 0.271 0.44 0.179 0.317 0.247 0.256 0.289 0.488 0.252 0.28 0.252
368 0.241 0.223 1.167 0.747 0.34 0.294 0.29 0.238 0.29 0.297 0.338 0.214 0.285 0.268 0.285 0.311 0.356 0.252 0.267 0.259
369 0.254 0.278 1.181 0.694 0.283 0.297 0.288 0.216 0.277 0.306 0.314 0.228 0.285 0.275 0.265 0.376 0.348 0.275 0.225 0.315
370 0.225 0.256 1.177 0.629 0.293 0.292 0.254 0.226 0.311 0.308 0.28 0.242 0.246 0.271 0.243 0.304 0.319 0.297 0.243 0.28
371 0.246 0.261 1.179 0.566 0.296 0.249 0.296 0.2 0.28 0.294 0.311 0.228 0.277 0.226 0.238 0.287 0.317 0.289 0.267 0.282
372 0.168 0.256 1.183 0.485 0.293 0.273 0.324 0.235 0.254 0.318 0.296 0.268 0.256 0.264 0.215 0.282 0.317 0.285 0.228 0.259
373 0.228 0.28 1.182 0.423 0.298 0.252 0.377 0.273 0.243 0.32 0.317 0.252 0.267 0.268 0.264 0.268 0.322 0.306 0.243 0.252
374 0.285 0.313 1.182 0.359 0.387 0.299 0.599 0.329 0.331 0.376 0.48 0.298 0.296 0.308 0.283 0.292 0.332 0.351 0.275 0.259
375 0.29 0.313 1.185 0.282 0.524 0.39 0.694 0.359 0.438 0.354 0.626 0.338 0.348 0.322 0.34 0.299 0.409 0.286 0.283 0.285
376 0.418 0.301 1.186 0.217 0.615 0.39 0.674 0.411 0.536 0.359 0.618 0.375 0.493 0.382 0.489 0.338 0.547 0.333 0.338 0.311
377 0.332 0.259 1.185 0.158 0.541 0.428 0.879 0.274 0.488 0.363 0.503 0.387 0.444 0.396 0.387 0.308 0.434 0.316 0.262 0.238
378 0.306 0.28 1.181 0.15 0.707 0.378 1.137 0.165 0.465 0.293 0.437 0.33 0.398 0.341 0.361 0.252 0.372 0.289 0.293 0.322
379 0.301 0.235 1.177 0.129 0.874 0.332 0.977 0.223 0.566 0.26 0.421 0.232 0.379 0.299 0.345 0.247 0.34 0.311 0.262 0.242
380 0.327 0.16 0.929 0.305 0.771 0.269 0.89 0.303 0.59 0.267 0.488 0.232 0.39 0.271 0.4 0.214 0.351 0.256 0.338 0.256
