time X0 Y0 X1 Y1 X2 Y2 X3 Y3 X4 Y4 X5 Y5 X6 Y6 X7 Y7 X8 Y8 X9 Y9
2915 0.856 1.08 0.256 1.081 0.912 0.678 1.063 0.527 1.084 0.237 0.379 0.213 0.916 0.712 0.225 0.146 0.117 0.129 0.927 0.917
2916 0.843 1.107 0.274 1.059 0.914 0.706 1.051 0.502 1.075 0.211 0.335 0.236 0.748 0.735 0.179 0.112 0.1 0.084 0.85 0.775
2917 0.863 1.127 0.282 1.065 0.903 0.734 1.048 0.488 1.068 0.181 0.293 0.217 0.758 0.798 0.158 0.071 0.134 0.047 0.743 0.853
2918 0.913 1.134 0.29 1.085 0.937 0.792 1.042 0.471 1.046 0.153 0.261 0.205 0.735 0.854 0.223 0.029 0.156 0.038 0.694 0.93
2919 0.948 1.144 0.313 1.103 0.956 0.882 1.041 0.461 1.07 0.121 0.293 0.139 0.659 0.847 0.322 0.055 0.202 0.034 0.509 0.925
2920 0.994 1.134 0.351 1.095 0.951 0.943 1.064 0.454 1.092 0.098 0.374 0.156 0.599 0.805 0.433 0.072 0.233 0.056 0.397 0.962
2921 0.991 1.093 0.412 1.083 0.914 0.955 1.078 0.464 1.116 0.088 0.412 0.186 0.57 0.744 0.518 0.088 0.249 0.082 0.442 1.068
2922 0.965 1.053 0.467 1.058 0.803 0.977 1.091 0.477 1.139 0.087 0.494 0.217 0.528 0.741 0.61 0.106 0.258 0.114 0.542 1.064
2923 0.938 1.04 0.537 1.041 0.723 1.003 1.114 0.468 1.159 0.102 0.556 0.283 0.506 0.681 0.709 0.104 0.27 0.148 0.68 1.039
