time X0 Y0 X1 Y1 X2 Y2 X3 Y3 X4 Y4 X5 Y5 X6 Y6 X7 Y7 X8 Y8 X9 Y9
2779 0.187 0.108 1.005 0.207 0.509 0.305 0.476 0.287 0.972 0.757 0.429 0.208 0.958 0.773 0.216 0.13 0.574 0.741 0.442 0.247
2780 0.164 0.082 0.98 0.128 0.551 0.622 0.535 0.346 0.952 0.763 0.401 0.234 0.951 0.974 0.34 0.182 0.571 0.703 0.428 0.3
2781 0.142 0.101 1.024 0.131 0.535 0.66 0.588 0.379 0.933 0.754 0.348 0.248 0.958 1.029 0.296 0.142 0.573 0.678 0.367 0.333
2782 0.116 0.136 1.008 0.129 0.53 0.702 0.652 0.384 0.911 0.75 0.309 0.215 0.898 1.06 0.259 0.128 0.571 0.647 0.34 0.293
2783 0.1 0.183 0.827 0.176 0.527 0.741 0.713 0.357 0.886 0.743 0.269 0.198 0.849 1.079 0.213 0.149 0.574 0.62 0.309 0.243
2784 0.073 0.226 0.769 0.268 0.545 0.775 0.738 0.313 0.864 0.736 0.24 0.167 0.807 1.108 0.187 0.191 0.587 0.595 0.28 0.217
2785 0.074 0.275 0.743 0.268 0.58 0.801 0.765 0.306 0.847 0.73 0.187 0.189 0.811 1.146 0.216 0.274 0.606 0.575 0.256 0.241
2786 0.085 0.306 0.741 0.218 0.629 0.789 0.749 0.328 0.83 0.724 0.179 0.231 0.874 1.142 0.182 0.354 0.627 0.558 0.177 0.295
2787 0.12 0.326 0.757 0.155 0.653 0.76 0.69 0.411 0.784 0.73 0.179 0.283 0.926 1.117 0.222 0.465 0.642 0.544 0.138 0.314
2788 0.115 0.339 0.74 0.094 0.672 0.727 0.698 0.48 0.753 0.736 0.214 0.309 0.978 1.097 0.362 0.495 0.659 0.511 0.15 0.347
2789 0.103 0.415 0.683 0.071 0.669 0.691 0.708 0.311 0.729 0.728 0.293 0.354 1.035 1.066 0.492 0.518 0.687 0.476 0.171 0.416
2790 0.128 0.493 0.641 0.053 0.503 0.454 0.663 0.122 0.658 0.661 0.327 0.283 1.054 1.046 0.372 0.399 0.692 0.44 0.238 0.456
2791 0.121 0.544 0.573 0.063 0.618 0.648 0.605 0.071 0.687 0.708 0.393 0.39 1.054 1.048 0.434 0.381 0.705 0.407 0.266 0.503
2792 0.185 0.619 0.461 0.151 0.579 0.659 0.473 0.189 0.677 0.685 0.393 0.307 1.053 1.063 0.444 0.364 0.726 0.389 0.283 0.561
2793 0.266 0.665 0.372 0.219 0.563 0.672 0.421 0.234 0.666 0.659 0.356 0.293 1.06 1.055 0.491 0.324 0.738 0.362 0.326 0.612
2794 0.326 0.737 0.33 0.264 0.539 0.683 0.351 0.229 0.65 0.634 0.312 0.433 1.067 1.087 0.553 0.357 0.74 0.329 0.372 0.639
2795 0.397 0.791 0.322 0.364 0.51 0.726 0.288 0.281 0.62 0.617 0.357 0.627 1.106 1.084 0.609 0.442 0.743 0.309 0.452 0.65
2796 0.432 0.85 0.366 0.461 0.513 0.769 0.259 0.428 0.591 0.609 0.429 0.716 1.047 0.894 0.659 0.513 0.721 0.313 0.513 0.668
2797 0.463 0.878 0.401 0.516 0.539 0.789 0.248 0.565 0.566 0.609 0.511 0.757 0.922 0.794 0.702 0.573 0.721 0.281 0.574 0.68
2798 0.543 0.898 0.434 0.568 0.618 0.773 0.324 0.674 0.54 0.618 0.566 0.793 0.874 0.764 0.739 0.635 0.742 0.26 0.625 0.708
2799 0.617 0.88 0.471 0.605 0.715 0.771 0.434 0.745 0.519 0.629 0.613 0.777 0.809 0.708 0.781 0.708 0.763 0.248 0.694 0.747
2800 0.685 0.895 0.51 0.621 0.792 0.813 0.544 0.794 0.507 0.652 0.663 0.746 0.811 0.799 0.806 0.754 0.788 0.251 0.723 0.781
2801 0.742 0.924 0.555 0.634 0.84 0.88 0.657 0.853 0.508 0.677 0.705 0.737 0.832 0.837 0.813 0.816 0.806 0.251 0.747 0.831
2802 0.789 0.932 0.619 0.643 0.845 0.899 0.749 0.927 0.509 0.702 0.752 0.722 0.861 0.887 0.795 0.915 0.827 0.254 0.76 0.887
2803 0.826 1.01 0.66 0.641 0.834 0.977 0.762 0.928 0.515 0.725 0.783 0.714 0.832 0.939 0.805 0.991 0.85 0.25 0.775 0.818
2804 0.793 1.078 0.703 0.639 0.892 1.012 0.789 0.936 0.531 0.746 0.827 0.706 0.89 0.941 0.816 1.01 0.871 0.237 0.816 0.727
2805 0.763 1.119 0.726 0.621 0.908 1.003 0.858 0.932 0.55 0.762 0.903 0.709 0.985 0.977 0.854 1.095 0.875 0.222 0.864 0.71
2806 0.719 1.119 0.747 0.599 0.91 1.052 0.882 0.979 0.565 0.78 0.955 0.762 0.982 0.844 0.782 1.092 0.868 0.199 0.909 0.703
2807 0.667 1.104 0.795 0.618 0.874 1.029 0.9 0.972 0.581 0.794 1.015 0.755 0.974 0.849 0.713 1.079 0.849 0.179 0.946 0.701
2808 0.606 1.083 0.826 0.646 0.906 1.014 0.922 1.019 0.593 0.803 0.965 0.739 0.988 0.88 0.68 1.106 0.828 0.164 0.982 0.698
2809 0.566 1.081 0.861 0.665 0.937 1.003 0.972 1.072 0.602 0.809 0.929 0.802 0.956 0.943 0.63 1.084 0.801 0.151 1.017 0.708
2810 0.517 1.1 0.891 0.67 0.932 1.005 1.019 1.087 0.615 0.828 0.919 0.872 0.974 0.979 0.58 1.113 0.776 0.141 1.033 0.745
2811 0.527 1.077 0.912 0.649 0.829 0.991 1.044 1.057 0.614 0.845 0.826 0.929 0.995 0.962 0.676 1.086 0.765 0.115 1.025 0.775
2812 0.459 1.083 0.944 0.632 0.763 1.025 1.054 1.049 0.61 0.859 0.779 0.973 0.995 0.96 0.752 1.049 0.758 0.092 1.003 0.811
2813 0.368 1.088 0.991 0.633 0.855 1.014 1.044 1.056 0.597 0.875 0.855 1.01 1.006 0.927 0.704 0.973 0.738 0.077 0.964 0.804
2814 0.311 1.104 1.033 0.647 0.903 1.026 1.082 1.067 0.59 0.884 0.935 0.972 0.988 0.929 0.673 0.881 0.714 0.082 0.924 0.861
2815 0.283 1.14 1.069 0.672 0.985 0.974 1.106 1.029 0.584 0.894 0.961 0.875 1.006 0.875 0.599 0.82 0.691 0.088 0.937 0.83
2816 0.234 1.147 1.092 0.708 1.035 0.988 1.115 0.991 0.577 0.912 0.966 0.851 1.051 0.79 0.615 0.699 0.661 0.084 0.932 0.792
2817 0.16 1.115 1.075 0.706 1.056 0.916 1.128 0.936 0.561 0.933 0.974 0.775 1.103 0.738 0.589 0.618 0.634 0.098 0.934 0.75
2818 0.121 1.082 1.06 0.619 1.001 0.865 1.17 0.925 0.538 0.945 0.928 0.767 1.09 0.771 0.556 0.536 0.601 0.105 0.922 0.703
2819 0.103 1.047 0.977 0.592 0.974 0.861 1.176 0.974 0.512 0.944 0.884 0.743 1.056 0.791 0.501 0.459 0.571 0.105 0.886 0.649
2820 0.089 0.967 0.91 0.579 0.924 0.849 1.168 1.025 0.493 0.944 0.883 0.709 1.011 0.802 0.372 0.378 0.547 0.105 0.842 0.6
2821 0.077 0.9 0.848 0.503 0.892 0.854 1.129 1.059 0.473 0.949 0.897 0.69 0.993 0.804 0.327 0.316 0.509 0.101 0.826 0.565
2822 0.066 0.843 0.756 0.423 0.879 0.816 1.074 1.059 0.456 0.957 0.881 0.687 0.993 0.82 0.243 0.302 0.467 0.099 0.798 0.524
