time X0 Y0 X1 Y1 X2 Y2 X3 Y3 X4 Y4 X5 Y5 X6 Y6 X7 Y7 X8 Y8 X9 Y9
1399 0.186 0.313 1.145 0.225 0.5449999999999999 1.0194999999999999 0.84 0.102 0.545 1.018 1.149 0.347 0.564 0.043 0.555 1.164 0.538 0.084 0.45899999999999996 0.45499999999999996
1400 0.23 0.277 1.124 0.146 0.586 1.075 0.931 0.108 0.527 1.145 1.144 0.227 0.576 0.039 0.571 1.16 0.555 0.058 0.428 0.414
1401 0.271 0.258 1.041 0.112 0.633 1.108 1.03 0.077 0.539 1.147 1.129 0.113 0.601 0.038 0.566 1.167 0.588 0.076 0.425 0.352
1402 0.31 0.258 1.099 0.075 0.64 1.152 0.93 0.102 0.519 1.167 1.124 0.101 0.601 0.041 0.565 1.155 0.591 0.04 0.611 0.061
1403 0.355 0.268 0.997 0.093 0.648 1.116 0.848 0.139 0.429 1.161 1.125 0.187 0.597 0.046 0.518 1.163 0.356 0.246 0.627 0.073
1404 0.361 0.237 0.817 0.082 0.729 1.087 0.709 0.099 0.377 1.181 1.077 0.219 0.6 0.046 0.443 1.154 0.387 0.208 0.606 0.113
1405 0.379 0.215 0.704 0.085 0.825 1.096 0.641 0.134 0.304 1.154 1.108 0.287 0.608 0.046 0.391 1.177 0.415 0.211 0.614 0.074
1406 0.372 0.171 0.666 0.104 0.907 1.095 0.613 0.094 0.241 1.153 1.137 0.358 0.61 0.046 0.326 1.164 0.44 0.233 0.599 0.05
1407 0.347 0.145 0.634 0.081 0.978 1.105 0.568 0.087 0.159 1.154 1.148 0.409 0.61 0.056 0.228 1.164 0.436 0.213 0.599 0.05
