time X0 Y0 X1 Y1 X2 Y2 X3 Y3 X4 Y4 X5 Y5 X6 Y6 X7 Y7 X8 Y8 X9 Y9
2291 0.632 0.685 0.544 0.801 0.638 0.807 0.616 0.845 0.647 0.737 0.352 0.438 0.296 0.308 0.574 0.735 0.535 0.757 0.304 0.33299999999999996
2292 0.708 0.679 0.616 0.843 0.722 0.843 0.722 0.879 0.768 0.783 0.505 0.641 0.291 0.289 0.752 0.743 0.556 0.711 0.402 0.543
2293 0.802 0.765 0.723 0.881 0.816 0.86 0.809 0.891 0.85 0.834 0.484 0.638 0.335 0.28 0.856 0.822 0.508 0.642 0.448 0.529
2294 0.853 0.837 0.822 0.9 0.84 0.9 0.853 0.921 0.882 0.9 0.587 0.716 0.359 0.304 0.905 0.872 0.612 0.682 0.53 0.671
2295 0.887 0.865 0.882 0.952 0.908 0.9 0.934 0.971 0.908 0.912 0.694 0.817 0.348 0.37 1.01 0.947 0.805 0.838 0.633 0.759
2296 0.916 0.879 0.85 0.985 0.9 0.903 0.891 1.032 0.908 0.938 0.788 0.873 0.28 0.334 0.903 0.969 0.884 0.914 0.751 0.843
2297 0.96 0.91 0.852 1.005 0.89 0.933 0.882 1.006 0.96 0.954 0.806 1.009 0.241 0.322 0.903 0.957 0.882 0.943 0.835 0.898
2298 0.939 0.931 0.815 1.008 0.919 0.936 0.94 1.009 0.942 0.947 0.802 1.042 0.238 0.268 0.921 0.94 0.9 0.952 0.877 0.895
2299 0.979 0.936 0.816 0.997 0.905 0.938 0.864 1.055 0.926 1.018 0.799 1.037 0.215 0.242 0.945 0.947 0.869 0.959 0.884 0.931
2300 0.934 0.919 0.812 1.003 0.934 0.94 0.893 1.029 0.906 1.005 0.827 1.052 0.217 0.181 0.937 0.964 0.9 0.933 0.89 0.898
2301 0.921 0.921 0.848 0.969 0.913 0.929 0.9 0.966 0.874 0.95 0.866 1.01 0.28 0.197 0.939 0.943 0.871 0.943 0.871 0.931
2302 0.958 0.914 0.856 0.933 0.921 0.945 0.926 0.973 0.919 0.952 0.919 1.007 0.335 0.228 0.937 0.954 0.898 0.936 0.887 0.91
2303 0.989 0.893 0.874 0.94 0.908 0.886 0.955 0.962 0.898 0.976 0.96 1.012 0.361 0.245 0.955 0.94 0.89 0.921 0.905 0.86
2304 0.997 0.936 0.916 0.936 0.945 0.888 1.01 0.971 0.947 0.971 1.032 1.036 0.364 0.268 0.971 0.945 0.921 0.936 0.968 0.846
2305 1.045 0.962 0.913 0.903 0.95 0.886 1.04 1.0 0.939 0.943 1.039 1.052 0.306 0.311 0.971 0.95 0.929 0.94 0.939 0.855
2306 1.095 0.982 0.892 0.912 0.934 0.924 1.071 1.042 0.95 0.957 1.06 1.071 0.262 0.294 0.966 0.94 0.916 0.943 0.963 0.881
2307 1.117 1.019 0.903 0.888 0.929 0.895 1.103 1.08 0.939 0.933 1.105 1.121 0.207 0.259 0.955 0.91 0.905 0.917 0.984 0.9
2308 1.062 1.048 0.882 0.884 0.929 0.872 1.14 1.091 0.966 0.952 1.142 1.14 0.186 0.219 0.932 0.91 0.884 0.91 1.023 0.957
2309 1.052 1.105 0.937 0.921 0.955 0.91 1.161 1.082 0.985 1.019 1.159 1.113 0.264 0.197 0.958 0.924 0.955 0.971 1.024 1.006
2310 1.094 1.037 0.934 0.94 0.971 0.926 1.128 1.029 0.982 1.077 1.172 1.108 0.319 0.233 1.002 0.945 0.955 0.957 1.054 1.016
2311 1.073 0.998 0.942 0.943 0.958 0.933 1.107 0.955 1.027 1.118 1.157 1.111 0.385 0.219 1.007 0.983 0.953 0.959 1.036 0.973
2312 1.056 0.97 0.934 0.91 0.932 0.891 1.068 0.903 1.075 1.129 1.161 1.129 0.4 0.169 0.924 0.94 0.932 0.917 0.992 0.992
2313 1.036 0.95 0.929 0.936 0.942 0.898 1.029 0.869 1.145 1.116 1.147 1.144 0.361 0.15 0.926 0.966 0.958 0.947 0.987 0.952
2314 1.015 0.905 0.958 0.905 0.953 0.884 0.997 0.82 1.142 1.029 1.16 1.123 0.304 0.197 0.966 0.952 0.987 0.91 1.007 0.879
2315 1.028 0.95 0.963 0.877 0.926 0.832 0.973 0.858 1.122 0.945 1.164 1.089 0.293 0.214 0.973 0.969 0.973 0.914 1.002 0.867
2316 1.029 0.989 0.942 0.86 0.884 0.787 0.95 0.822 1.068 0.889 1.162 1.062 0.251 0.23 0.979 0.969 0.96 0.9 0.987 0.881
2317 1.029 1.014 0.882 0.834 0.837 0.792 0.864 0.808 1.038 0.929 1.163 1.04 0.267 0.266 0.994 0.929 0.916 0.914 0.905 0.879
2318 1.041 1.041 0.921 0.877 0.819 0.818 0.921 0.829 1.075 1.001 1.149 1.066 0.262 0.32 1.052 0.945 0.963 0.919 0.942 0.907
2319 1.033 1.077 0.924 0.855 0.848 0.881 0.882 0.853 1.052 1.046 1.163 1.045 0.238 0.348 1.043 0.941 0.898 0.903 0.858 0.903
2320 1.011 1.112 0.958 0.936 0.853 0.924 0.9 0.907 1.024 1.045 1.168 1.008 0.209 0.327 1.049 0.983 0.895 0.926 0.874 0.978
2321 1.055 1.129 0.973 1.017 0.843 0.94 0.913 0.947 1.062 1.064 1.167 0.975 0.209 0.268 1.038 1.014 0.879 0.952 0.926 1.026
2322 1.109 1.138 0.987 1.055 0.843 0.992 0.934 0.98 1.051 1.125 1.164 0.976 0.233 0.23 1.035 1.044 0.934 0.985 0.939 0.99
2323 1.12 1.094 1.014 1.115 0.932 0.924 0.939 0.926 1.106 1.134 1.156 1.027 0.272 0.212 1.058 1.092 1.002 0.938 1.005 1.006
2324 1.1 1.105 1.072 1.097 0.882 0.976 0.963 0.926 1.14 1.125 1.161 1.062 0.311 0.179 1.077 1.033 1.038 0.874 1.053 1.025
2325 1.117 1.07 1.094 1.043 0.924 0.969 0.994 0.912 1.162 1.102 1.153 1.08 0.385 0.164 1.078 1.03 1.07 0.834 1.068 0.984
2326 1.128 1.009 1.107 1.012 0.926 0.957 1.01 0.969 1.159 1.134 1.162 1.0 0.348 0.238 1.124 0.949 1.119 0.877 1.113 0.931
2327 1.161 0.983 1.132 0.988 0.937 0.943 0.955 0.98 1.164 1.135 1.166 0.943 0.348 0.292 1.097 0.938 1.13 0.876 1.116 0.896
2328 1.163 0.995 1.092 0.943 0.953 0.891 0.929 0.943 1.149 1.088 1.173 0.96 0.304 0.327 1.038 0.96 1.116 0.845 1.062 0.876
2329 1.168 1.01 1.04 0.948 0.953 0.874 0.976 0.891 1.146 1.127 1.134 0.906 0.241 0.325 1.005 0.886 1.088 0.811 0.989 0.858
2330 1.154 1.014 0.963 0.884 0.947 0.846 0.942 0.895 1.159 1.145 1.07 0.873 0.201 0.334 0.979 0.858 1.036 0.807 0.937 0.818
2331 1.161 1.005 0.971 0.862 0.958 0.811 0.945 0.841 1.163 1.12 1.005 0.862 0.167 0.313 0.958 0.827 1.0 0.811 0.929 0.811
2332 1.16 0.97 0.947 0.825 0.923 0.756 0.882 0.865 1.164 1.091 0.971 0.884 0.145 0.294 0.903 0.822 0.969 0.781 0.85 0.772
2333 1.152 0.934 0.958 0.867 0.868 0.735 0.858 0.877 1.146 1.064 0.966 0.912 0.108 0.297 0.88 0.782 0.953 0.813 0.805 0.735
2334 1.081 0.917 0.95 0.837 0.885 0.733 0.805 0.882 1.108 1.034 0.981 0.917 0.069 0.302 0.811 0.832 0.926 0.796 0.833 0.779
2335 1.032 0.875 0.89 0.846 0.949 0.663 0.803 0.806 1.075 0.983 0.892 0.848 0.051 0.329 0.788 0.792 0.968 0.796 0.84 0.794
2336 0.987 0.839 0.916 0.874 1.029 0.669 0.879 0.855 1.033 0.982 0.905 0.929 0.093 0.366 0.772 0.759 0.942 0.848 0.876 0.77
2337 0.997 0.844 1.002 0.917 1.049 0.768 0.939 0.921 1.035 1.038 0.929 0.98 0.15 0.337 0.825 0.726 0.984 0.829 0.926 0.837
2338 1.007 0.881 1.054 0.991 1.034 0.819 0.887 0.938 1.044 1.086 0.954 1.055 0.201 0.327 0.903 0.761 1.036 0.839 0.95 0.884
2339 0.976 0.905 1.083 1.049 1.038 0.837 0.942 0.914 1.057 1.119 0.997 1.094 0.246 0.308 0.95 0.846 1.059 0.857 0.963 0.912
2340 1.01 0.872 1.112 1.111 1.038 0.886 0.919 1.01 1.056 1.149 1.011 1.142 0.183 0.261 0.945 0.886 1.072 0.889 1.027 0.951
2341 1.023 0.844 1.088 1.12 1.0 0.929 0.887 1.012 1.067 1.147 1.065 1.115 0.165 0.254 0.968 0.829 1.048 0.909 1.076 0.994
2342 1.057 0.827 1.085 1.138 0.979 0.978 0.861 0.971 1.036 1.101 1.04 1.053 0.154 0.207 0.945 0.924 1.002 0.926 1.089 1.047
