time X0 Y0 X1 Y1 X2 Y2 X3 Y3 X4 Y4 X5 Y5 X6 Y6 X7 Y7 X8 Y8 X9 Y9
1979 0.962 1.034 0.568 0.757 1.037 1.03 0.927 0.732 0.577 0.83 0.679 0.482 0.647 0.073 0.892 0.854 0.6865 0.4785 0.677 0.667
1980 0.924 1.016 0.518 0.87 1.035 1.01 0.92 0.722 0.538 0.88 0.652 0.731 0.607 0.053 0.89 0.891 0.639 0.486 0.512 0.778
1981 0.891 1.019 0.48 0.916 0.973 1.005 0.906 0.71 0.581 0.951 0.677 0.8 0.549 0.06 0.903 0.919 0.585 0.509 0.523 0.844
1982 0.868 1.044 0.49 0.96 0.924 1.009 0.878 0.691 0.665 0.986 0.751 0.847 0.495 0.067 0.906 0.958 0.559 0.53 0.549 0.877
1983 0.866 1.08 0.553 0.997 0.895 1.003 0.842 0.681 0.757 0.987 0.82 0.878 0.452 0.075 0.913 0.99 0.522 0.554 0.653 0.893
1984 0.888 1.106 0.656 0.994 0.856 1.014 0.813 0.677 0.835 0.987 0.871 0.932 0.401 0.085 0.939 1.018 0.487 0.594 0.752 0.917
1985 0.924 1.104 0.746 1.015 0.904 1.001 0.788 0.683 0.837 1.016 0.907 0.966 0.356 0.115 0.984 1.01 0.471 0.649 0.825 0.914
1986 0.961 1.113 0.819 1.023 0.947 1.044 0.771 0.699 0.857 1.016 0.943 0.959 0.333 0.149 1.021 1.008 0.452 0.693 0.875 0.913
1987 0.988 1.128 0.87 1.017 1.012 0.997 0.76 0.718 0.899 1.036 0.995 0.949 0.274 0.16 1.063 1.035 0.433 0.74 0.906 0.875
1988 1.019 1.137 0.895 1.004 1.068 0.916 0.754 0.742 0.992 1.002 1.049 0.91 0.222 0.133 1.07 1.083 0.435 0.79 0.914 0.838
1989 1.05 1.136 0.895 0.973 1.08 0.879 0.748 0.761 1.05 0.923 1.065 0.826 0.174 0.121 1.03 1.106 0.444 0.836 0.88 0.77
1990 1.079 1.119 0.884 0.945 1.072 0.82 0.74 0.777 1.131 0.873 1.056 0.728 0.152 0.076 0.988 1.106 0.449 0.87 0.8 0.734
1991 1.117 1.099 0.87 0.916 1.092 0.71 0.732 0.794 1.166 0.911 1.048 0.636 0.121 0.052 0.952 1.119 0.448 0.908 0.712 0.671
1992 1.138 1.051 0.877 0.869 1.092 0.618 0.719 0.813 1.139 0.969 1.031 0.549 0.076 0.064 0.913 1.122 0.425 0.934 0.608 0.562
1993 1.133 1.016 0.834 0.82 1.073 0.508 0.694 0.829 1.118 1.012 0.955 0.473 0.056 0.096 0.877 1.121 0.412 0.96 0.485 0.453
1994 1.124 0.983 0.762 0.817 0.976 0.433 0.668 0.836 1.03 1.025 0.877 0.416 0.06 0.154 0.833 1.107 0.439 0.981 0.296 0.304
1995 1.087 0.949 0.713 0.825 0.876 0.401 0.635 0.859 0.945 1.038 0.807 0.368 0.063 0.213 0.787 1.09 0.511 0.955 0.132 0.221
1996 1.038 0.924 0.695 0.831 0.776 0.341 0.601 0.89 0.887 1.072 0.681 0.334 0.061 0.287 0.752 1.083 0.583 0.907 0.079 0.234
1997 0.991 0.891 0.662 0.845 0.662 0.308 0.62 0.874 0.809 1.056 0.56 0.319 0.072 0.365 0.724 1.08 0.584 0.914 0.066 0.311
1998 0.949 0.86 0.65 0.856 0.546 0.286 0.634 0.855 0.759 1.06 0.451 0.309 0.077 0.441 0.681 1.079 0.567 0.937 0.081 0.392
1999 0.905 0.837 0.655 0.83 0.432 0.314 0.621 0.89 0.708 1.072 0.344 0.37 0.087 0.51 0.643 1.095 0.544 0.955 0.067 0.446
2000 0.864 0.83 0.606 0.783 0.332 0.377 0.58 0.92 0.648 1.087 0.249 0.428 0.092 0.583 0.596 1.106 0.517 0.967 0.08 0.523
2001 0.816 0.819 0.552 0.747 0.252 0.456 0.559 0.932 0.58 1.067 0.204 0.534 0.103 0.655 0.536 1.093 0.488 0.976 0.132 0.603
2002 0.772 0.819 0.493 0.731 0.214 0.56 0.532 0.944 0.517 1.025 0.23 0.658 0.105 0.72 0.486 1.085 0.462 0.985 0.188 0.704
2003 0.703 0.839 0.434 0.744 0.238 0.671 0.461 0.989 0.436 1.036 0.283 0.767 0.098 0.787 0.431 1.087 0.421 0.988 0.224 0.79
2004 0.647 0.844 0.398 0.813 0.282 0.77 0.432 0.987 0.367 1.046 0.312 0.864 0.096 0.849 0.37 1.089 0.392 0.984 0.266 0.897
2005 0.599 0.836 0.393 0.866 0.314 0.865 0.415 0.983 0.301 1.036 0.337 0.963 0.103 0.911 0.308 1.098 0.366 0.996 0.281 0.976
2006 0.556 0.835 0.406 0.91 0.307 0.951 0.389 0.976 0.241 1.061 0.344 1.022 0.082 0.925 0.262 1.098 0.367 1.031 0.289 1.023
2007 0.503 0.854 0.411 0.947 0.37 0.969 0.376 0.981 0.2 1.061 0.396 1.048 0.072 0.954 0.225 1.111 0.4 1.08 0.31 1.057
2008 0.463 0.883 0.463 0.933 0.381 0.943 0.448 0.972 0.148 1.083 0.415 1.049 0.082 0.991 0.18 1.124 0.501 1.083 0.332 1.102
2009 0.444 0.907 0.477 0.919 0.399 0.959 0.49 0.952 0.112 1.11 0.43 1.062 0.085 1.029 0.155 1.086 0.581 1.083 0.375 1.132
2010 0.443 0.947 0.49 0.905 0.406 0.978 0.549 0.938 0.084 1.149 0.436 1.08 0.09 1.051 0.164 1.036 0.646 1.033 0.449 1.115
2011 0.469 0.989 0.535 0.905 0.436 0.968 0.62 0.956 0.071 1.182 0.571 1.002 0.094 1.089 0.177 1.007 0.719 0.963 0.431 1.097
2012 0.519 0.992 0.582 0.901 0.433 0.939 0.7 0.942 0.05 1.188 0.626 0.954 0.115 1.104 0.197 0.962 0.799 0.94 0.42 1.115
2013 0.561 0.98 0.626 0.881 0.445 0.915 0.773 0.881 0.081 1.134 0.702 0.918 0.163 1.129 0.218 0.922 0.87 0.9 0.406 1.131
2014 0.595 0.977 0.662 0.845 0.486 0.917 0.836 0.828 0.131 1.13 0.792 0.892 0.214 1.142 0.245 0.89 0.935 0.867 0.391 1.15
2015 0.631 0.966 0.704 0.809 0.529 0.942 0.908 0.781 0.184 1.132 0.863 0.861 0.262 1.148 0.264 0.859 0.99 0.797 0.41 1.173
2016 0.661 0.948 0.751 0.775 0.564 0.955 0.911 0.714 0.239 1.13 0.901 0.799 0.291 1.155 0.269 0.801 1.01 0.706 0.449 1.173
2017 0.691 0.912 0.787 0.716 0.61 0.968 0.939 0.649 0.274 1.154 0.911 0.728 0.287 1.128 0.263 0.746 0.995 0.611 0.477 1.156
2018 0.716 0.865 0.794 0.655 0.652 0.961 0.9 0.534 0.253 1.156 0.92 0.662 0.324 1.139 0.257 0.696 0.938 0.535 0.491 1.129
2019 0.75 0.825 0.778 0.593 0.683 0.935 0.878 0.436 0.297 1.15 0.939 0.586 0.368 1.155 0.245 0.643 0.906 0.447 0.502 1.111
2020 0.785 0.801 0.756 0.533 0.718 0.89 0.831 0.367 0.357 1.143 0.924 0.524 0.404 1.162 0.255 0.596 0.907 0.362 0.521 1.097
2021 0.819 0.8 0.734 0.479 0.744 0.858 0.8 0.322 0.402 1.151 0.898 0.486 0.474 1.15 0.292 0.557 0.909 0.291 0.539 1.102
2022 0.849 0.819 0.705 0.427 0.776 0.837 0.806 0.273 0.464 1.152 0.887 0.446 0.512 1.122 0.349 0.53 0.959 0.24 0.549 1.121
2023 0.881 0.824 0.716 0.372 0.817 0.831 0.884 0.242 0.529 1.147 0.861 0.402 0.544 1.11 0.407 0.493 1.018 0.204 0.558 1.143
2024 0.899 0.81 0.768 0.364 0.849 0.838 0.925 0.33 0.579 1.157 0.869 0.35 0.609 1.122 0.468 0.459 1.042 0.15 0.585 1.143
2025 0.913 0.785 0.824 0.361 0.88 0.84 0.922 0.337 0.611 1.17 0.919 0.434 0.652 1.138 0.528 0.437 1.025 0.118 0.619 1.157
2026 0.943 0.807 0.872 0.329 0.916 0.856 0.992 0.323 0.655 1.171 0.916 0.554 0.711 1.15 0.579 0.409 0.931 0.193 0.665 1.152
2027 0.986 0.815 0.89 0.278 0.933 0.905 0.994 0.284 0.682 1.173 0.916 0.678 0.766 1.154 0.633 0.38 0.845 0.213 0.721 1.148
2028 1.021 0.805 0.931 0.272 0.92 0.948 0.94 0.286 0.714 1.168 0.918 0.807 0.805 1.137 0.667 0.342 0.753 0.238 0.768 1.132
2029 1.062 0.829 0.903 0.262 0.893 0.978 0.942 0.238 0.74 1.166 0.929 0.918 0.806 1.125 0.662 0.291 0.667 0.251 0.792 1.103
2030 1.088 0.863 0.934 0.223 0.856 0.991 0.924 0.179 0.756 1.166 0.932 0.998 0.849 1.123 0.602 0.292 0.593 0.266 0.822 1.08
2031 1.106 0.895 0.977 0.197 0.829 1.02 0.896 0.139 0.787 1.18 0.91 1.059 0.884 1.119 0.569 0.327 0.517 0.295 0.848 1.101
2032 1.125 0.931 1.021 0.215 0.807 1.043 0.853 0.104 0.822 1.175 0.972 1.091 0.936 1.127 0.548 0.381 0.464 0.372 0.884 1.138
2033 1.149 0.942 1.072 0.195 0.781 1.034 0.79 0.098 0.863 1.178 1.048 1.035 0.986 1.131 0.547 0.421 0.475 0.477 0.921 1.133
2034 1.156 0.979 1.058 0.123 0.777 1.016 0.732 0.118 0.908 1.172 1.093 0.98 1.028 1.101 0.565 0.457 0.516 0.56 0.973 1.125
2035 1.139 0.949 1.037 0.062 0.794 1.006 0.683 0.129 0.935 1.173 1.135 1.019 1.083 1.056 0.598 0.485 0.575 0.634 1.026 1.145
2036 1.127 0.875 1.091 0.056 0.828 1.008 0.631 0.123 0.975 1.178 1.141 1.02 1.108 1.018 0.642 0.488 0.633 0.719 1.08 1.115
2037 1.092 0.861 1.118 0.113 0.879 1.019 0.569 0.134 1.022 1.172 1.139 0.953 1.097 0.975 0.682 0.466 0.702 0.784 1.106 1.065
2038 1.099 0.899 1.093 0.162 0.918 0.997 0.532 0.175 1.053 1.154 1.128 0.89 1.08 0.924 0.715 0.439 0.802 0.83 1.132 1.022
2039 1.107 0.889 1.1 0.219 0.918 0.972 0.484 0.203 1.085 1.152 1.116 0.821 1.113 0.922 0.751 0.407 0.893 0.859 1.147 0.976
2040 1.132 0.865 1.087 0.273 0.908 0.956 0.431 0.204 1.119 1.145 1.121 0.765 1.158 0.939 0.771 0.36 0.944 0.92 1.133 0.96
2041 1.139 0.813 1.101 0.339 0.88 0.938 0.381 0.18 1.146 1.149 1.121 0.698 1.151 0.898 0.763 0.314 0.946 0.958 1.121 1.001
2042 1.119 0.755 1.1 0.434 0.843 0.933 0.341 0.134 1.166 1.128 1.123 0.644 1.133 0.846 0.728 0.286 0.879 1.008 1.058 1.009
2043 1.095 0.699 1.067 0.542 0.797 0.919 0.282 0.15 1.164 1.093 1.115 0.59 1.117 0.793 0.682 0.272 0.816 1.061 1.001 0.991
2044 1.085 0.656 1.037 0.627 0.762 0.899 0.248 0.192 1.157 1.066 1.11 0.554 1.097 0.746 0.625 0.269 0.768 1.067 0.926 0.996
2045 1.07 0.619 0.987 0.667 0.724 0.878 0.26 0.217 1.158 1.048 1.112 0.501 1.036 0.743 0.598 0.247 0.737 1.056 0.853 1.027
2046 1.045 0.589 0.97 0.704 0.677 0.872 0.229 0.261 1.163 1.02 1.136 0.46 0.979 0.762 0.571 0.239 0.699 1.006 0.801 1.044
2047 1.023 0.556 0.975 0.752 0.657 0.9 0.181 0.281 1.169 0.979 1.147 0.409 0.926 0.803 0.531 0.252 0.618 0.95 0.739 1.033
2048 1.022 0.514 0.951 0.798 0.618 0.898 0.122 0.3 1.17 0.948 1.127 0.376 0.886 0.849 0.51 0.287 0.519 0.949 0.683 1.008
2049 1.032 0.477 0.9 0.856 0.594 0.884 0.089 0.298 1.168 0.907 1.113 0.324 0.884 0.846 0.504 0.319 0.451 1.01 0.611 1.003
2050 1.055 0.446 0.842 0.888 0.574 0.852 0.131 0.336 1.165 0.871 1.108 0.27 0.853 0.817 0.497 0.309 0.453 1.078 0.553 1.025
2051 1.066 0.412 0.724 0.945 0.576 0.821 0.197 0.378 1.16 0.841 1.119 0.212 0.858 0.77 0.524 0.302 0.505 1.116 0.543 1.094
2052 1.064 0.374 0.638 1.031 0.538 0.837 0.262 0.414 1.161 0.804 1.122 0.16 0.886 0.73 0.546 0.324 0.579 1.115 0.599 1.134
2053 1.042 0.336 0.677 1.091 0.5 0.872 0.333 0.444 1.167 0.763 1.111 0.131 0.922 0.689 0.573 0.349 0.628 1.095 0.696 1.127
2054 1.024 0.299 0.764 1.064 0.488 0.911 0.43 0.499 1.166 0.735 1.127 0.097 0.953 0.663 0.576 0.38 0.675 1.126 0.784 1.119
2055 1.0 0.26 0.832 1.035 0.493 0.936 0.486 0.533 1.163 0.695 1.108 0.062 1.009 0.662 0.583 0.422 0.724 1.106 0.888 1.086
2056 0.996 0.222 0.881 0.991 0.466 0.964 0.529 0.533 1.161 0.666 1.061 0.056 1.062 0.683 0.598 0.466 0.774 1.075 0.972 1.038
2057 0.999 0.178 0.91 0.966 0.432 0.95 0.573 0.504 1.164 0.64 1.011 0.051 1.082 0.761 0.631 0.488 0.807 1.017 1.011 0.955
2058 1.001 0.143 0.897 0.897 0.435 0.917 0.624 0.531 1.169 0.603 0.965 0.035 1.036 0.837 0.655 0.503 0.827 0.944 1.007 0.891
2059 0.961 0.128 0.88 0.823 0.475 0.918 0.669 0.541 1.138 0.513 0.914 0.039 0.986 0.84 0.694 0.52 0.846 0.882 1.009 0.882
2060 0.926 0.115 0.88 0.757 0.49 0.951 0.686 0.541 1.102 0.449 0.861 0.054 0.94 0.819 0.729 0.504 0.835 0.825 0.961 0.91
2061 0.878 0.117 0.884 0.661 0.51 0.965 0.711 0.529 1.048 0.373 0.816 0.079 0.9 0.817 0.764 0.492 0.855 0.752 0.902 0.92
2062 0.839 0.14 0.861 0.553 0.545 0.99 0.724 0.487 0.995 0.318 0.773 0.089 0.862 0.772 0.786 0.457 0.859 0.696 0.839 0.891
2063 0.797 0.149 0.812 0.486 0.583 1.001 0.769 0.482 0.943 0.271 0.751 0.129 0.844 0.699 0.804 0.417 0.824 0.655 0.811 0.829
2064 0.755 0.145 0.786 0.468 0.606 0.996 0.755 0.418 0.903 0.247 0.713 0.177 0.823 0.637 0.767 0.385 0.792 0.579 0.786 0.771
2065 0.714 0.118 0.772 0.431 0.646 0.966 0.666 0.36 0.852 0.22 0.659 0.181 0.779 0.58 0.714 0.355 0.77 0.495 0.765 0.706
2066 0.684 0.088 0.742 0.404 0.665 0.934 0.604 0.295 0.826 0.197 0.612 0.149 0.732 0.532 0.659 0.367 0.783 0.46 0.71 0.635
2067 0.646 0.07 0.703 0.387 0.701 0.906 0.556 0.227 0.795 0.175 0.577 0.106 0.681 0.494 0.613 0.389 0.762 0.43 0.651 0.578
2068 0.606 0.052 0.646 0.388 0.73 0.876 0.477 0.179 0.75 0.157 0.53 0.07 0.642 0.45 0.568 0.385 0.727 0.392 0.616 0.455
2069 0.561 0.058 0.594 0.372 0.74 0.833 0.395 0.187 0.701 0.129 0.472 0.056 0.613 0.404 0.537 0.426 0.727 0.357 0.561 0.417
2070 0.515 0.07 0.563 0.326 0.715 0.795 0.321 0.193 0.646 0.11 0.398 0.054 0.571 0.38 0.513 0.455 0.758 0.332 0.508 0.398
2071 0.464 0.088 0.532 0.269 0.683 0.758 0.255 0.228 0.595 0.103 0.336 0.058 0.509 0.378 0.469 0.487 0.774 0.299 0.46 0.405
2072 0.413 0.091 0.502 0.22 0.656 0.707 0.225 0.298 0.534 0.099 0.276 0.055 0.456 0.369 0.427 0.508 0.806 0.252 0.462 0.415
2073 0.361 0.089 0.439 0.2 0.62 0.638 0.253 0.402 0.479 0.096 0.222 0.068 0.422 0.312 0.384 0.533 0.849 0.204 0.445 0.436
2074 0.315 0.101 0.377 0.212 0.585 0.57 0.249 0.489 0.427 0.097 0.168 0.08 0.375 0.261 0.349 0.568 0.857 0.155 0.414 0.468
2075 0.285 0.144 0.302 0.222 0.6 0.576 0.244 0.571 0.376 0.106 0.131 0.072 0.326 0.233 0.326 0.615 0.846 0.122 0.379 0.492
2076 0.239 0.179 0.262 0.196 0.628 0.567 0.237 0.65 0.338 0.131 0.103 0.062 0.293 0.228 0.316 0.662 0.928 0.039 0.34 0.526
2077 0.184 0.17 0.259 0.146 0.718 0.444 0.231 0.706 0.306 0.151 0.089 0.057 0.258 0.24 0.327 0.705 0.967 0.04 0.319 0.573
2078 0.131 0.157 0.229 0.096 0.844 0.315 0.24 0.777 0.277 0.145 0.073 0.035 0.236 0.263 0.362 0.733 1.051 0.115 0.317 0.625
2079 0.095 0.172 0.181 0.068 0.974 0.238 0.263 0.846 0.257 0.127 0.055 0.076 0.188 0.276 0.4 0.752 1.056 0.181 0.309 0.66
2080 0.049 0.194 0.137 0.089 1.036 0.233 0.326 0.903 0.238 0.11 0.068 0.121 0.152 0.277 0.437 0.773 1.089 0.273 0.306 0.675
2081 0.045 0.225 0.107 0.088 1.068 0.285 0.406 0.946 0.205 0.097 0.053 0.17 0.129 0.259 0.465 0.788 1.107 0.349 0.286 0.686
2082 0.041 0.24 0.064 0.139 1.071 0.362 0.498 0.932 0.204 0.107 0.055 0.228 0.061 0.229 0.501 0.795 1.077 0.424 0.23 0.648
2083 0.058 0.291 0.049 0.188 1.055 0.427 0.582 0.943 0.237 0.109 0.043 0.237 0.059 0.246 0.53 0.788 0.999 0.475 0.207 0.554
2084 0.079 0.354 0.053 0.229 1.009 0.482 0.63 0.934 0.247 0.119 0.047 0.264 0.05 0.299 0.555 0.755 0.929 0.537 0.183 0.489
2085 0.091 0.425 0.05 0.262 0.978 0.53 0.7 0.894 0.25 0.15 0.045 0.3 0.084 0.335 0.584 0.733 0.898 0.614 0.141 0.488
2086 0.115 0.421 0.083 0.31 0.972 0.593 0.78 0.819 0.24 0.184 0.089 0.343 0.078 0.388 0.615 0.703 0.9 0.694 0.111 0.468
2087 0.116 0.369 0.107 0.34 1.003 0.646 0.849 0.766 0.251 0.245 0.138 0.359 0.097 0.383 0.623 0.661 0.909 0.775 0.108 0.521
2088 0.103 0.344 0.151 0.302 1.019 0.686 0.932 0.743 0.253 0.271 0.14 0.355 0.137 0.397 0.613 0.617 0.965 0.801 0.106 0.572
2089 0.149 0.358 0.182 0.261 1.059 0.718 0.99 0.696 0.234 0.274 0.197 0.368 0.145 0.431 0.609 0.582 1.034 0.818 0.106 0.601
2090 0.163 0.367 0.212 0.281 1.089 0.729 1.021 0.64 0.22 0.254 0.257 0.391 0.128 0.462 0.585 0.558 1.084 0.862 0.087 0.642
2091 0.158 0.334 0.205 0.314 1.115 0.742 1.047 0.588 0.246 0.282 0.301 0.446 0.131 0.501 0.563 0.538 1.09 0.952 0.082 0.704
2092 0.152 0.344 0.217 0.331 1.109 0.801 1.049 0.525 0.253 0.319 0.315 0.501 0.158 0.538 0.536 0.515 1.097 1.035 0.082 0.754
2093 0.148 0.379 0.232 0.355 1.086 0.906 1.006 0.481 0.266 0.357 0.326 0.556 0.178 0.58 0.506 0.491 1.064 1.083 0.067 0.79
2094 0.189 0.376 0.218 0.392 1.052 0.98 0.975 0.429 0.278 0.359 0.325 0.616 0.185 0.643 0.499 0.46 1.026 1.055 0.074 0.831
2095 0.181 0.347 0.224 0.423 1.035 1.013 0.92 0.366 0.314 0.372 0.313 0.671 0.184 0.678 0.517 0.424 1.024 1.066 0.077 0.882
2096 0.16 0.356 0.204 0.448 1.017 1.05 0.882 0.34 0.344 0.382 0.278 0.732 0.175 0.721 0.536 0.393 1.026 1.064 0.067 0.918
2097 0.132 0.389 0.162 0.456 0.993 1.057 0.801 0.299 0.369 0.388 0.249 0.798 0.155 0.77 0.52 0.351 0.993 1.104 0.073 0.966
2098 0.094 0.378 0.113 0.499 1.038 1.069 0.701 0.308 0.387 0.414 0.234 0.87 0.153 0.813 0.485 0.339 0.984 1.137 0.072 1.02
2099 0.119 0.311 0.109 0.575 1.048 1.053 0.599 0.312 0.394 0.433 0.224 0.941 0.134 0.847 0.449 0.354 0.97 1.118 0.059 1.045
2100 0.101 0.247 0.134 0.642 1.016 1.057 0.521 0.328 0.402 0.459 0.219 0.998 0.103 0.875 0.42 0.392 0.995 1.091 0.067 1.091
2101 0.107 0.208 0.146 0.714 1.048 1.075 0.477 0.4 0.395 0.488 0.271 1.048 0.075 0.908 0.393 0.424 1.006 1.071 0.079 1.136
2102 0.148 0.169 0.147 0.77 1.022 1.033 0.426 0.434 0.399 0.506 0.333 1.056 0.067 0.933 0.369 0.453 1.011 1.067 0.132 1.158
2103 0.22 0.162 0.168 0.839 1.041 1.01 0.344 0.42 0.403 0.521 0.398 1.037 0.091 0.976 0.339 0.444 1.006 1.037 0.185 1.159
2104 0.284 0.208 0.196 0.899 1.011 0.901 0.31 0.451 0.409 0.537 0.448 1.02 0.131 1.008 0.26 0.455 1.061 0.966 0.237 1.167
2105 0.31 0.256 0.185 0.977 0.913 0.867 0.291 0.473 0.423 0.557 0.506 0.994 0.17 0.984 0.227 0.553 1.072 0.919 0.272 1.153
2106 0.318 0.34 0.227 0.998 0.852 0.89 0.291 0.514 0.432 0.569 0.566 0.973 0.156 1.006 0.213 0.643 1.061 0.879 0.366 1.082
2107 0.321 0.422 0.281 1.018 0.817 0.92 0.286 0.553 0.436 0.591 0.639 0.956 0.224 1.009 0.19 0.719 1.019 0.859 0.445 1.05
2108 0.323 0.474 0.329 1.029 0.804 0.926 0.308 0.584 0.442 0.609 0.71 0.95 0.281 1.02 0.224 0.815 0.982 0.864 0.507 1.057
2109 0.299 0.53 0.37 1.047 0.75 0.949 0.337 0.604 0.454 0.637 0.734 0.936 0.325 1.026 0.249 0.898 0.931 0.872 0.593 1.034
2110 0.316 0.594 0.376 1.088 0.759 0.953 0.367 0.632 0.461 0.651 0.744 0.915 0.363 1.034 0.304 0.963 0.875 0.886 0.647 1.004
2111 0.346 0.62 0.403 1.111 0.78 0.884 0.389 0.656 0.443 0.669 0.715 0.875 0.39 1.059 0.358 1.007 0.858 0.891 0.678 0.989
2112 0.37 0.627 0.437 1.126 0.81 0.831 0.376 0.694 0.443 0.668 0.68 0.836 0.439 1.068 0.408 1.06 0.849 0.893 0.714 0.995
2113 0.394 0.658 0.486 1.14 0.831 0.77 0.364 0.73 0.412 0.665 0.598 0.86 0.497 1.073 0.473 1.098 0.788 0.868 0.747 1.035
2114 0.39 0.667 0.551 1.144 0.845 0.724 0.357 0.769 0.403 0.704 0.549 0.958 0.532 1.064 0.555 1.095 0.737 0.865 0.773 1.082
2115 0.37 0.682 0.611 1.148 0.867 0.684 0.368 0.812 0.435 0.77 0.563 1.033 0.585 1.058 0.649 1.094 0.703 0.873 0.778 1.119
2116 0.363 0.717 0.673 1.152 0.865 0.641 0.385 0.86 0.459 0.843 0.581 1.079 0.643 1.071 0.732 1.094 0.662 0.897 0.83 1.14
2117 0.366 0.753 0.728 1.144 0.874 0.592 0.396 0.902 0.472 0.91 0.638 1.097 0.701 1.082 0.823 1.097 0.635 0.923 0.878 1.129
2118 0.369 0.776 0.778 1.111 0.882 0.55 0.393 0.938 0.501 0.979 0.705 1.07 0.756 1.077 0.889 1.047 0.617 0.943 0.931 1.124
2119 0.376 0.807 0.839 1.072 0.883 0.478 0.37 0.981 0.495 1.016 0.742 1.004 0.806 1.045 0.916 0.965 0.608 0.96 0.977 1.118
2120 0.373 0.828 0.886 1.033 0.883 0.426 0.355 1.01 0.483 1.06 0.722 0.928 0.834 0.991 0.905 0.879 0.633 0.962 1.007 1.099
2121 0.37 0.842 0.937 0.998 0.887 0.368 0.321 1.025 0.45 1.088 0.659 0.876 0.856 0.955 0.911 0.761 0.66 0.949 1.024 1.074
2122 0.358 0.872 0.979 0.991 0.872 0.315 0.282 1.012 0.386 1.086 0.581 0.871 0.868 0.917 0.914 0.65 0.655 0.917 1.04 1.052
2123 0.326 0.871 1.017 1.013 0.868 0.253 0.249 1.004 0.326 1.068 0.498 0.877 0.89 0.868 0.91 0.548 0.616 0.894 1.017 1.055
2124 0.3 0.856 1.026 1.042 0.902 0.207 0.222 0.975 0.277 1.041 0.412 0.914 0.946 0.843 0.885 0.458 0.555 0.886 1.027 1.09
2125 0.281 0.834 1.025 1.034 0.973 0.195 0.195 0.971 0.232 1.035 0.388 0.949 0.998 0.853 0.91 0.366 0.508 0.865 1.033 1.046
2126 0.269 0.81 1.026 1.057 1.029 0.211 0.171 0.938 0.181 1.051 0.368 0.983 1.031 0.869 0.948 0.294 0.459 0.863 1.021 1.074
2127 0.265 0.783 1.056 1.054 1.09 0.165 0.173 0.885 0.132 1.048 0.309 1.014 1.053 0.925 1.006 0.235 0.429 0.905 0.981 1.096
2128 0.272 0.759 1.02 1.063 1.112 0.085 0.194 0.843 0.103 1.032 0.23 1.02 1.05 0.982 1.048 0.2 0.391 0.945 0.947 1.095
2129 0.281 0.738 1.008 1.083 1.059 0.059 0.218 0.813 0.141 1.006 0.252 1.09 1.045 1.024 1.077 0.157 0.37 0.956 0.92 1.067
2130 0.287 0.721 1.015 1.041 1.018 0.098 0.25 0.784 0.219 0.938 0.212 1.086 1.036 1.046 1.014 0.117 0.326 0.956 0.927 1.026
2131 0.287 0.697 0.998 1.083 0.964 0.064 0.27 0.746 0.255 0.92 0.151 1.078 1.022 1.076 0.924 0.076 0.277 0.941 0.959 1.007
2132 0.274 0.664 0.959 1.11 0.902 0.056 0.285 0.716 0.233 0.932 0.129 1.126 1.017 1.046 0.82 0.128 0.261 0.935 0.984 1.024
2133 0.252 0.642 0.922 1.107 0.833 0.076 0.288 0.691 0.196 0.913 0.093 1.13 1.018 1.075 0.728 0.164 0.231 0.966 1.006 1.035
2134 0.229 0.622 0.882 1.122 0.76 0.117 0.285 0.661 0.175 0.899 0.104 1.055 1.039 1.059 0.635 0.233 0.188 0.987 1.042 1.031
2135 0.212 0.606 0.895 1.139 0.683 0.183 0.254 0.639 0.182 0.867 0.123 0.998 1.007 1.051 0.553 0.28 0.152 1.015 1.056 1.002
2136 0.197 0.588 0.929 1.129 0.609 0.238 0.222 0.625 0.195 0.846 0.149 0.933 1.027 1.069 0.487 0.345 0.12 1.016 1.028 0.974
2137 0.188 0.573 0.976 1.106 0.549 0.302 0.191 0.619 0.198 0.804 0.173 0.862 1.048 1.063 0.433 0.436 0.114 0.982 1.003 0.933
2138 0.186 0.542 1.021 1.111 0.493 0.374 0.153 0.595 0.178 0.755 0.12 0.848 1.015 1.058 0.356 0.512 0.128 0.951 0.969 0.911
2139 0.196 0.512 0.986 1.138 0.439 0.442 0.168 0.547 0.132 0.685 0.132 0.894 1.019 1.092 0.278 0.569 0.106 0.911 0.933 0.911
2140 0.196 0.476 0.948 1.146 0.376 0.502 0.198 0.525 0.138 0.62 0.107 0.876 1.042 1.107 0.227 0.64 0.074 0.909 0.902 0.881
2141 0.198 0.445 0.899 1.115 0.329 0.516 0.203 0.491 0.163 0.578 0.102 0.823 1.078 1.111 0.221 0.727 0.094 0.877 0.843 0.869
2142 0.21 0.432 0.887 1.048 0.301 0.533 0.201 0.47 0.179 0.538 0.157 0.784 1.108 1.12 0.204 0.828 0.116 0.917 0.806 0.859
2143 0.265 0.392 0.845 0.972 0.281 0.564 0.198 0.444 0.186 0.487 0.207 0.805 1.136 1.096 0.245 0.907 0.134 0.921 0.753 0.829
2144 0.298 0.35 0.819 0.917 0.243 0.604 0.2 0.409 0.182 0.457 0.26 0.8 1.114 1.034 0.342 0.958 0.109 0.876 0.714 0.795
2145 0.286 0.303 0.765 0.902 0.219 0.658 0.212 0.364 0.168 0.422 0.295 0.776 1.07 1.001 0.442 0.936 0.121 0.811 0.692 0.761
2146 0.267 0.268 0.698 0.899 0.228 0.716 0.212 0.3 0.15 0.408 0.332 0.73 1.037 0.968 0.541 0.904 0.121 0.754 0.697 0.722
2147 0.266 0.237 0.641 0.894 0.257 0.738 0.209 0.25 0.132 0.431 0.351 0.688 1.037 0.912 0.622 0.885 0.115 0.708 0.702 0.683
2148 0.274 0.22 0.695 0.871 0.301 0.697 0.226 0.2 0.104 0.405 0.325 0.581 1.062 0.865 0.632 0.865 0.081 0.677 0.701 0.645
2149 0.288 0.206 0.802 0.85 0.31 0.617 0.26 0.168 0.129 0.352 0.299 0.478 1.098 0.827 0.686 0.836 0.063 0.628 0.684 0.602
2150 0.324 0.206 0.888 0.82 0.285 0.533 0.307 0.156 0.165 0.332 0.234 0.468 1.107 0.769 0.772 0.846 0.055 0.572 0.648 0.565
2151 0.354 0.213 0.973 0.782 0.26 0.481 0.347 0.16 0.202 0.327 0.192 0.441 1.092 0.742 0.852 0.851 0.035 0.572 0.611 0.527
2152 0.381 0.215 1.014 0.743 0.234 0.442 0.376 0.174 0.27 0.354 0.229 0.394 1.062 0.684 0.913 0.836 0.047 0.613 0.57 0.502
2153 0.399 0.213 1.022 0.662 0.244 0.39 0.409 0.173 0.34 0.393 0.26 0.335 1.076 0.628 0.969 0.814 0.055 0.612 0.529 0.478
2154 0.419 0.211 1.031 0.601 0.302 0.382 0.44 0.172 0.34 0.417 0.299 0.289 1.099 0.575 1.018 0.762 0.091 0.531 0.492 0.449
2155 0.434 0.188 1.043 0.533 0.28 0.432 0.487 0.189 0.334 0.397 0.369 0.233 1.109 0.52 1.044 0.704 0.104 0.442 0.479 0.412
2156 0.438 0.157 1.03 0.455 0.226 0.419 0.514 0.199 0.367 0.414 0.441 0.214 1.124 0.472 1.076 0.629 0.061 0.402 0.444 0.428
2157 0.44 0.127 0.95 0.4 0.157 0.401 0.546 0.204 0.411 0.442 0.513 0.235 1.111 0.411 1.089 0.559 0.033 0.358 0.449 0.476
2158 0.443 0.101 0.845 0.382 0.116 0.369 0.581 0.195 0.449 0.486 0.568 0.22 1.097 0.344 1.038 0.503 0.046 0.295 0.449 0.51
2159 0.432 0.062 0.766 0.348 0.099 0.323 0.648 0.17 0.453 0.543 0.593 0.19 1.105 0.275 1.009 0.409 0.055 0.228 0.451 0.548
2160 0.418 0.043 0.718 0.273 0.114 0.275 0.693 0.172 0.476 0.57 0.627 0.173 1.108 0.223 1.036 0.335 0.041 0.183 0.454 0.586
2161 0.403 0.032 0.738 0.181 0.091 0.22 0.683 0.153 0.544 0.578 0.648 0.218 1.102 0.169 1.07 0.284 0.031 0.148 0.486 0.588
2162 0.386 0.027 0.782 0.193 0.078 0.176 0.724 0.127 0.586 0.584 0.664 0.175 1.061 0.177 1.081 0.245 0.048 0.113 0.515 0.594
2163 0.367 0.031 0.829 0.193 0.073 0.134 0.785 0.102 0.611 0.6 0.628 0.145 1.018 0.134 1.085 0.198 0.04 0.079 0.547 0.636
2164 0.346 0.038 0.881 0.18 0.075 0.099 0.893 0.097 0.636 0.626 0.583 0.152 0.975 0.085 1.081 0.171 0.056 0.033 0.556 0.679
2165 0.311 0.037 0.927 0.176 0.123 0.099 0.932 0.062 0.652 0.649 0.548 0.16 0.97 0.082 1.045 0.14 0.11 0.022 0.56 0.728
2166 0.26 0.032 0.971 0.183 0.16 0.131 0.902 0.095 0.656 0.691 0.513 0.18 0.969 0.05 1.001 0.107 0.143 0.023 0.571 0.771
2167 0.223 0.03 1.012 0.187 0.203 0.159 0.858 0.136 0.643 0.728 0.52 0.232 1.017 0.054 0.973 0.092 0.186 0.034 0.61 0.813
2168 0.225 0.048 1.044 0.197 0.249 0.167 0.815 0.165 0.636 0.752 0.524 0.266 1.082 0.055 0.939 0.073 0.2 0.034 0.647 0.847
2169 0.193 0.06 1.049 0.234 0.274 0.143 0.79 0.19 0.614 0.778 0.48 0.267 1.137 0.092 0.894 0.09 0.203 0.028 0.699 0.854
2170 0.194 0.088 1.033 0.284 0.269 0.102 0.776 0.24 0.63 0.809 0.442 0.21 1.115 0.168 0.847 0.103 0.206 0.026 0.746 0.849
2171 0.154 0.082 1.02 0.321 0.254 0.069 0.826 0.254 0.663 0.83 0.376 0.178 1.109 0.237 0.818 0.13 0.245 0.033 0.799 0.837
2172 0.133 0.059 1.008 0.365 0.249 0.047 0.89 0.265 0.699 0.832 0.317 0.157 1.065 0.306 0.815 0.168 0.209 0.027 0.828 0.778
