time X0 Y0 X1 Y1 X2 Y2 X3 Y3 X4 Y4 X5 Y5 X6 Y6 X7 Y7 X8 Y8 X9 Y9
783 1.072 0.965 1.0554999999999999 0.975 0.484 0.369 0.615 1.12 0.666 1.146 1.132 1.066 0.201 0.479 0.552 0.761 0.187 0.471 0.639 0.345
784 1.072 1.01 1.072 1.024 0.566 0.343 0.666 1.109 0.744 1.145 1.096 1.11 0.15 0.665 0.569 0.727 0.181 0.433 0.643 0.262
785 1.093 1.038 1.073 1.062 0.626 0.317 0.672 1.117 0.813 1.149 1.054 1.106 0.15 0.685 0.597 0.702 0.226 0.386 0.556 0.242
786 1.07 1.076 1.049 1.11 0.705 0.343 0.681 1.157 0.884 1.131 0.998 1.127 0.151 0.71 0.624 0.679 0.316 0.336 0.449 0.247
787 1.043 1.102 1.011 1.125 0.767 0.422 0.733 1.16 0.926 1.101 0.955 1.126 0.151 0.734 0.657 0.651 0.379 0.296 0.352 0.25
788 1.009 1.11 0.973 1.101 0.78 0.497 0.783 1.144 0.93 1.006 0.942 1.068 0.151 0.749 0.703 0.633 0.384 0.263 0.286 0.282
789 0.986 1.104 0.965 1.079 0.745 0.547 0.812 1.153 0.904 0.9 0.974 1.022 0.152 0.768 0.74 0.647 0.388 0.252 0.293 0.373
790 0.994 1.081 0.991 1.051 0.741 0.627 0.855 1.152 0.859 0.804 1.003 1.003 0.16 0.79 0.789 0.643 0.404 0.239 0.344 0.449
791 1.049 1.031 1.031 1.027 0.777 0.649 0.908 1.143 0.83 0.712 1.03 0.946 0.166 0.807 0.836 0.67 0.449 0.271 0.421 0.525
792 1.039 0.991 1.039 0.959 0.808 0.662 0.954 1.124 0.865 0.696 1.025 0.887 0.168 0.835 0.864 0.639 0.487 0.336 0.499 0.601
793 1.035 0.941 1.072 0.89 0.767 0.619 1.004 1.099 0.905 0.71 1.028 0.826 0.17 0.862 0.91 0.627 0.537 0.432 0.59 0.679
794 1.062 0.895 1.116 0.851 0.744 0.56 1.036 1.048 0.948 0.722 1.044 0.781 0.169 0.882 0.939 0.587 0.584 0.509 0.663 0.744
795 1.098 0.868 1.121 0.801 0.785 0.537 1.045 0.996 0.983 0.706 1.067 0.741 0.17 0.893 0.942 0.528 0.635 0.548 0.689 0.825
796 1.109 0.83 1.124 0.73 0.813 0.449 1.046 0.949 1.013 0.669 1.08 0.697 0.17 0.938 0.962 0.481 0.715 0.551 0.708 0.916
797 1.104 0.779 1.136 0.66 0.806 0.377 1.053 0.908 1.018 0.622 1.099 0.621 0.155 0.978 1.01 0.396 0.795 0.545 0.624 0.945
798 1.114 0.725 1.158 0.59 0.799 0.323 1.053 0.851 0.999 0.576 1.118 0.551 0.125 1.006 1.035 0.311 0.901 0.55 0.515 0.911
799 1.109 0.682 1.149 0.546 0.773 0.285 1.056 0.791 0.973 0.541 1.122 0.488 0.09 1.053 1.008 0.272 0.947 0.565 0.394 0.923
800 1.062 0.66 1.119 0.523 0.718 0.277 1.058 0.727 0.945 0.519 1.13 0.426 0.077 1.084 0.963 0.229 0.97 0.568 0.311 0.988
801 0.986 0.567 1.104 0.472 0.67 0.314 1.023 0.686 0.899 0.505 1.133 0.363 0.078 1.119 0.888 0.207 0.986 0.565 0.208 1.021
802 0.991 0.648 1.12 0.405 0.642 0.336 0.962 0.672 0.837 0.492 1.125 0.324 0.085 1.141 0.804 0.233 1.023 0.544 0.115 1.019
803 0.996 0.618 1.109 0.359 0.594 0.346 0.894 0.675 0.78 0.496 1.094 0.288 0.117 1.159 0.739 0.28 1.028 0.59 0.143 0.905
804 0.994 0.638 1.115 0.317 0.536 0.346 0.832 0.667 0.728 0.527 1.083 0.22 0.155 1.159 0.669 0.328 1.008 0.584 0.187 0.761
805 0.969 0.659 1.092 0.274 0.481 0.329 0.772 0.656 0.684 0.557 1.101 0.16 0.184 1.162 0.611 0.353 1.009 0.54 0.248 0.623
806 0.959 0.667 1.076 0.211 0.412 0.333 0.719 0.648 0.639 0.578 1.104 0.091 0.22 1.157 0.582 0.417 0.987 0.504 0.318 0.49
807 0.943 0.675 1.029 0.147 0.346 0.322 0.669 0.616 0.594 0.582 1.05 0.056 0.253 1.16 0.572 0.484 0.98 0.458 0.362 0.38
808 0.922 0.674 0.95 0.133 0.307 0.229 0.632 0.573 0.562 0.549 0.987 0.058 0.284 1.16 0.587 0.526 0.975 0.428 0.301 0.292
809 0.89 0.657 0.925 0.189 0.246 0.182 0.59 0.554 0.566 0.574 0.94 0.06 0.308 1.155 0.53 0.499 0.974 0.382 0.198 0.282
810 0.863 0.587 0.922 0.254 0.172 0.166 0.533 0.511 0.501 0.595 0.886 0.073 0.338 1.151 0.488 0.469 0.946 0.336 0.159 0.385
811 0.861 0.487 0.88 0.312 0.092 0.178 0.49 0.479 0.45 0.632 0.844 0.106 0.36 1.149 0.442 0.48 0.912 0.304 0.157 0.509
812 0.884 0.398 0.822 0.31 0.063 0.223 0.444 0.47 0.416 0.687 0.773 0.112 0.386 1.151 0.414 0.504 0.863 0.272 0.169 0.633
813 0.885 0.327 0.758 0.305 0.058 0.269 0.406 0.503 0.423 0.762 0.708 0.098 0.415 1.152 0.389 0.542 0.807 0.243 0.209 0.749
814 0.827 0.294 0.692 0.293 0.057 0.309 0.368 0.547 0.443 0.807 0.628 0.092 0.439 1.151 0.352 0.568 0.742 0.209 0.301 0.83
815 0.766 0.272 0.645 0.283 0.044 0.345 0.341 0.587 0.477 0.887 0.573 0.103 0.46 1.154 0.275 0.573 0.677 0.182 0.364 0.933
816 0.686 0.27 0.589 0.288 0.043 0.372 0.372 0.686 0.51 0.977 0.507 0.108 0.487 1.153 0.238 0.535 0.675 0.133 0.433 1.032
817 0.643 0.28 0.54 0.317 0.041 0.406 0.418 0.775 0.547 1.01 0.465 0.115 0.517 1.152 0.231 0.477 0.635 0.103 0.523 1.061
818 0.625 0.306 0.514 0.355 0.049 0.383 0.471 0.85 0.628 0.983 0.425 0.109 0.542 1.156 0.234 0.431 0.579 0.102 0.628 1.019
819 0.558 0.316 0.493 0.4 0.07 0.319 0.54 0.904 0.674 0.933 0.385 0.107 0.582 1.164 0.224 0.375 0.51 0.105 0.702 0.961
820 0.512 0.392 0.474 0.444 0.06 0.25 0.611 0.916 0.677 0.853 0.346 0.093 0.615 1.159 0.207 0.322 0.448 0.106 0.794 0.87
821 0.471 0.457 0.416 0.448 0.051 0.179 0.654 0.87 0.669 0.767 0.327 0.069 0.643 1.154 0.188 0.279 0.404 0.122 0.84 0.763
822 0.389 0.447 0.357 0.445 0.031 0.129 0.678 0.82 0.678 0.686 0.283 0.075 0.669 1.152 0.156 0.238 0.346 0.128 0.804 0.656
823 0.34 0.422 0.288 0.441 0.041 0.068 0.705 0.789 0.715 0.647 0.207 0.093 0.699 1.147 0.114 0.201 0.276 0.172 0.8 0.552
824 0.281 0.412 0.223 0.392 0.042 0.04 0.716 0.724 0.773 0.652 0.153 0.063 0.72 1.137 0.099 0.157 0.236 0.219 0.782 0.461
825 0.209 0.4 0.183 0.34 0.091 0.035 0.733 0.696 0.825 0.646 0.087 0.06 0.744 1.125 0.074 0.11 0.196 0.221 0.681 0.409
826 0.169 0.336 0.132 0.281 0.151 0.058 0.796 0.679 0.867 0.592 0.034 0.093 0.767 1.112 0.069 0.107 0.156 0.22 0.541 0.387
827 0.148 0.27 0.083 0.283 0.227 0.085 0.847 0.627 0.889 0.524 0.023 0.114 0.781 1.103 0.067 0.157 0.123 0.252 0.417 0.346
828 0.103 0.264 0.062 0.284 0.301 0.066 0.888 0.566 0.935 0.471 0.047 0.156 0.803 1.09 0.056 0.208 0.117 0.244 0.305 0.3
829 0.096 0.304 0.077 0.299 0.379 0.068 0.913 0.504 0.955 0.413 0.074 0.186 0.823 1.073 0.038 0.272 0.066 0.279 0.21 0.246
830 0.115 0.344 0.08 0.376 0.459 0.071 0.923 0.432 0.969 0.324 0.09 0.217 0.841 1.044 0.028 0.299 0.076 0.338 0.149 0.299
831 0.151 0.397 0.101 0.459 0.55 0.064 0.942 0.366 1.031 0.276 0.116 0.248 0.852 1.022 0.051 0.328 0.057 0.391 0.139 0.357
832 0.166 0.45 0.123 0.535 0.631 0.06 1.0 0.316 1.118 0.251 0.126 0.278 0.867 1.005 0.068 0.342 0.066 0.444 0.154 0.396
833 0.158 0.505 0.128 0.621 0.712 0.044 1.048 0.271 1.163 0.176 0.157 0.318 0.891 0.996 0.082 0.388 0.071 0.49 0.166 0.429
834 0.141 0.57 0.154 0.674 0.81 0.052 1.053 0.195 1.134 0.069 0.174 0.357 0.917 0.986 0.07 0.438 0.07 0.545 0.208 0.48
835 0.142 0.662 0.192 0.711 0.897 0.054 0.993 0.131 1.055 0.042 0.19 0.398 0.937 0.973 0.076 0.492 0.078 0.62 0.182 0.585
836 0.172 0.738 0.207 0.761 0.957 0.081 0.955 0.097 0.97 0.052 0.208 0.445 0.95 0.953 0.075 0.535 0.071 0.683 0.217 0.688
837 0.157 0.784 0.188 0.83 0.903 0.076 0.906 0.104 0.998 0.082 0.229 0.489 0.953 0.924 0.073 0.585 0.068 0.745 0.235 0.782
838 0.155 0.812 0.121 0.896 0.824 0.078 0.864 0.094 0.987 0.042 0.246 0.522 0.952 0.902 0.082 0.654 0.052 0.8 0.246 0.871
839 0.134 0.833 0.097 0.953 0.713 0.082 0.821 0.093 0.942 0.074 0.258 0.56 0.95 0.873 0.098 0.724 0.054 0.874 0.193 0.936
840 0.105 0.82 0.158 1.004 0.602 0.098 0.748 0.113 0.907 0.108 0.261 0.618 0.941 0.849 0.1 0.786 0.066 0.931 0.178 0.984
841 0.094 0.859 0.232 1.028 0.52 0.093 0.683 0.134 0.839 0.153 0.257 0.663 0.933 0.828 0.152 0.808 0.097 0.979 0.247 0.979
842 0.07 0.916 0.305 1.016 0.431 0.091 0.635 0.107 0.803 0.169 0.258 0.713 0.926 0.805 0.23 0.806 0.154 0.997 0.347 0.93
843 0.073 0.955 0.325 1.046 0.36 0.052 0.594 0.065 0.768 0.198 0.302 0.745 0.925 0.786 0.288 0.815 0.235 1.012 0.425 0.976
844 0.102 0.989 0.28 1.07 0.259 0.047 0.515 0.064 0.69 0.182 0.349 0.76 0.922 0.758 0.32 0.837 0.288 1.023 0.501 0.958
845 0.137 1.03 0.26 1.046 0.166 0.063 0.435 0.083 0.599 0.143 0.401 0.771 0.918 0.734 0.374 0.865 0.317 1.042 0.6 0.898
846 0.138 1.081 0.306 1.043 0.096 0.081 0.365 0.111 0.501 0.107 0.438 0.779 0.917 0.717 0.431 0.878 0.364 1.046 0.679 0.875
847 0.134 1.122 0.393 1.048 0.063 0.181 0.286 0.141 0.406 0.085 0.495 0.785 0.918 0.691 0.48 0.891 0.436 1.072 0.774 0.887
848 0.188 1.148 0.462 1.091 0.083 0.266 0.216 0.18 0.305 0.1 0.536 0.765 0.923 0.666 0.528 0.868 0.5 1.094 0.854 0.828
849 0.264 1.129 0.553 1.068 0.057 0.296 0.165 0.226 0.219 0.164 0.565 0.736 0.93 0.645 0.601 0.851 0.563 1.088 0.883 0.733
850 0.33 1.101 0.65 1.074 0.073 0.391 0.122 0.281 0.168 0.204 0.615 0.708 0.932 0.618 0.665 0.828 0.648 1.101 0.887 0.644
851 0.403 1.065 0.743 1.107 0.083 0.483 0.126 0.362 0.147 0.304 0.653 0.684 0.935 0.592 0.734 0.802 0.726 1.139 0.877 0.568
852 0.496 1.064 0.825 1.121 0.11 0.576 0.15 0.433 0.191 0.404 0.684 0.663 0.952 0.558 0.801 0.791 0.796 1.153 0.854 0.484
853 0.601 1.062 0.875 1.101 0.111 0.669 0.167 0.507 0.214 0.509 0.712 0.655 0.986 0.533 0.869 0.798 0.851 1.144 0.887 0.392
854 0.708 1.08 0.93 1.077 0.127 0.765 0.157 0.583 0.218 0.607 0.754 0.663 1.022 0.511 0.93 0.818 0.894 1.145 0.953 0.322
855 0.791 1.115 0.986 1.082 0.069 0.889 0.125 0.668 0.185 0.713 0.796 0.675 1.042 0.51 0.981 0.844 0.937 1.13 1.001 0.256
856 0.886 1.122 1.022 1.12 0.112 0.978 0.101 0.836 0.139 0.8 0.833 0.702 1.079 0.518 1.023 0.874 0.983 1.114 0.982 0.161
857 0.946 1.105 0.976 1.127 0.167 1.064 0.1 0.935 0.158 0.878 0.856 0.746 1.103 0.532 1.037 0.908 0.974 1.001 0.883 0.136
858 0.985 1.011 0.946 1.075 0.135 1.136 0.121 1.001 0.119 0.942 0.879 0.788 1.127 0.553 1.05 0.942 0.997 0.939 0.783 0.135
859 1.042 0.947 0.944 0.981 0.082 1.18 0.107 1.093 0.129 1.001 0.857 0.823 1.155 0.547 1.086 0.946 1.046 0.933 0.671 0.171
860 1.088 0.917 0.969 0.94 0.144 1.156 0.2 1.165 0.135 1.067 0.843 0.838 1.158 0.508 1.114 0.922 1.104 0.908 0.577 0.155
861 1.125 0.826 1.028 0.882 0.248 1.147 0.315 1.153 0.2 1.088 0.828 0.9 1.143 0.477 1.135 0.887 1.136 0.817 0.488 0.154
862 1.116 0.745 1.076 0.788 0.344 1.134 0.412 1.136 0.271 1.045 0.814 0.939 1.13 0.45 1.137 0.83 1.13 0.689 0.386 0.107
863 1.121 0.672 1.066 0.692 0.413 1.127 0.504 1.09 0.317 1.061 0.813 0.983 1.123 0.424 1.146 0.78 1.099 0.613 0.307 0.117
864 1.141 0.596 1.043 0.601 0.502 1.097 0.602 1.103 0.406 1.068 0.809 1.029 1.128 0.395 1.156 0.74 1.089 0.533 0.292 0.219
865 1.147 0.52 1.043 0.503 0.591 1.094 0.705 1.108 0.491 1.013 0.831 1.063 1.127 0.368 1.145 0.685 1.116 0.442 0.289 0.338
866 1.158 0.446 1.06 0.407 0.668 1.074 0.77 1.066 0.586 1.005 0.868 1.07 1.118 0.335 1.129 0.633 1.104 0.356 0.319 0.466
867 1.162 0.377 1.046 0.318 0.738 1.035 0.838 1.063 0.656 0.942 0.9 1.059 1.113 0.301 1.118 0.559 1.066 0.283 0.338 0.578
868 1.151 0.32 1.002 0.236 0.82 1.028 0.897 0.997 0.727 0.869 0.929 1.025 1.118 0.257 1.104 0.481 1.044 0.215 0.423 0.697
869 1.142 0.271 0.968 0.178 0.881 1.019 0.935 0.898 0.813 0.84 0.968 0.989 1.128 0.22 1.084 0.41 1.04 0.15 0.474 0.771
870 1.15 0.189 0.953 0.139 0.934 1.0 0.924 0.843 0.866 0.818 0.999 0.965 1.142 0.176 1.085 0.339 1.029 0.089 0.625 0.847
871 1.133 0.135 0.906 0.106 0.975 0.971 0.912 0.746 0.886 0.783 1.004 0.912 1.109 0.125 1.08 0.262 0.964 0.07 0.758 0.861
872 1.122 0.115 0.839 0.108 1.007 0.926 0.974 0.692 0.891 0.719 1.028 0.866 1.042 0.093 1.023 0.209 0.907 0.076 0.862 0.849
873 1.098 0.102 0.786 0.114 1.031 0.878 1.059 0.667 0.962 0.678 1.045 0.808 0.991 0.087 0.958 0.169 0.862 0.087 0.921 0.725
874 1.064 0.104 0.733 0.186 1.052 0.813 1.109 0.654 1.017 0.626 1.071 0.746 0.937 0.071 0.877 0.151 0.807 0.104 0.947 0.612
875 1.032 0.108 0.718 0.279 1.074 0.758 1.141 0.613 1.065 0.573 1.092 0.682 0.881 0.074 0.806 0.182 0.75 0.142 0.917 0.498
876 0.994 0.103 0.732 0.347 1.082 0.69 1.13 0.583 1.129 0.563 1.116 0.636 0.84 0.092 0.753 0.231 0.696 0.175 0.829 0.411
877 0.948 0.136 0.789 0.292 1.095 0.631 1.15 0.573 1.168 0.566 1.132 0.579 0.775 0.119 0.726 0.279 0.679 0.257 0.78 0.363
878 0.917 0.163 0.74 0.288 1.126 0.597 1.159 0.61 1.141 0.549 1.113 0.523 0.715 0.103 0.681 0.308 0.683 0.294 0.784 0.322
879 0.89 0.187 0.685 0.315 1.14 0.633 1.152 0.668 1.163 0.548 1.085 0.492 0.669 0.073 0.626 0.34 0.646 0.328 0.742 0.316
880 0.855 0.212 0.617 0.268 1.159 0.627 1.156 0.699 1.159 0.504 1.025 0.511 0.611 0.059 0.605 0.359 0.588 0.324 0.68 0.31
881 0.813 0.233 0.594 0.16 1.133 0.55 1.134 0.62 1.158 0.456 0.973 0.514 0.558 0.071 0.573 0.357 0.537 0.3 0.607 0.27
882 0.774 0.244 0.542 0.103 1.114 0.484 1.085 0.575 1.17 0.411 0.913 0.486 0.502 0.076 0.525 0.374 0.504 0.313 0.562 0.228
883 0.74 0.246 0.451 0.096 1.111 0.421 1.057 0.535 1.165 0.399 0.842 0.454 0.451 0.047 0.469 0.377 0.459 0.271 0.469 0.179
884 0.708 0.238 0.361 0.111 1.134 0.39 1.047 0.487 1.151 0.372 0.781 0.43 0.382 0.052 0.415 0.354 0.402 0.232 0.395 0.129
885 0.675 0.225 0.262 0.152 1.124 0.39 1.091 0.444 1.14 0.387 0.726 0.407 0.321 0.055 0.375 0.318 0.326 0.202 0.318 0.141
886 0.64 0.221 0.21 0.23 1.117 0.372 1.119 0.418 1.157 0.339 0.666 0.39 0.246 0.04 0.332 0.306 0.258 0.232 0.249 0.151
887 0.584 0.234 0.228 0.322 1.132 0.355 1.118 0.379 1.135 0.34 0.618 0.37 0.194 0.048 0.268 0.319 0.235 0.297 0.205 0.192
888 0.516 0.259 0.231 0.382 1.171 0.363 1.142 0.368 1.156 0.334 0.562 0.364 0.146 0.059 0.267 0.373 0.226 0.351 0.19 0.286
889 0.445 0.308 0.276 0.433 1.182 0.352 1.183 0.359 1.151 0.32 0.512 0.36 0.094 0.057 0.297 0.409 0.196 0.39 0.174 0.349
890 0.398 0.34 0.28 0.408 1.146 0.382 1.132 0.39 1.132 0.362 0.471 0.366 0.052 0.101 0.365 0.423 0.167 0.435 0.147 0.397
891 0.385 0.35 0.322 0.424 1.158 0.326 1.152 0.399 1.142 0.314 0.428 0.383 0.052 0.162 0.438 0.403 0.151 0.479 0.13 0.439
892 0.368 0.357 0.324 0.474 1.165 0.321 1.145 0.344 1.179 0.283 0.444 0.344 0.058 0.227 0.386 0.39 0.137 0.532 0.114 0.487
893 0.319 0.362 0.284 0.52 1.147 0.296 1.165 0.325 1.154 0.251 0.41 0.321 0.063 0.293 0.361 0.37 0.141 0.588 0.121 0.547
894 0.293 0.364 0.263 0.569 1.166 0.26 1.13 0.362 1.099 0.192 0.347 0.324 0.065 0.362 0.333 0.339 0.166 0.605 0.174 0.577
895 0.273 0.389 0.265 0.617 1.129 0.187 1.156 0.418 1.108 0.122 0.284 0.32 0.074 0.431 0.3 0.376 0.194 0.618 0.226 0.555
896 0.249 0.381 0.317 0.637 1.122 0.133 1.136 0.436 1.117 0.059 0.269 0.297 0.081 0.489 0.271 0.414 0.209 0.647 0.254 0.576
897 0.216 0.431 0.355 0.647 1.114 0.088 1.133 0.365 1.005 0.053 0.238 0.29 0.095 0.542 0.282 0.443 0.236 0.668 0.281 0.593
898 0.215 0.519 0.411 0.676 1.028 0.074 1.102 0.319 0.839 0.136 0.206 0.31 0.142 0.587 0.306 0.463 0.278 0.686 0.339 0.609
899 0.185 0.571 0.457 0.668 0.933 0.11 1.106 0.219 0.732 0.218 0.194 0.355 0.192 0.584 0.334 0.472 0.325 0.709 0.41 0.631
900 0.235 0.585 0.516 0.657 0.857 0.153 1.142 0.128 0.677 0.309 0.186 0.416 0.17 0.635 0.357 0.486 0.376 0.721 0.461 0.666
901 0.284 0.643 0.564 0.673 0.778 0.24 1.178 0.081 0.618 0.365 0.182 0.448 0.228 0.677 0.385 0.473 0.4 0.709 0.499 0.684
902 0.332 0.695 0.616 0.708 0.721 0.318 1.168 0.034 0.528 0.354 0.187 0.495 0.299 0.726 0.403 0.482 0.429 0.694 0.53 0.685
903 0.402 0.745 0.646 0.757 0.638 0.344 1.128 0.022 0.519 0.286 0.217 0.535 0.375 0.759 0.413 0.489 0.451 0.691 0.583 0.673
904 0.472 0.812 0.676 0.807 0.581 0.292 1.129 0.028 0.563 0.219 0.262 0.562 0.441 0.814 0.441 0.482 0.441 0.703 0.645 0.693
905 0.513 0.9 0.696 0.857 0.561 0.232 1.122 0.092 0.557 0.166 0.31 0.583 0.47 0.901 0.468 0.495 0.458 0.717 0.688 0.774
906 0.547 0.972 0.686 0.917 0.51 0.221 1.103 0.114 0.514 0.117 0.346 0.62 0.495 0.973 0.481 0.521 0.446 0.769 0.7 0.857
907 0.572 1.013 0.641 0.976 0.451 0.253 1.041 0.075 0.432 0.109 0.347 0.674 0.571 1.06 0.475 0.549 0.432 0.828 0.69 0.917
908 0.595 1.056 0.667 1.056 0.384 0.269 0.965 0.052 0.35 0.133 0.348 0.728 0.629 1.104 0.46 0.567 0.466 0.868 0.662 0.971
909 0.639 1.039 0.665 1.039 0.313 0.247 0.92 0.03 0.273 0.151 0.33 0.771 0.697 1.119 0.437 0.592 0.491 0.904 0.678 1.017
910 0.634 1.004 0.685 1.036 0.236 0.213 0.851 0.029 0.192 0.096 0.363 0.801 0.749 1.106 0.429 0.634 0.552 0.945 0.727 1.033
911 0.615 0.961 0.733 0.99 0.176 0.161 0.773 0.035 0.116 0.062 0.393 0.825 0.809 1.099 0.443 0.677 0.601 0.974 0.769 1.023
912 0.704 0.91 0.771 0.925 0.103 0.149 0.723 0.026 0.059 0.134 0.426 0.864 0.859 1.095 0.462 0.712 0.62 0.934 0.811 1.001
913 0.783 0.825 0.839 0.858 0.075 0.22 0.663 0.038 0.061 0.245 0.439 0.896 0.916 1.087 0.463 0.743 0.659 0.89 0.848 0.98
914 0.884 0.741 0.843 0.819 0.075 0.293 0.615 0.038 0.063 0.35 0.465 0.91 0.977 1.101 0.45 0.749 0.707 0.858 0.882 0.947
915 0.842 0.667 0.884 0.785 0.088 0.363 0.557 0.035 0.109 0.457 0.5 0.911 1.029 1.127 0.425 0.774 0.763 0.851 0.898 0.856
916 0.794 0.613 0.887 0.72 0.158 0.425 0.523 0.057 0.144 0.54 0.523 0.906 1.082 1.116 0.412 0.788 0.778 0.816 0.873 0.781
917 0.767 0.569 0.837 0.671 0.216 0.493 0.474 0.052 0.142 0.611 0.555 0.904 1.09 1.076 0.416 0.83 0.788 0.738 0.84 0.702
918 0.703 0.482 0.776 0.59 0.219 0.575 0.403 0.05 0.135 0.685 0.584 0.928 1.085 1.017 0.443 0.846 0.739 0.684 0.828 0.641
919 0.59 0.38 0.775 0.53 0.154 0.665 0.357 0.046 0.065 0.751 0.596 0.972 1.04 0.914 0.463 0.846 0.679 0.64 0.745 0.566
920 0.501 0.269 0.795 0.493 0.118 0.72 0.325 0.048 0.073 0.763 0.603 1.002 1.011 0.821 0.487 0.855 0.622 0.589 0.66 0.485
921 0.406 0.168 0.805 0.437 0.081 0.741 0.251 0.063 0.153 0.835 0.621 1.037 0.98 0.729 0.524 0.881 0.571 0.572 0.67 0.419
922 0.278 0.113 0.775 0.406 0.128 0.824 0.208 0.033 0.198 0.922 0.605 1.085 0.933 0.621 0.541 0.918 0.524 0.558 0.735 0.403
923 0.169 0.151 0.771 0.381 0.176 0.896 0.138 0.056 0.213 0.987 0.559 1.1 0.901 0.523 0.574 0.936 0.488 0.491 0.726 0.465
924 0.176 0.276 0.807 0.379 0.161 0.971 0.096 0.045 0.295 1.039 0.511 1.086 0.857 0.477 0.598 0.939 0.472 0.421 0.676 0.494
925 0.199 0.383 0.803 0.433 0.197 1.04 0.054 0.069 0.381 1.058 0.461 1.07 0.829 0.42 0.622 0.944 0.484 0.361 0.663 0.439
926 0.186 0.486 0.746 0.407 0.279 1.055 0.049 0.139 0.43 1.051 0.44 1.089 0.794 0.455 0.646 0.947 0.535 0.329 0.695 0.419
927 0.197 0.609 0.728 0.428 0.339 1.055 0.036 0.184 0.396 1.033 0.499 1.071 0.719 0.464 0.666 0.946 0.591 0.322 0.699 0.401
928 0.14 0.713 0.722 0.396 0.367 1.003 0.051 0.251 0.384 1.044 0.521 1.038 0.657 0.44 0.694 0.939 0.632 0.321 0.652 0.423
929 0.139 0.809 0.658 0.362 0.344 0.977 0.07 0.436 0.383 1.014 0.516 0.981 0.623 0.454 0.716 0.929 0.667 0.328 0.587 0.421
930 0.249 0.88 0.623 0.367 0.328 0.944 0.106 0.609 0.367 0.963 0.521 0.926 0.585 0.478 0.735 0.91 0.599 0.35 0.528 0.434
931 0.308 0.871 0.556 0.401 0.323 0.917 0.094 0.737 0.334 0.911 0.534 0.866 0.528 0.513 0.76 0.896 0.546 0.366 0.466 0.507
932 0.295 0.812 0.495 0.443 0.314 0.892 0.095 0.808 0.411 0.97 0.568 0.813 0.503 0.533 0.782 0.887 0.482 0.393 0.443 0.593
933 0.281 0.779 0.438 0.496 0.305 0.843 0.184 0.901 0.523 0.945 0.632 0.786 0.476 0.564 0.803 0.88 0.424 0.443 0.466 0.68
934 0.28 0.727 0.397 0.552 0.349 0.791 0.292 0.891 0.628 0.872 0.713 0.805 0.449 0.627 0.825 0.889 0.38 0.495 0.505 0.764
935 0.307 0.679 0.365 0.602 0.381 0.731 0.342 0.834 0.745 0.864 0.799 0.876 0.439 0.664 0.836 0.907 0.343 0.567 0.576 0.799
936 0.333 0.645 0.353 0.655 0.402 0.697 0.433 0.802 0.852 0.827 0.834 0.908 0.441 0.688 0.865 0.93 0.317 0.638 0.641 0.833
937 0.37 0.622 0.357 0.697 0.445 0.697 0.524 0.815 0.921 0.753 0.879 0.929 0.467 0.747 0.896 0.941 0.314 0.672 0.71 0.865
938 0.395 0.616 0.378 0.747 0.493 0.723 0.634 0.854 0.962 0.656 0.907 0.945 0.5 0.79 0.949 0.947 0.307 0.713 0.782 0.868
939 0.436 0.613 0.418 0.799 0.56 0.754 0.723 0.907 0.939 0.56 0.949 0.951 0.53 0.816 1.0 0.933 0.264 0.725 0.866 0.87
940 0.472 0.626 0.452 0.84 0.625 0.788 0.787 0.965 0.883 0.48 1.025 0.921 0.569 0.834 1.048 0.892 0.233 0.716 0.931 0.902
941 0.504 0.651 0.482 0.887 0.687 0.824 0.872 0.976 0.79 0.474 1.062 0.851 0.603 0.831 1.077 0.818 0.127 0.736 0.982 0.877
942 0.539 0.683 0.496 0.92 0.763 0.838 0.982 0.963 0.713 0.491 1.098 0.782 0.643 0.819 1.048 0.734 0.08 0.731 1.0 0.804
943 0.586 0.713 0.497 0.909 0.838 0.83 1.056 1.009 0.646 0.481 1.07 0.72 0.7 0.823 1.016 0.682 0.117 0.665 0.979 0.726
944 0.637 0.722 0.49 0.891 0.888 0.804 1.107 1.022 0.583 0.439 1.074 0.665 0.738 0.829 1.01 0.636 0.185 0.674 0.967 0.667
945 0.659 0.702 0.52 0.906 0.95 0.773 1.148 1.041 0.488 0.465 1.053 0.604 0.802 0.832 1.004 0.589 0.259 0.716 0.964 0.597
946 0.689 0.693 0.517 0.931 0.969 0.697 1.151 0.972 0.459 0.572 1.02 0.506 0.858 0.793 0.993 0.535 0.328 0.747 0.95 0.539
947 0.737 0.689 0.545 0.897 0.98 0.636 1.139 0.899 0.477 0.666 0.988 0.418 0.897 0.748 0.974 0.474 0.379 0.791 0.911 0.51
948 0.772 0.679 0.596 0.86 0.974 0.578 1.135 0.82 0.537 0.735 0.941 0.355 0.915 0.703 0.957 0.419 0.448 0.83 0.875 0.507
949 0.789 0.635 0.632 0.826 0.941 0.518 1.134 0.766 0.629 0.773 0.874 0.316 0.93 0.644 0.957 0.375 0.528 0.84 0.845 0.532
950 0.769 0.597 0.654 0.817 0.911 0.467 1.125 0.694 0.669 0.808 0.787 0.347 0.94 0.602 0.959 0.324 0.583 0.842 0.827 0.577
951 0.73 0.573 0.691 0.809 0.934 0.396 1.114 0.65 0.731 0.844 0.725 0.415 0.932 0.523 0.943 0.274 0.64 0.86 0.799 0.608
952 0.691 0.549 0.687 0.78 0.929 0.322 1.122 0.577 0.815 0.781 0.672 0.49 0.921 0.442 0.917 0.243 0.692 0.875 0.776 0.637
953 0.637 0.561 0.733 0.776 0.885 0.273 1.133 0.536 0.885 0.719 0.632 0.529 0.926 0.388 0.885 0.226 0.742 0.877 0.748 0.648
954 0.595 0.586 0.706 0.819 0.813 0.267 1.14 0.472 0.942 0.624 0.566 0.51 0.925 0.348 0.845 0.21 0.762 0.853 0.725 0.635
955 0.542 0.604 0.656 0.813 0.753 0.249 1.131 0.406 0.932 0.515 0.506 0.437 0.893 0.302 0.804 0.195 0.736 0.827 0.682 0.646
956 0.491 0.608 0.655 0.811 0.709 0.212 1.11 0.339 0.906 0.429 0.451 0.356 0.83 0.258 0.765 0.175 0.714 0.789 0.65 0.63
957 0.439 0.593 0.684 0.775 0.669 0.176 1.122 0.255 0.914 0.324 0.482 0.272 0.77 0.216 0.726 0.158 0.73 0.75 0.633 0.602
958 0.401 0.574 0.703 0.716 0.587 0.19 1.148 0.195 0.847 0.239 0.54 0.204 0.732 0.184 0.696 0.126 0.765 0.697 0.643 0.536
959 0.359 0.543 0.724 0.661 0.603 0.172 1.149 0.142 0.75 0.227 0.545 0.191 0.709 0.156 0.694 0.102 0.796 0.657 0.637 0.485
960 0.326 0.509 0.756 0.606 0.63 0.127 1.107 0.085 0.634 0.243 0.517 0.162 0.654 0.101 0.68 0.065 0.844 0.606 0.618 0.434
961 0.282 0.481 0.774 0.548 0.592 0.06 0.96 0.076 0.536 0.28 0.456 0.142 0.634 0.09 0.659 0.034 0.844 0.535 0.554 0.407
962 0.245 0.44 0.767 0.469 0.512 0.083 0.864 0.067 0.453 0.327 0.399 0.13 0.597 0.083 0.62 0.027 0.864 0.482 0.514 0.407
963 0.231 0.394 0.721 0.394 0.451 0.108 0.747 0.085 0.361 0.41 0.342 0.111 0.549 0.12 0.581 0.041 0.855 0.427 0.474 0.412
964 0.225 0.349 0.678 0.321 0.424 0.13 0.638 0.099 0.341 0.54 0.285 0.094 0.485 0.203 0.555 0.056 0.82 0.385 0.459 0.424
965 0.216 0.302 0.615 0.287 0.347 0.15 0.56 0.142 0.322 0.63 0.228 0.084 0.462 0.285 0.527 0.08 0.775 0.389 0.425 0.421
966 0.193 0.258 0.543 0.291 0.293 0.157 0.504 0.213 0.352 0.728 0.162 0.083 0.483 0.381 0.491 0.198 0.746 0.395 0.387 0.405
967 0.148 0.232 0.498 0.353 0.225 0.136 0.509 0.324 0.443 0.803 0.1 0.065 0.492 0.488 0.484 0.277 0.694 0.398 0.358 0.403
968 0.113 0.252 0.485 0.424 0.171 0.136 0.569 0.407 0.534 0.786 0.057 0.068 0.521 0.605 0.494 0.32 0.644 0.411 0.332 0.425
969 0.102 0.302 0.484 0.475 0.126 0.165 0.604 0.43 0.581 0.75 0.065 0.148 0.575 0.662 0.497 0.384 0.616 0.462 0.284 0.456
970 0.119 0.361 0.486 0.515 0.102 0.206 0.584 0.47 0.648 0.739 0.085 0.256 0.662 0.701 0.49 0.446 0.622 0.498 0.245 0.479
971 0.132 0.416 0.499 0.568 0.078 0.277 0.577 0.519 0.684 0.794 0.109 0.343 0.746 0.723 0.489 0.492 0.598 0.515 0.202 0.501
972 0.156 0.463 0.519 0.631 0.142 0.339 0.566 0.529 0.694 0.882 0.128 0.4 0.794 0.789 0.499 0.552 0.59 0.567 0.154 0.513
973 0.192 0.492 0.538 0.685 0.145 0.378 0.533 0.564 0.631 0.965 0.145 0.453 0.82 0.852 0.518 0.61 0.613 0.626 0.113 0.528
974 0.234 0.534 0.581 0.735 0.181 0.459 0.503 0.617 0.6 0.992 0.199 0.516 0.861 0.912 0.527 0.645 0.628 0.646 0.072 0.537
975 0.272 0.573 0.621 0.777 0.237 0.547 0.531 0.702 0.511 0.953 0.251 0.578 0.94 0.975 0.562 0.707 0.644 0.67 0.064 0.527
976 0.323 0.6 0.642 0.84 0.266 0.592 0.574 0.781 0.422 0.914 0.31 0.622 1.024 1.047 0.6 0.758 0.656 0.703 0.098 0.482
977 0.367 0.62 0.664 0.904 0.331 0.655 0.62 0.87 0.332 0.839 0.356 0.668 1.057 1.112 0.632 0.821 0.677 0.748 0.129 0.418
978 0.409 0.629 0.696 0.962 0.332 0.707 0.633 0.937 0.321 0.767 0.338 0.749 0.986 1.095 0.636 0.816 0.676 0.795 0.155 0.333
979 0.46 0.659 0.757 1.0 0.332 0.738 0.652 1.009 0.32 0.763 0.36 0.766 0.869 1.057 0.6 0.822 0.636 0.801 0.152 0.283
980 0.497 0.698 0.789 1.027 0.301 0.786 0.677 1.06 0.342 0.826 0.419 0.795 0.781 1.048 0.584 0.863 0.612 0.81 0.147 0.237
981 0.521 0.748 0.794 1.065 0.356 0.856 0.711 1.089 0.449 0.887 0.48 0.83 0.731 1.08 0.603 0.902 0.583 0.839 0.181 0.178
982 0.525 0.789 0.86 1.095 0.434 0.909 0.621 1.062 0.501 0.845 0.541 0.861 0.685 1.076 0.631 0.93 0.59 0.899 0.201 0.128
983 0.493 0.78 0.892 1.119 0.527 0.957 0.548 1.035 0.455 0.81 0.597 0.888 0.644 1.002 0.653 0.95 0.616 0.931 0.25 0.099
984 0.463 0.773 0.877 1.149 0.394 0.819 0.501 1.017 0.385 0.815 0.621 0.917 0.612 0.971 0.676 0.964 0.637 0.938 0.325 0.089
985 0.472 0.797 0.822 1.137 0.436 1.048 0.669 0.987 0.324 0.809 0.698 0.923 0.684 1.007 0.714 0.969 0.696 0.973 0.379 0.118
986 0.502 0.802 0.769 1.102 0.357 1.038 0.71 0.978 0.311 0.722 0.763 0.916 0.69 1.023 0.809 0.981 0.796 0.955 0.438 0.137
987 0.534 0.821 0.748 1.06 0.285 1.051 0.724 0.989 0.425 0.701 0.827 0.896 0.717 1.059 0.797 1.028 0.811 0.927 0.491 0.136
988 0.553 0.837 0.761 1.024 0.256 1.083 0.73 1.002 0.538 0.75 0.829 0.824 0.741 1.055 0.824 1.055 0.848 0.959 0.554 0.121
989 0.572 0.878 0.792 1.009 0.265 1.138 0.729 1.016 0.593 0.795 0.795 0.701 0.745 1.036 0.863 1.03 0.879 0.989 0.618 0.139
990 0.588 0.906 0.827 0.988 0.21 1.15 0.72 1.031 0.635 0.868 0.779 0.572 0.745 1.012 0.891 0.992 0.929 0.983 0.667 0.177
991 0.582 0.945 0.839 0.969 0.156 1.141 0.696 1.039 0.704 0.89 0.758 0.453 0.745 0.96 0.922 0.941 0.983 0.965 0.698 0.261
992 0.555 0.978 0.838 0.927 0.104 1.114 0.672 1.02 0.734 0.924 0.704 0.354 0.746 0.924 0.962 0.888 1.014 0.895 0.724 0.322
993 0.518 0.984 0.862 0.895 0.116 1.061 0.665 1.004 0.744 0.892 0.745 0.367 0.777 0.968 0.974 0.832 1.031 0.841 0.66 0.295
994 0.476 0.983 0.892 0.883 0.143 1.026 0.667 0.985 0.766 0.857 0.759 0.42 0.818 0.956 0.962 0.765 1.035 0.823 0.631 0.274
995 0.439 0.988 0.908 0.853 0.13 1.003 0.681 0.972 0.788 0.814 0.793 0.479 0.864 0.898 0.948 0.7 1.06 0.784 0.562 0.281
996 0.402 0.991 0.904 0.805 0.11 0.926 0.691 0.957 0.812 0.779 0.831 0.519 0.891 0.835 0.918 0.636 1.089 0.741 0.545 0.393
997 0.363 0.978 0.916 0.753 0.071 0.86 0.706 0.941 0.832 0.73 0.877 0.55 0.896 0.762 0.877 0.579 1.062 0.667 0.595 0.462
998 0.334 0.953 0.926 0.681 0.1 0.792 0.72 0.929 0.848 0.68 0.863 0.555 0.907 0.701 0.897 0.577 0.997 0.588 0.69 0.519
999 0.314 0.917 0.908 0.624 0.102 0.712 0.74 0.92 0.852 0.659 0.815 0.544 0.89 0.628 0.87 0.586 0.931 0.539 0.776 0.531
1000 0.299 0.88 0.9 0.554 0.091 0.614 0.754 0.906 0.813 0.636 0.848 0.515 0.857 0.597 0.831 0.574 0.873 0.54 0.784 0.537
1001 0.303 0.838 0.916 0.485 0.041 0.502 0.766 0.885 0.743 0.626 0.843 0.496 0.865 0.578 0.799 0.59 0.808 0.547 0.745 0.514
1002 0.294 0.796 0.958 0.412 0.089 0.404 0.768 0.857 0.664 0.604 0.802 0.487 0.809 0.563 0.763 0.573 0.765 0.48 0.724 0.472
1003 0.282 0.751 0.957 0.311 0.088 0.32 0.75 0.832 0.612 0.583 0.819 0.418 0.756 0.521 0.715 0.573 0.703 0.486 0.694 0.417
1004 0.262 0.702 0.88 0.255 0.146 0.241 0.705 0.818 0.571 0.565 0.844 0.358 0.709 0.528 0.656 0.57 0.635 0.484 0.63 0.382
1005 0.225 0.675 0.772 0.254 0.25 0.267 0.658 0.805 0.53 0.55 0.819 0.308 0.655 0.561 0.603 0.554 0.583 0.433 0.578 0.35
1006 0.193 0.683 0.678 0.288 0.321 0.244 0.588 0.782 0.48 0.558 0.795 0.274 0.604 0.581 0.555 0.516 0.585 0.366 0.513 0.319
1007 0.184 0.724 0.592 0.314 0.399 0.228 0.532 0.757 0.446 0.493 0.778 0.226 0.531 0.551 0.516 0.48 0.542 0.309 0.423 0.262
1008 0.193 0.756 0.497 0.281 0.439 0.234 0.478 0.762 0.426 0.425 0.777 0.174 0.485 0.5 0.475 0.437 0.496 0.246 0.485 0.271
1009 0.203 0.785 0.438 0.294 0.443 0.259 0.423 0.764 0.415 0.387 0.768 0.137 0.449 0.485 0.449 0.395 0.572 0.213 0.448 0.271
1010 0.219 0.819 0.407 0.381 0.404 0.287 0.372 0.761 0.386 0.383 0.752 0.097 0.386 0.468 0.417 0.381 0.625 0.137 0.421 0.321
1011 0.234 0.839 0.369 0.395 0.359 0.333 0.334 0.778 0.326 0.428 0.711 0.073 0.366 0.444 0.395 0.362 0.634 0.072 0.378 0.341
1012 0.271 0.846 0.274 0.383 0.304 0.337 0.301 0.789 0.257 0.448 0.668 0.075 0.349 0.513 0.372 0.361 0.567 0.051 0.309 0.385
1013 0.304 0.825 0.232 0.411 0.251 0.321 0.289 0.805 0.216 0.497 0.617 0.083 0.286 0.613 0.356 0.32 0.485 0.057 0.254 0.422
1014 0.327 0.805 0.166 0.446 0.215 0.311 0.289 0.825 0.163 0.557 0.559 0.093 0.261 0.702 0.372 0.27 0.415 0.064 0.22 0.484
1015 0.362 0.797 0.1 0.401 0.18 0.312 0.31 0.835 0.127 0.622 0.508 0.1 0.278 0.783 0.375 0.211 0.351 0.1 0.187 0.56
1016 0.391 0.818 0.072 0.408 0.121 0.351 0.325 0.846 0.109 0.7 0.447 0.084 0.342 0.835 0.332 0.192 0.3 0.126 0.148 0.618
1017 0.399 0.855 0.076 0.483 0.087 0.398 0.338 0.879 0.106 0.75 0.391 0.077 0.353 0.884 0.274 0.213 0.251 0.134 0.132 0.682
1018 0.414 0.894 0.074 0.523 0.103 0.457 0.346 0.901 0.08 0.799 0.332 0.076 0.397 0.937 0.221 0.233 0.191 0.095 0.16 0.74
1019 0.446 0.916 0.102 0.603 0.131 0.53 0.364 0.92 0.076 0.867 0.27 0.082 0.468 0.965 0.196 0.247 0.137 0.115 0.223 0.757
1020 0.482 0.917 0.139 0.67 0.17 0.585 0.402 0.924 0.117 0.938 0.213 0.084 0.558 0.955 0.174 0.27 0.133 0.201 0.294 0.74
1021 0.508 0.892 0.189 0.706 0.234 0.623 0.443 0.928 0.212 0.944 0.18 0.103 0.641 0.904 0.126 0.322 0.108 0.276 0.352 0.768
1022 0.512 0.862 0.245 0.74 0.298 0.652 0.476 0.901 0.3 0.951 0.159 0.141 0.69 0.862 0.092 0.396 0.053 0.328 0.409 0.829
1023 0.526 0.829 0.302 0.78 0.362 0.655 0.496 0.89 0.378 0.927 0.156 0.17 0.703 0.777 0.116 0.452 0.067 0.402 0.469 0.852
1024 0.571 0.802 0.362 0.796 0.422 0.635 0.519 0.864 0.435 0.889 0.149 0.213 0.702 0.724 0.168 0.493 0.094 0.463 0.523 0.841
1025 0.625 0.804 0.426 0.772 0.471 0.62 0.543 0.85 0.5 0.879 0.162 0.263 0.701 0.641 0.214 0.52 0.154 0.489 0.571 0.809
1026 0.651 0.844 0.476 0.739 0.52 0.601 0.576 0.866 0.582 0.894 0.142 0.344 0.655 0.579 0.231 0.547 0.175 0.517 0.607 0.786
1027 0.688 0.882 0.527 0.713 0.574 0.588 0.592 0.889 0.643 0.947 0.098 0.408 0.582 0.595 0.237 0.594 0.184 0.513 0.658 0.782
1028 0.732 0.895 0.562 0.693 0.533 0.563 0.598 0.914 0.679 0.972 0.1 0.456 0.547 0.619 0.209 0.6 0.213 0.513 0.71 0.819
1029 0.766 0.929 0.617 0.703 0.52 0.522 0.603 0.941 0.722 0.961 0.117 0.517 0.557 0.668 0.196 0.544 0.176 0.532 0.768 0.856
1030 0.8 0.952 0.685 0.735 0.561 0.455 0.611 0.963 0.78 0.967 0.117 0.598 0.607 0.704 0.184 0.525 0.163 0.488 0.808 0.866
1031 0.86 0.943 0.734 0.78 0.626 0.409 0.628 0.979 0.816 1.002 0.124 0.671 0.661 0.714 0.16 0.475 0.098 0.427 0.85 0.887
1032 0.929 0.944 0.781 0.799 0.699 0.413 0.652 0.984 0.849 1.022 0.118 0.75 0.722 0.725 0.123 0.446 0.07 0.45 0.898 0.904
1033 0.998 0.934 0.837 0.798 0.757 0.475 0.67 0.975 0.889 1.052 0.12 0.809 0.781 0.727 0.112 0.511 0.089 0.436 0.95 0.894
1034 1.061 0.905 0.894 0.778 0.804 0.508 0.684 0.964 0.933 1.058 0.118 0.842 0.826 0.692 0.159 0.539 0.129 0.482 0.953 0.847
1035 1.102 0.894 0.941 0.74 0.878 0.465 0.699 0.96 0.979 1.047 0.122 0.873 0.861 0.631 0.186 0.55 0.162 0.516 0.928 0.777
1036 1.152 0.888 0.973 0.668 0.914 0.364 0.715 0.962 1.008 1.015 0.136 0.897 0.918 0.596 0.237 0.547 0.178 0.539 0.93 0.711
1037 1.164 0.863 0.988 0.593 0.877 0.287 0.735 0.966 1.021 0.981 0.186 0.916 0.938 0.524 0.28 0.531 0.22 0.559 0.941 0.633
1038 1.139 0.792 0.988 0.522 0.779 0.264 0.756 0.961 1.015 0.953 0.229 0.943 0.92 0.453 0.306 0.528 0.275 0.588 0.934 0.549
1039 1.124 0.684 0.968 0.441 0.677 0.283 0.772 0.95 1.013 0.935 0.213 0.995 0.892 0.405 0.342 0.526 0.312 0.633 0.916 0.469
1040 1.117 0.581 0.958 0.388 0.576 0.319 0.779 0.936 1.036 0.925 0.22 1.026 0.888 0.354 0.372 0.542 0.313 0.686 0.892 0.416
1041 1.149 0.545 0.937 0.326 0.491 0.404 0.78 0.91 1.038 0.888 0.24 1.076 0.915 0.334 0.363 0.593 0.309 0.715 0.876 0.371
1042 1.145 0.483 0.927 0.268 0.454 0.472 0.77 0.89 1.031 0.849 0.263 1.126 0.943 0.341 0.336 0.648 0.327 0.741 0.894 0.314
1043 1.122 0.398 0.916 0.216 0.41 0.577 0.759 0.879 1.039 0.811 0.316 1.153 0.992 0.374 0.326 0.694 0.347 0.752 0.922 0.279
1044 1.114 0.332 0.897 0.173 0.373 0.677 0.742 0.869 1.061 0.781 0.368 1.143 1.042 0.388 0.346 0.746 0.365 0.792 0.925 0.236
1045 1.096 0.266 0.866 0.142 0.372 0.768 0.724 0.866 1.067 0.742 0.415 1.126 1.076 0.386 0.357 0.812 0.388 0.825 0.909 0.179
1046 1.118 0.201 0.836 0.143 0.45 0.832 0.693 0.874 1.072 0.699 0.465 1.112 1.11 0.341 0.373 0.875 0.421 0.863 0.886 0.141
1047 1.141 0.184 0.788 0.149 0.542 0.861 0.661 0.874 1.064 0.659 0.52 1.108 1.126 0.282 0.39 0.932 0.497 0.916 0.832 0.119
1048 1.168 0.175 0.744 0.14 0.616 0.852 0.631 0.875 1.028 0.637 0.572 1.101 1.145 0.221 0.406 0.984 0.532 0.972 0.785 0.102
1049 1.15 0.2 0.706 0.135 0.605 0.838 0.674 0.802 1.005 0.629 0.611 1.104 1.15 0.216 0.432 1.019 0.58 0.989 0.76 0.081
1050 1.142 0.179 0.67 0.156 0.618 0.825 0.716 0.722 0.964 0.605 0.65 1.123 1.157 0.2 0.478 1.043 0.64 0.982 0.71 0.076
1051 1.147 0.144 0.616 0.167 0.639 0.786 0.797 0.644 0.912 0.594 0.681 1.154 1.16 0.181 0.538 1.052 0.707 0.968 0.621 0.103
1052 1.14 0.161 0.577 0.198 0.682 0.748 0.877 0.649 0.868 0.577 0.721 1.156 1.152 0.185 0.576 1.057 0.773 0.987 0.553 0.104
1053 1.164 0.122 0.56 0.239 0.715 0.743 0.883 0.75 0.836 0.532 0.763 1.133 1.165 0.156 0.606 1.068 0.829 0.982 0.514 0.125
1054 1.101 0.06 0.545 0.284 0.766 0.753 0.892 0.848 0.828 0.493 0.805 1.119 1.145 0.116 0.663 1.066 0.862 1.022 0.525 0.208
1055 1.015 0.049 0.511 0.329 0.795 0.79 0.905 0.936 0.853 0.438 0.838 1.084 1.096 0.075 0.714 1.058 0.898 1.061 0.558 0.268
1056 0.999 0.11 0.508 0.366 0.821 0.844 0.936 1.025 0.878 0.389 0.892 1.069 1.037 0.067 0.774 1.06 0.984 1.073 0.55 0.343
1057 0.93 0.173 0.487 0.403 0.851 0.879 1.009 1.035 0.912 0.35 0.946 1.085 0.998 0.12 0.826 1.084 1.062 1.003 0.515 0.396
1058 0.811 0.259 0.443 0.447 0.896 0.892 1.077 0.987 0.941 0.327 1.007 1.096 0.925 0.166 0.891 1.093 1.092 0.92 0.486 0.453
1059 0.78 0.333 0.4 0.499 0.93 0.896 1.109 0.893 0.947 0.285 1.065 1.1 0.864 0.222 0.966 1.09 1.059 0.856 0.425 0.494
1060 0.643 0.409 0.378 0.528 0.955 0.911 1.083 0.793 0.95 0.237 1.118 1.086 0.786 0.297 1.029 1.056 0.977 0.879 0.41 0.574
1061 0.526 0.469 0.35 0.533 0.963 0.907 1.027 0.683 0.924 0.215 1.132 1.039 0.689 0.368 1.048 0.997 0.977 0.902 0.389 0.62
1062 0.443 0.537 0.349 0.567 0.915 0.951 1.0 0.589 0.866 0.227 1.13 0.982 0.592 0.424 1.06 0.948 0.949 0.91 0.346 0.639
1063 0.414 0.626 0.382 0.588 0.879 0.909 0.941 0.488 0.806 0.24 1.134 0.919 0.52 0.483 1.066 0.89 0.933 0.922 0.321 0.686
1064 0.404 0.684 0.432 0.56 0.873 0.853 0.838 0.436 0.763 0.253 1.134 0.858 0.464 0.557 1.092 0.858 0.91 0.922 0.329 0.728
1065 0.43 0.71 0.433 0.551 0.818 0.816 0.737 0.458 0.71 0.283 1.131 0.807 0.476 0.547 1.081 0.814 0.893 0.906 0.351 0.772
1066 0.46 0.739 0.479 0.493 0.778 0.774 0.631 0.481 0.663 0.299 1.142 0.745 0.485 0.521 1.074 0.761 0.872 0.885 0.403 0.789
1067 0.452 0.775 0.571 0.488 0.795 0.734 0.584 0.49 0.61 0.308 1.155 0.694 0.449 0.549 1.089 0.726 0.851 0.866 0.437 0.813
1068 0.472 0.831 0.492 0.538 0.839 0.731 0.599 0.525 0.57 0.337 1.132 0.649 0.457 0.661 1.057 0.675 0.826 0.855 0.427 0.818
1069 0.515 0.849 0.476 0.619 0.883 0.745 0.6 0.62 0.518 0.348 1.115 0.587 0.502 0.764 1.012 0.66 0.801 0.853 0.393 0.819
1070 0.565 0.858 0.467 0.717 0.922 0.739 0.57 0.692 0.492 0.394 1.118 0.531 0.54 0.835 0.981 0.67 0.772 0.867 0.359 0.805
1071 0.596 0.891 0.462 0.748 0.96 0.72 0.503 0.737 0.484 0.446 1.118 0.484 0.596 0.849 0.953 0.662 0.754 0.89 0.469 0.8
1072 0.552 0.949 0.539 0.838 0.952 0.672 0.618 0.843 0.491 0.506 1.132 0.413 0.608 0.855 0.969 0.605 0.736 0.902 0.531 0.87
1073 0.545 0.984 0.646 0.894 0.976 0.587 0.708 0.896 0.495 0.554 1.147 0.344 0.663 0.862 1.013 0.535 0.74 0.866 0.623 0.904
1074 0.583 1.016 0.757 0.879 1.04 0.521 0.767 0.841 0.525 0.596 1.145 0.271 0.756 0.849 1.054 0.465 0.867 0.779 0.688 0.88
1075 0.629 1.007 0.773 0.831 1.061 0.446 0.876 0.799 0.566 0.625 1.163 0.212 0.855 0.78 1.083 0.392 0.958 0.656 0.672 0.853
1076 0.664 1.01 0.856 0.775 1.036 0.39 0.963 0.663 0.639 0.626 1.173 0.16 0.916 0.669 1.095 0.324 1.013 0.516 0.675 0.83
1077 0.711 0.988 0.901 0.692 1.027 0.288 1.0 0.538 0.675 0.628 1.141 0.129 0.933 0.556 1.065 0.292 1.049 0.398 0.68 0.817
1078 0.786 0.966 0.918 0.571 0.994 0.207 1.018 0.412 0.721 0.614 1.103 0.119 0.977 0.414 1.02 0.281 1.036 0.295 0.676 0.784
1079 0.826 0.961 0.901 0.449 0.908 0.184 1.005 0.286 0.745 0.579 1.036 0.109 0.953 0.295 1.015 0.197 0.977 0.242 0.681 0.784
1080 0.856 0.915 0.881 0.336 0.818 0.141 1.0 0.217 0.757 0.531 0.989 0.079 0.894 0.208 0.918 0.139 0.92 0.192 0.688 0.766
1081 0.869 0.839 0.81 0.234 0.716 0.118 0.951 0.184 0.754 0.487 0.922 0.048 0.812 0.149 0.828 0.099 0.888 0.142 0.69 0.744
1082 0.869 0.77 0.698 0.204 0.642 0.084 0.893 0.186 0.743 0.459 0.871 0.039 0.723 0.122 0.74 0.072 0.851 0.109 0.699 0.725
1083 0.864 0.703 0.597 0.198 0.535 0.105 0.834 0.178 0.761 0.419 0.829 0.046 0.628 0.112 0.657 0.064 0.81 0.101 0.695 0.7
1084 0.843 0.63 0.487 0.217 0.439 0.148 0.772 0.217 0.783 0.388 0.783 0.046 0.549 0.131 0.569 0.065 0.76 0.11 0.681 0.681
1085 0.821 0.563 0.383 0.241 0.351 0.211 0.721 0.273 0.817 0.359 0.741 0.057 0.472 0.136 0.484 0.072 0.706 0.106 0.654 0.669
1086 0.802 0.501 0.299 0.306 0.268 0.271 0.655 0.254 0.849 0.361 0.69 0.056 0.389 0.169 0.402 0.066 0.652 0.09 0.636 0.664
1087 0.787 0.438 0.256 0.385 0.186 0.267 0.598 0.179 0.88 0.393 0.644 0.05 0.348 0.245 0.329 0.082 0.607 0.086 0.61 0.656
1088 0.818 0.39 0.21 0.472 0.099 0.221 0.482 0.148 0.886 0.43 0.579 0.048 0.307 0.333 0.257 0.104 0.551 0.084 0.581 0.651
1089 0.825 0.347 0.152 0.53 0.053 0.284 0.35 0.149 0.873 0.482 0.513 0.038 0.282 0.424 0.181 0.125 0.51 0.084 0.556 0.656
1090 0.808 0.304 0.137 0.62 0.071 0.406 0.244 0.197 0.849 0.514 0.455 0.042 0.224 0.507 0.133 0.171 0.48 0.107 0.537 0.657
1091 0.784 0.283 0.167 0.714 0.081 0.522 0.176 0.285 0.821 0.539 0.414 0.043 0.186 0.607 0.063 0.202 0.446 0.168 0.507 0.652
1092 0.777 0.258 0.261 0.77 0.096 0.654 0.122 0.338 0.789 0.57 0.389 0.027 0.197 0.697 0.045 0.262 0.409 0.226 0.477 0.651
1093 0.77 0.221 0.353 0.764 0.149 0.753 0.084 0.397 0.745 0.587 0.326 0.04 0.265 0.737 0.063 0.327 0.422 0.254 0.455 0.682
1094 0.778 0.186 0.445 0.793 0.188 0.828 0.085 0.472 0.697 0.611 0.283 0.057 0.358 0.74 0.073 0.382 0.453 0.281 0.472 0.713
1095 0.757 0.144 0.502 0.868 0.23 0.901 0.066 0.53 0.659 0.636 0.253 0.096 0.427 0.76 0.083 0.445 0.464 0.325 0.513 0.719
1096 0.719 0.122 0.524 0.912 0.248 0.976 0.088 0.599 0.631 0.678 0.205 0.131 0.492 0.806 0.083 0.495 0.46 0.351 0.54 0.721
1097 0.685 0.102 0.59 0.959 0.229 1.039 0.098 0.684 0.639 0.722 0.143 0.126 0.569 0.859 0.09 0.552 0.483 0.373 0.56 0.719
1098 0.677 0.068 0.66 0.935 0.198 1.113 0.071 0.745 0.676 0.768 0.074 0.154 0.659 0.891 0.114 0.611 0.529 0.367 0.584 0.703
1099 0.694 0.042 0.743 0.883 0.31 1.133 0.088 0.813 0.708 0.792 0.04 0.202 0.742 0.845 0.12 0.675 0.567 0.36 0.608 0.696
1100 0.726 0.05 0.835 0.84 0.414 1.098 0.1 0.878 0.739 0.805 0.057 0.277 0.818 0.803 0.127 0.745 0.595 0.363 0.635 0.69
1101 0.752 0.045 0.917 0.782 0.515 1.055 0.154 0.962 0.778 0.821 0.066 0.358 0.893 0.735 0.144 0.809 0.614 0.41 0.662 0.676
1102 0.789 0.057 0.993 0.715 0.616 1.024 0.154 1.038 0.812 0.81 0.072 0.43 0.968 0.676 0.165 0.87 0.628 0.472 0.681 0.654
1103 0.81 0.039 1.055 0.651 0.666 0.98 0.14 1.103 0.85 0.775 0.082 0.499 1.056 0.627 0.187 0.944 0.655 0.517 0.689 0.627
1104 0.845 0.038 1.033 0.546 0.694 0.909 0.181 1.139 0.885 0.749 0.084 0.572 1.091 0.531 0.215 1.013 0.682 0.553 0.696 0.607
1105 0.878 0.047 1.019 0.454 0.678 0.862 0.24 1.158 0.906 0.717 0.08 0.634 1.11 0.449 0.271 1.054 0.704 0.589 0.684 0.606
1106 0.895 0.058 0.994 0.37 0.684 0.831 0.297 1.163 0.892 0.673 0.065 0.683 1.117 0.366 0.337 1.066 0.714 0.574 0.681 0.661
1107 0.883 0.048 0.965 0.281 0.715 0.774 0.387 1.131 0.88 0.634 0.064 0.729 1.13 0.288 0.383 1.073 0.728 0.558 0.686 0.714
1108 0.873 0.076 0.979 0.209 0.78 0.751 0.46 1.138 0.876 0.588 0.047 0.773 1.12 0.226 0.451 1.061 0.741 0.534 0.715 0.748
1109 0.899 0.097 1.051 0.141 0.819 0.787 0.487 1.158 0.877 0.543 0.063 0.826 1.099 0.175 0.515 1.048 0.738 0.514 0.734 0.79
1110 0.937 0.075 0.99 0.088 0.774 0.847 0.517 1.165 0.889 0.496 0.074 0.885 1.074 0.105 0.562 1.045 0.715 0.499 0.732 0.828
1111 0.881 0.107 0.934 0.049 0.738 0.87 0.575 1.141 0.913 0.471 0.073 0.956 1.01 0.085 0.632 1.003 0.693 0.487 0.691 0.858
1112 0.784 0.141 0.884 0.034 0.693 0.878 0.602 1.163 0.889 0.405 0.091 1.008 0.928 0.065 0.675 0.956 0.67 0.474 0.659 0.921
1113 0.705 0.234 0.84 0.04 0.651 0.901 0.643 1.157 0.864 0.369 0.135 1.058 0.844 0.08 0.659 0.962 0.649 0.462 0.587 0.944
1114 0.648 0.324 0.788 0.039 0.616 0.832 0.686 1.137 0.833 0.357 0.203 1.069 0.781 0.101 0.628 0.884 0.628 0.447 0.51 0.959
1115 0.572 0.381 0.775 0.02 0.623 0.762 0.681 1.091 0.794 0.377 0.257 1.067 0.718 0.095 0.61 0.807 0.604 0.439 0.456 0.952
1116 0.481 0.457 0.734 0.035 0.606 0.706 0.728 1.073 0.749 0.386 0.33 1.067 0.641 0.101 0.61 0.747 0.577 0.46 0.42 0.96
1117 0.465 0.568 0.677 0.068 0.604 0.672 0.76 1.092 0.71 0.372 0.371 1.039 0.562 0.135 0.61 0.707 0.568 0.487 0.384 0.992
1118 0.458 0.672 0.622 0.102 0.591 0.595 0.829 1.11 0.679 0.357 0.339 1.027 0.535 0.246 0.599 0.651 0.572 0.514 0.378 1.001
1119 0.448 0.8 0.605 0.168 0.583 0.528 0.874 1.136 0.636 0.374 0.297 1.042 0.554 0.348 0.585 0.573 0.579 0.493 0.377 0.957
1120 0.438 0.905 0.598 0.241 0.584 0.515 0.893 1.146 0.61 0.394 0.275 1.059 0.58 0.431 0.598 0.543 0.584 0.47 0.43 0.917
1121 0.485 0.919 0.589 0.297 0.594 0.488 0.928 1.148 0.572 0.4 0.267 1.076 0.605 0.443 0.622 0.549 0.557 0.468 0.516 0.974
1122 0.571 0.929 0.573 0.342 0.599 0.522 0.987 1.148 0.515 0.385 0.229 1.099 0.554 0.461 0.644 0.553 0.507 0.478 0.62 0.937
1123 0.651 0.946 0.533 0.358 0.63 0.555 1.034 1.151 0.468 0.361 0.177 1.101 0.5 0.483 0.671 0.552 0.466 0.504 0.716 0.911
1124 0.708 0.987 0.494 0.362 0.653 0.588 1.084 1.137 0.445 0.322 0.135 1.09 0.443 0.504 0.697 0.543 0.423 0.536 0.815 0.926
1125 0.754 1.041 0.459 0.331 0.673 0.575 1.122 1.121 0.404 0.296 0.091 1.083 0.411 0.548 0.721 0.533 0.381 0.587 0.914 0.999
1126 0.813 1.074 0.421 0.304 0.666 0.56 1.136 1.088 0.355 0.293 0.084 1.035 0.374 0.596 0.738 0.52 0.337 0.631 1.024 1.026
1127 0.867 1.095 0.376 0.314 0.67 0.541 1.135 1.027 0.321 0.321 0.105 1.008 0.314 0.652 0.752 0.498 0.283 0.687 1.079 0.963
1128 0.934 1.085 0.352 0.382 0.687 0.522 1.134 0.931 0.292 0.363 0.142 0.983 0.256 0.702 0.767 0.477 0.25 0.76 1.049 0.841
1129 0.992 1.094 0.341 0.449 0.712 0.517 1.119 0.827 0.261 0.4 0.176 0.925 0.238 0.774 0.779 0.466 0.218 0.838 1.004 0.733
1130 1.028 1.122 0.318 0.491 0.739 0.509 1.045 0.728 0.235 0.438 0.152 0.883 0.214 0.854 0.798 0.458 0.168 0.88 0.961 0.632
1131 1.095 1.096 0.263 0.504 0.759 0.48 1.004 0.664 0.218 0.484 0.112 0.821 0.171 0.865 0.802 0.435 0.157 0.858 0.912 0.541
1132 1.117 1.034 0.224 0.582 0.75 0.453 1.036 0.602 0.219 0.479 0.106 0.767 0.17 0.836 0.796 0.414 0.17 0.812 0.811 0.512
1133 1.117 0.959 0.198 0.687 0.733 0.441 0.994 0.51 0.212 0.495 0.133 0.721 0.175 0.873 0.782 0.392 0.176 0.862 0.718 0.503
1134 1.118 0.892 0.209 0.754 0.704 0.429 0.882 0.454 0.226 0.556 0.172 0.712 0.195 0.876 0.77 0.36 0.181 0.849 0.634 0.48
1135 1.107 0.83 0.209 0.785 0.676 0.421 0.793 0.412 0.245 0.619 0.187 0.685 0.18 0.864 0.759 0.327 0.163 0.845 0.537 0.515
1136 1.093 0.776 0.231 0.807 0.646 0.417 0.753 0.355 0.223 0.644 0.212 0.673 0.187 0.852 0.752 0.294 0.17 0.842 0.433 0.555
1137 1.09 0.71 0.268 0.824 0.593 0.385 0.765 0.3 0.236 0.672 0.206 0.674 0.229 0.815 0.744 0.269 0.18 0.858 0.359 0.603
1138 1.093 0.636 0.296 0.833 0.529 0.372 0.784 0.24 0.271 0.719 0.223 0.699 0.255 0.833 0.727 0.247 0.219 0.845 0.266 0.565
1139 1.109 0.571 0.332 0.846 0.407 0.428 0.786 0.192 0.268 0.758 0.229 0.74 0.244 0.829 0.704 0.234 0.23 0.815 0.235 0.468
1140 1.145 0.529 0.359 0.866 0.308 0.449 0.807 0.154 0.254 0.784 0.226 0.763 0.286 0.838 0.672 0.225 0.275 0.813 0.234 0.392
1141 1.127 0.454 0.375 0.903 0.257 0.411 0.856 0.129 0.263 0.781 0.243 0.769 0.33 0.861 0.652 0.225 0.244 0.819 0.236 0.308
1142 1.084 0.431 0.35 0.953 0.29 0.367 0.901 0.127 0.266 0.735 0.218 0.806 0.358 0.897 0.63 0.227 0.222 0.876 0.26 0.361
1143 1.004 0.408 0.316 0.98 0.313 0.385 0.938 0.113 0.288 0.713 0.224 0.9 0.359 0.924 0.608 0.236 0.226 0.938 0.299 0.434
1144 0.935 0.4 0.273 0.994 0.355 0.443 0.985 0.124 0.312 0.698 0.23 0.948 0.337 0.963 0.588 0.24 0.23 0.991 0.323 0.54
1145 0.856 0.409 0.281 0.989 0.368 0.534 1.005 0.135 0.312 0.661 0.244 1.015 0.316 1.014 0.563 0.247 0.211 1.038 0.305 0.635
1146 0.785 0.421 0.283 1.032 0.373 0.625 1.004 0.146 0.307 0.691 0.208 1.022 0.321 1.059 0.547 0.251 0.201 1.075 0.28 0.624
1147 0.717 0.456 0.216 1.063 0.378 0.696 0.997 0.126 0.35 0.738 0.166 1.011 0.317 1.085 0.531 0.255 0.205 1.103 0.279 0.586
1148 0.666 0.496 0.178 1.076 0.412 0.752 1.011 0.157 0.432 0.769 0.137 0.984 0.285 1.12 0.514 0.269 0.251 1.122 0.285 0.556
1149 0.614 0.535 0.141 1.027 0.482 0.698 0.987 0.195 0.513 0.777 0.144 0.895 0.303 1.106 0.505 0.302 0.248 1.127 0.292 0.53
1150 0.582 0.584 0.112 1.029 0.487 0.603 0.935 0.206 0.58 0.72 0.149 0.832 0.362 1.08 0.524 0.329 0.23 1.108 0.31 0.492
1151 0.537 0.605 0.138 0.937 0.496 0.511 0.868 0.183 0.582 0.648 0.163 0.777 0.426 1.042 0.537 0.351 0.213 1.092 0.301 0.454
1152 0.473 0.573 0.154 0.828 0.53 0.407 0.809 0.199 0.577 0.579 0.181 0.739 0.482 0.987 0.556 0.368 0.163 1.093 0.285 0.416
1153 0.444 0.5 0.136 0.767 0.5 0.321 0.771 0.245 0.575 0.483 0.21 0.74 0.504 0.947 0.592 0.373 0.117 1.096 0.251 0.395
1154 0.413 0.432 0.127 0.725 0.436 0.272 0.714 0.223 0.614 0.388 0.247 0.72 0.541 0.911 0.623 0.364 0.105 1.054 0.202 0.365
1155 0.363 0.382 0.152 0.659 0.332 0.285 0.663 0.222 0.643 0.327 0.273 0.68 0.579 0.895 0.666 0.308 0.111 1.004 0.161 0.328
1156 0.334 0.355 0.16 0.571 0.262 0.356 0.627 0.191 0.637 0.295 0.301 0.659 0.608 0.865 0.68 0.233 0.105 0.954 0.141 0.281
1157 0.298 0.337 0.138 0.508 0.222 0.412 0.587 0.159 0.623 0.281 0.328 0.643 0.638 0.844 0.663 0.184 0.104 0.906 0.121 0.24
1158 0.259 0.318 0.077 0.524 0.186 0.485 0.56 0.106 0.647 0.257 0.355 0.62 0.627 0.803 0.626 0.168 0.112 0.836 0.134 0.197
1159 0.235 0.268 0.092 0.701 0.156 0.572 0.536 0.078 0.672 0.248 0.375 0.593 0.618 0.776 0.58 0.138 0.099 0.741 0.157 0.174
1160 0.275 0.206 0.11 0.731 0.138 0.655 0.451 0.08 0.698 0.239 0.395 0.547 0.618 0.738 0.528 0.125 0.107 0.753 0.176 0.138
1161 0.29 0.14 0.13 0.707 0.108 0.694 0.364 0.048 0.724 0.223 0.427 0.521 0.597 0.68 0.494 0.167 0.095 0.73 0.23 0.103
1162 0.287 0.105 0.153 0.706 0.1 0.705 0.33 0.047 0.746 0.218 0.473 0.512 0.582 0.625 0.456 0.182 0.112 0.76 0.248 0.069
1163 0.315 0.076 0.144 0.764 0.093 0.652 0.351 0.046 0.778 0.224 0.528 0.525 0.55 0.587 0.392 0.163 0.15 0.839 0.3 0.057
1164 0.335 0.04 0.134 0.858 0.101 0.586 0.386 0.071 0.809 0.227 0.548 0.546 0.561 0.565 0.358 0.143 0.227 0.913 0.326 0.047
1165 0.299 0.047 0.203 0.938 0.109 0.523 0.435 0.071 0.842 0.232 0.567 0.519 0.565 0.612 0.317 0.109 0.331 0.955 0.282 0.04
1166 0.285 0.059 0.296 0.964 0.113 0.478 0.482 0.07 0.874 0.232 0.6 0.496 0.558 0.666 0.253 0.102 0.407 1.005 0.271 0.088
1167 0.266 0.085 0.379 0.987 0.109 0.431 0.52 0.078 0.907 0.226 0.633 0.504 0.552 0.716 0.212 0.1 0.513 1.029 0.251 0.119
1168 0.232 0.13 0.467 1.017 0.104 0.374 0.568 0.08 0.933 0.209 0.672 0.524 0.562 0.749 0.174 0.139 0.589 1.011 0.223 0.179
1169 0.18 0.183 0.546 1.009 0.148 0.295 0.625 0.083 0.954 0.181 0.714 0.557 0.591 0.771 0.153 0.204 0.64 0.93 0.17 0.255
1170 0.119 0.159 0.605 0.956 0.135 0.28 0.679 0.095 0.959 0.157 0.728 0.61 0.619 0.78 0.123 0.258 0.68 0.82 0.167 0.254
1171 0.093 0.146 0.652 0.896 0.146 0.32 0.727 0.124 0.972 0.138 0.76 0.656 0.652 0.778 0.119 0.3 0.73 0.74 0.156 0.228
1172 0.085 0.151 0.671 0.827 0.171 0.346 0.781 0.122 0.994 0.121 0.806 0.653 0.685 0.778 0.136 0.339 0.809 0.709 0.123 0.194
1173 0.07 0.133 0.627 0.799 0.206 0.363 0.841 0.117 1.026 0.119 0.823 0.608 0.72 0.783 0.16 0.39 0.87 0.697 0.094 0.157
1174 0.077 0.073 0.582 0.758 0.243 0.384 0.903 0.103 1.06 0.117 0.832 0.564 0.746 0.792 0.167 0.426 0.907 0.64 0.085 0.127
1175 0.052 0.053 0.539 0.728 0.277 0.409 0.958 0.094 1.085 0.112 0.837 0.507 0.775 0.81 0.157 0.46 0.927 0.532 0.064 0.101
1176 0.055 0.076 0.469 0.73 0.299 0.448 0.989 0.108 1.112 0.102 0.886 0.481 0.767 0.85 0.148 0.506 0.923 0.436 0.035 0.103
1177 0.1 0.07 0.386 0.621 0.299 0.455 0.988 0.152 1.138 0.081 0.892 0.428 0.744 0.882 0.171 0.544 0.911 0.323 0.032 0.189
1178 0.099 0.123 0.303 0.513 0.261 0.48 0.979 0.193 1.16 0.08 0.875 0.395 0.723 0.911 0.218 0.536 0.814 0.282 0.03 0.235
1179 0.078 0.167 0.245 0.476 0.22 0.444 0.937 0.231 1.165 0.116 0.818 0.376 0.695 0.937 0.24 0.497 0.7 0.294 0.1 0.294
1180 0.116 0.204 0.208 0.408 0.164 0.4 0.879 0.252 1.148 0.141 0.76 0.387 0.667 0.973 0.248 0.459 0.598 0.318 0.122 0.401
1181 0.112 0.242 0.222 0.422 0.145 0.39 0.841 0.289 1.114 0.179 0.725 0.376 0.651 1.013 0.151 0.495 0.489 0.33 0.132 0.413
1182 0.05 0.267 0.185 0.409 0.09 0.368 0.825 0.329 1.085 0.201 0.694 0.345 0.679 1.041 0.216 0.593 0.383 0.346 0.121 0.463
1183 0.08 0.274 0.162 0.477 0.048 0.303 0.828 0.373 1.04 0.217 0.647 0.331 0.73 1.03 0.24 0.643 0.284 0.386 0.126 0.509
1184 0.137 0.214 0.176 0.552 0.08 0.322 0.83 0.418 1.005 0.242 0.634 0.32 0.765 0.992 0.249 0.67 0.228 0.475 0.141 0.539
1185 0.217 0.161 0.204 0.639 0.127 0.303 0.806 0.443 0.978 0.273 0.619 0.288 0.8 0.962 0.258 0.751 0.202 0.568 0.13 0.588
1186 0.306 0.155 0.24 0.711 0.189 0.283 0.777 0.472 0.953 0.302 0.612 0.253 0.821 0.916 0.23 0.814 0.25 0.659 0.122 0.644
1187 0.391 0.131 0.257 0.792 0.236 0.275 0.729 0.487 0.925 0.326 0.626 0.222 0.829 0.868 0.165 0.842 0.334 0.696 0.117 0.681
1188 0.475 0.114 0.229 0.842 0.288 0.247 0.677 0.511 0.916 0.37 0.627 0.183 0.818 0.82 0.119 0.88 0.409 0.729 0.134 0.704
1189 0.565 0.1 0.203 0.898 0.332 0.208 0.636 0.556 0.908 0.422 0.589 0.153 0.792 0.787 0.098 0.945 0.52 0.722 0.146 0.733
1190 0.589 0.116 0.183 0.967 0.383 0.177 0.596 0.597 0.893 0.474 0.665 0.107 0.775 0.767 0.098 1.003 0.584 0.666 0.177 0.758
1191 0.62 0.097 0.174 1.02 0.446 0.16 0.6 0.592 0.872 0.523 0.754 0.101 0.755 0.745 0.117 1.062 0.552 0.617 0.196 0.807
1192 0.646 0.061 0.185 1.066 0.501 0.137 0.627 0.548 0.856 0.569 0.857 0.108 0.742 0.726 0.108 1.112 0.515 0.595 0.184 0.881
1193 0.674 0.053 0.211 1.101 0.557 0.124 0.665 0.502 0.834 0.6 0.965 0.112 0.72 0.701 0.159 1.139 0.5 0.551 0.177 0.936
1194 0.663 0.071 0.259 1.078 0.618 0.104 0.665 0.426 0.806 0.629 1.019 0.132 0.682 0.695 0.204 1.119 0.472 0.505 0.195 0.997
1195 0.628 0.072 0.275 1.016 0.601 0.076 0.639 0.311 0.768 0.653 1.088 0.119 0.649 0.704 0.297 1.109 0.44 0.44 0.263 1.01
1196 0.634 0.053 0.325 0.993 0.566 0.123 0.614 0.194 0.73 0.671 1.131 0.124 0.621 0.722 0.354 1.123 0.466 0.35 0.308 0.977
1197 0.708 0.077 0.379 0.962 0.526 0.124 0.558 0.145 0.693 0.68 1.137 0.191 0.575 0.74 0.396 1.136 0.489 0.26 0.365 0.941
1198 0.775 0.104 0.407 0.928 0.48 0.12 0.464 0.147 0.652 0.702 1.158 0.246 0.532 0.725 0.453 1.126 0.512 0.184 0.397 0.91
1199 0.845 0.131 0.456 0.934 0.441 0.127 0.377 0.105 0.633 0.699 1.135 0.324 0.501 0.676 0.501 1.084 0.47 0.131 0.426 0.891
1200 0.908 0.148 0.52 0.917 0.405 0.122 0.317 0.156 0.645 0.677 1.102 0.41 0.481 0.647 0.566 1.034 0.438 0.084 0.424 0.849
1201 0.974 0.174 0.602 0.915 0.36 0.125 0.29 0.269 0.663 0.664 1.095 0.489 0.446 0.626 0.626 0.97 0.387 0.054 0.441 0.811
1202 1.01 0.241 0.683 0.895 0.32 0.17 0.284 0.355 0.683 0.653 0.961 0.505 0.406 0.589 0.72 0.923 0.335 0.046 0.481 0.776
1203 0.972 0.34 0.765 0.845 0.287 0.208 0.295 0.479 0.699 0.647 0.803 0.518 0.366 0.554 0.806 0.871 0.291 0.073 0.465 0.741
1204 0.857 0.418 0.819 0.769 0.25 0.234 0.294 0.571 0.716 0.642 0.65 0.528 0.331 0.547 0.801 0.799 0.255 0.118 0.435 0.696
1205 0.74 0.469 0.823 0.656 0.222 0.28 0.35 0.654 0.729 0.633 0.512 0.563 0.294 0.561 0.815 0.743 0.194 0.123 0.387 0.67
1206 0.634 0.522 0.843 0.606 0.235 0.33 0.368 0.674 0.731 0.612 0.413 0.639 0.255 0.59 0.813 0.672 0.132 0.104 0.352 0.719
1207 0.541 0.586 0.8 0.554 0.229 0.392 0.359 0.707 0.707 0.596 0.37 0.705 0.244 0.633 0.772 0.601 0.096 0.101 0.422 0.778
1208 0.473 0.648 0.744 0.533 0.216 0.453 0.383 0.752 0.68 0.596 0.408 0.767 0.253 0.667 0.728 0.558 0.064 0.083 0.492 0.791
1209 0.427 0.699 0.695 0.488 0.2 0.517 0.41 0.78 0.657 0.607 0.495 0.792 0.283 0.692 0.687 0.538 0.068 0.037 0.579 0.758
1210 0.403 0.746 0.616 0.468 0.203 0.581 0.454 0.802 0.645 0.615 0.572 0.797 0.301 0.702 0.603 0.512 0.042 0.054 0.66 0.742
1211 0.434 0.784 0.525 0.456 0.224 0.636 0.508 0.813 0.635 0.634 0.643 0.836 0.318 0.729 0.521 0.492 0.047 0.132 0.743 0.768
1212 0.497 0.809 0.415 0.428 0.264 0.672 0.574 0.837 0.646 0.682 0.681 0.913 0.322 0.76 0.445 0.466 0.045 0.221 0.807 0.819
1213 0.566 0.829 0.321 0.412 0.302 0.69 0.623 0.876 0.659 0.779 0.706 0.993 0.314 0.784 0.391 0.465 0.07 0.29 0.859 0.838
1214 0.62 0.863 0.25 0.455 0.302 0.722 0.663 0.911 0.69 0.897 0.759 1.048 0.292 0.809 0.316 0.488 0.082 0.35 0.911 0.835
1215 0.671 0.897 0.221 0.542 0.304 0.757 0.696 0.96 0.718 0.953 0.817 0.958 0.316 0.837 0.257 0.475 0.098 0.406 0.859 0.733
1216 0.689 0.939 0.225 0.632 0.298 0.783 0.671 0.987 0.762 0.972 0.819 0.822 0.341 0.856 0.232 0.455 0.103 0.466 0.822 0.664
1217 0.731 0.953 0.225 0.723 0.269 0.801 0.606 0.958 0.805 0.916 0.837 0.684 0.361 0.864 0.227 0.419 0.089 0.518 0.86 0.519
1218 0.778 0.932 0.172 0.773 0.242 0.822 0.559 0.926 0.838 0.873 0.872 0.567 0.394 0.862 0.303 0.394 0.112 0.593 0.861 0.415
1219 0.815 0.905 0.122 0.795 0.236 0.858 0.512 0.907 0.871 0.859 0.851 0.458 0.427 0.854 0.425 0.38 0.127 0.652 0.768 0.355
1220 0.842 0.893 0.078 0.795 0.245 0.899 0.485 0.889 0.872 0.894 0.771 0.394 0.456 0.84 0.549 0.372 0.12 0.696 0.659 0.35
1221 0.839 0.932 0.047 0.776 0.237 0.934 0.471 0.864 0.875 0.902 0.716 0.336 0.479 0.805 0.563 0.35 0.106 0.722 0.614 0.351
1222 0.831 0.968 0.039 0.776 0.22 0.901 0.473 0.831 0.924 0.924 0.668 0.288 0.51 0.768 0.519 0.376 0.077 0.752 0.62 0.303
1223 0.839 0.991 0.063 0.843 0.246 0.898 0.489 0.803 0.992 0.948 0.592 0.234 0.537 0.757 0.439 0.392 0.097 0.804 0.6 0.296
1224 0.871 1.0 0.061 0.897 0.273 0.919 0.512 0.787 1.045 0.982 0.498 0.23 0.603 0.767 0.379 0.498 0.129 0.862 0.564 0.235
1225 0.893 0.973 0.05 0.916 0.272 0.96 0.531 0.774 1.104 0.976 0.422 0.231 0.634 0.763 0.351 0.609 0.125 0.931 0.547 0.167
1226 0.937 0.939 0.052 0.892 0.235 0.977 0.565 0.768 1.108 0.911 0.359 0.194 0.685 0.761 0.318 0.719 0.104 0.971 0.585 0.101
1227 0.925 0.897 0.124 0.887 0.224 1.014 0.592 0.769 1.112 0.857 0.344 0.137 0.743 0.784 0.238 0.818 0.073 1.013 0.664 0.086
1228 0.907 0.864 0.148 0.953 0.204 1.044 0.625 0.772 1.142 0.814 0.289 0.085 0.793 0.819 0.201 0.934 0.07 1.059 0.766 0.095
1229 0.875 0.834 0.117 1.026 0.179 1.072 0.651 0.774 1.134 0.749 0.196 0.107 0.792 0.858 0.226 1.029 0.085 1.091 0.85 0.077
1230 0.85 0.824 0.113 1.084 0.187 1.116 0.692 0.763 1.129 0.705 0.112 0.155 0.77 0.878 0.326 1.068 0.1 1.114 0.899 0.063
1231 0.813 0.779 0.128 1.108 0.208 1.154 0.711 0.752 1.14 0.66 0.051 0.234 0.744 0.866 0.436 1.052 0.155 1.125 0.974 0.083
1232 0.823 0.742 0.149 1.124 0.232 1.16 0.726 0.743 1.163 0.616 0.111 0.344 0.771 0.843 0.54 1.014 0.22 1.126 1.04 0.128
1233 0.88 0.724 0.202 1.141 0.292 1.134 0.739 0.732 1.153 0.573 0.16 0.458 0.807 0.85 0.64 0.972 0.282 1.131 1.051 0.17
1234 0.914 0.706 0.24 1.162 0.339 1.135 0.758 0.711 1.121 0.517 0.145 0.526 0.843 0.844 0.722 0.92 0.316 1.131 1.012 0.225
1235 0.939 0.665 0.29 1.179 0.385 1.152 0.774 0.696 1.082 0.46 0.132 0.593 0.876 0.842 0.79 0.869 0.366 1.168 0.979 0.284
1236 0.954 0.594 0.358 1.155 0.424 1.165 0.783 0.676 1.05 0.401 0.173 0.706 0.914 0.835 0.86 0.811 0.385 1.177 1.003 0.349
1237 0.97 0.546 0.408 1.156 0.483 1.148 0.783 0.659 1.053 0.381 0.234 0.77 0.965 0.806 0.895 0.713 0.443 1.143 1.026 0.371
1238 0.979 0.492 0.464 1.172 0.529 1.14 0.775 0.645 1.011 0.384 0.341 0.832 1.004 0.824 0.942 0.607 0.524 1.089 0.989 0.391
1239 1.016 0.483 0.533 1.158 0.598 1.151 0.752 0.632 0.977 0.4 0.452 0.939 1.028 0.859 0.942 0.505 0.596 1.087 0.983 0.454
1240 1.041 0.449 0.598 1.151 0.663 1.148 0.721 0.633 1.01 0.426 0.534 1.003 1.035 0.893 0.926 0.437 0.661 1.09 1.014 0.436
1241 1.016 0.463 0.632 1.152 0.725 1.158 0.7 0.623 1.037 0.386 0.59 1.075 1.014 0.936 0.949 0.357 0.726 1.081 1.022 0.407
1242 1.047 0.429 0.665 1.147 0.784 1.162 0.681 0.611 0.997 0.316 0.65 1.12 0.979 0.971 0.954 0.241 0.786 1.073 1.021 0.341
1243 1.027 0.362 0.713 1.152 0.842 1.168 0.666 0.603 1.011 0.274 0.739 1.125 0.952 0.994 0.858 0.202 0.834 1.077 1.036 0.277
1244 1.026 0.317 0.765 1.157 0.887 1.161 0.649 0.593 1.004 0.215 0.823 1.129 0.934 1.03 0.754 0.2 0.891 1.075 1.058 0.221
1245 1.037 0.258 0.806 1.144 0.927 1.151 0.639 0.577 1.004 0.156 0.891 1.124 0.928 1.06 0.65 0.199 0.937 1.079 1.068 0.159
1246 1.05 0.204 0.883 1.143 0.969 1.132 0.635 0.558 0.96 0.111 0.93 1.09 0.955 1.084 0.55 0.212 0.981 1.079 1.053 0.106
1247 1.03 0.142 0.932 1.167 1.004 1.114 0.643 0.541 0.903 0.117 0.897 1.107 0.997 1.031 0.455 0.226 1.02 1.055 1.003 0.072
1248 0.975 0.13 0.98 1.172 1.048 1.07 0.657 0.529 0.87 0.146 0.845 1.077 1.047 1.04 0.389 0.301 1.078 1.056 0.938 0.072
1249 0.922 0.173 0.98 1.163 1.081 1.011 0.678 0.519 0.839 0.168 0.811 1.053 1.099 1.009 0.358 0.399 1.118 1.04 0.885 0.118
1250 0.878 0.181 0.993 1.105 1.098 0.96 0.691 0.545 0.867 0.163 0.773 1.034 1.113 0.947 0.312 0.482 1.148 1.021 0.865 0.144
1251 0.837 0.221 1.073 1.07 1.105 0.918 0.698 0.564 0.815 0.177 0.743 1.006 1.111 0.88 0.336 0.567 1.146 0.97 0.902 0.164
1252 0.823 0.309 1.122 1.017 1.111 0.866 0.706 0.576 0.82 0.228 0.732 0.975 1.118 0.824 0.439 0.596 1.143 0.925 0.866 0.161
1253 0.829 0.376 1.119 0.964 1.12 0.822 0.717 0.589 0.825 0.286 0.706 0.94 1.118 0.77 0.525 0.649 1.154 0.888 0.839 0.19
1254 0.773 0.414 1.121 0.953 1.12 0.772 0.728 0.607 0.82 0.357 0.702 0.916 1.123 0.717 0.613 0.677 1.165 0.882 0.829 0.242
1255 0.682 0.46 1.134 0.912 1.157 0.752 0.729 0.634 0.783 0.397 0.717 0.893 1.135 0.695 0.685 0.652 1.161 0.844 0.808 0.274
1256 0.654 0.556 1.15 0.857 1.129 0.711 0.784 0.665 0.732 0.443 0.725 0.87 1.101 0.688 0.752 0.682 1.145 0.811 0.769 0.281
1257 0.643 0.627 1.11 0.809 1.132 0.67 0.883 0.695 0.697 0.512 0.694 0.843 1.102 0.676 0.802 0.699 1.12 0.78 0.741 0.287
1258 0.602 0.662 1.12 0.762 1.141 0.624 0.961 0.642 0.67 0.571 0.723 0.832 1.089 0.615 0.841 0.694 1.098 0.749 0.707 0.309
1259 0.626 0.712 1.135 0.7 1.14 0.573 1.017 0.608 0.648 0.621 0.71 0.803 1.059 0.545 0.878 0.682 1.099 0.718 0.657 0.324
1260 0.625 0.778 1.147 0.648 1.138 0.509 1.081 0.636 0.641 0.686 0.687 0.783 1.041 0.571 0.915 0.661 1.115 0.694 0.603 0.312
1261 0.622 0.852 1.146 0.695 1.137 0.456 1.137 0.604 0.658 0.743 0.653 0.786 1.048 0.62 0.946 0.649 1.063 0.738 0.543 0.341
1262 0.672 0.902 1.164 0.67 1.112 0.402 1.139 0.543 0.642 0.789 0.632 0.822 1.062 0.576 0.966 0.645 0.976 0.807 0.501 0.375
1263 0.725 0.916 1.155 0.63 1.117 0.336 1.126 0.507 0.634 0.817 0.641 0.872 1.082 0.484 0.989 0.631 0.875 0.836 0.481 0.417
1264 0.804 0.922 1.128 0.609 1.12 0.276 1.125 0.443 0.646 0.859 0.654 0.912 1.084 0.404 1.009 0.607 0.784 0.874 0.481 0.456
1265 0.862 0.9 1.097 0.566 1.105 0.258 1.069 0.506 0.691 0.893 0.667 0.954 1.081 0.335 1.024 0.593 0.696 0.878 0.497 0.502
1266 0.904 0.903 1.047 0.544 1.08 0.244 0.972 0.522 0.649 0.963 0.68 0.988 1.044 0.278 1.03 0.572 0.754 0.882 0.465 0.524
1267 0.974 0.937 0.99 0.53 1.061 0.205 0.934 0.505 0.693 1.024 0.715 1.016 1.008 0.213 0.993 0.561 0.815 0.873 0.442 0.543
1268 1.042 0.993 0.944 0.503 1.033 0.189 0.889 0.479 0.783 1.043 0.771 1.006 0.938 0.179 0.97 0.572 0.881 0.898 0.448 0.58
1269 1.088 1.082 0.901 0.469 1.028 0.141 0.892 0.42 0.891 1.037 0.81 0.987 0.869 0.216 0.951 0.587 0.941 0.94 0.418 0.614
1270 1.055 1.144 0.876 0.43 1.028 0.094 0.908 0.339 0.974 1.001 0.847 0.968 0.837 0.29 0.934 0.595 0.983 0.984 0.391 0.642
1271 0.954 1.136 0.869 0.388 1.024 0.049 0.921 0.274 0.964 1.026 0.902 0.977 0.839 0.357 0.915 0.588 1.002 0.939 0.349 0.66
1272 0.869 1.123 0.852 0.429 0.961 0.055 0.928 0.196 0.925 1.066 0.911 1.03 0.856 0.36 0.904 0.576 1.0 0.844 0.302 0.652
1273 0.815 1.097 0.838 0.5 0.905 0.065 0.874 0.16 0.877 1.091 0.87 1.059 0.814 0.335 0.899 0.559 0.985 0.741 0.274 0.603
1274 0.706 0.996 0.845 0.561 0.86 0.068 0.855 0.172 0.824 1.089 0.825 1.063 0.776 0.316 0.89 0.544 0.952 0.635 0.234 0.567
1275 0.497 0.803 0.871 0.588 0.812 0.084 0.81 0.228 0.757 1.057 0.768 1.024 0.729 0.316 0.879 0.521 0.912 0.547 0.175 0.543
1276 0.262 0.622 0.863 0.616 0.77 0.126 0.752 0.291 0.694 1.019 0.724 0.997 0.656 0.386 0.777 0.517 0.892 0.511 0.14 0.511
1277 0.185 0.501 0.801 0.628 0.728 0.168 0.652 0.382 0.648 0.985 0.685 0.972 0.599 0.425 0.583 0.518 0.902 0.485 0.208 0.453
1278 0.243 0.429 0.686 0.572 0.683 0.168 0.572 0.441 0.602 0.94 0.656 0.942 0.534 0.451 0.377 0.468 0.908 0.463 0.294 0.427
1279 0.29 0.483 0.601 0.521 0.651 0.167 0.523 0.448 0.559 0.906 0.628 0.912 0.474 0.451 0.323 0.459 0.916 0.433 0.313 0.416
1280 0.318 0.559 0.519 0.5 0.62 0.185 0.449 0.439 0.537 0.867 0.581 0.899 0.422 0.474 0.349 0.486 0.9 0.392 0.36 0.418
1281 0.41 0.614 0.455 0.518 0.601 0.226 0.41 0.406 0.545 0.888 0.534 0.911 0.403 0.518 0.376 0.492 0.869 0.366 0.394 0.436
1282 0.41 0.552 0.484 0.56 0.575 0.26 0.429 0.425 0.592 0.89 0.486 0.935 0.441 0.546 0.383 0.506 0.835 0.351 0.373 0.461
1283 0.418 0.598 0.513 0.522 0.538 0.273 0.438 0.476 0.642 0.859 0.451 0.971 0.471 0.563 0.339 0.513 0.804 0.338 0.372 0.492
1284 0.416 0.65 0.501 0.547 0.487 0.258 0.393 0.513 0.657 0.804 0.44 1.006 0.443 0.506 0.299 0.497 0.758 0.329 0.334 0.507
1285 0.412 0.694 0.513 0.585 0.43 0.233 0.345 0.518 0.632 0.747 0.466 1.035 0.384 0.503 0.253 0.476 0.704 0.315 0.3 0.544
1286 0.423 0.736 0.463 0.619 0.391 0.182 0.273 0.486 0.61 0.712 0.495 1.045 0.336 0.51 0.224 0.441 0.65 0.297 0.291 0.572
1287 0.449 0.771 0.401 0.632 0.373 0.137 0.221 0.433 0.567 0.686 0.534 1.041 0.296 0.546 0.214 0.375 0.595 0.268 0.315 0.611
1288 0.473 0.81 0.337 0.641 0.342 0.13 0.208 0.355 0.503 0.669 0.571 1.061 0.276 0.576 0.232 0.32 0.548 0.238 0.333 0.619
1289 0.494 0.831 0.325 0.633 0.293 0.124 0.166 0.269 0.447 0.682 0.612 1.061 0.217 0.543 0.243 0.268 0.491 0.212 0.295 0.617
1290 0.502 0.853 0.301 0.624 0.23 0.109 0.169 0.175 0.393 0.667 0.643 1.051 0.197 0.43 0.257 0.221 0.424 0.188 0.278 0.548
1291 0.5 0.887 0.282 0.589 0.219 0.117 0.173 0.085 0.339 0.642 0.667 1.023 0.186 0.321 0.268 0.171 0.357 0.163 0.212 0.509
1292 0.49 0.893 0.293 0.518 0.236 0.062 0.127 0.086 0.306 0.587 0.667 0.985 0.221 0.229 0.302 0.154 0.317 0.147 0.146 0.542
1293 0.451 0.926 0.269 0.426 0.292 0.039 0.089 0.124 0.281 0.523 0.64 0.957 0.305 0.167 0.294 0.126 0.326 0.149 0.132 0.609
1294 0.429 0.949 0.285 0.31 0.368 0.077 0.087 0.17 0.264 0.448 0.61 0.939 0.359 0.139 0.312 0.085 0.4 0.13 0.164 0.67
1295 0.401 0.967 0.319 0.241 0.461 0.084 0.094 0.229 0.255 0.372 0.583 0.919 0.393 0.147 0.341 0.078 0.503 0.16 0.192 0.681
1296 0.376 1.006 0.39 0.196 0.538 0.103 0.032 0.245 0.239 0.315 0.563 0.872 0.422 0.175 0.369 0.105 0.6 0.235 0.219 0.697
1297 0.345 1.025 0.454 0.177 0.63 0.095 0.04 0.288 0.207 0.276 0.549 0.83 0.47 0.194 0.381 0.135 0.719 0.213 0.279 0.666
1298 0.31 1.017 0.533 0.158 0.713 0.073 0.086 0.353 0.15 0.26 0.551 0.783 0.534 0.2 0.394 0.156 0.835 0.168 0.311 0.561
1299 0.269 0.982 0.632 0.133 0.807 0.074 0.113 0.399 0.175 0.232 0.543 0.739 0.59 0.218 0.428 0.168 0.934 0.177 0.368 0.466
1300 0.229 0.973 0.712 0.108 0.904 0.09 0.134 0.445 0.245 0.262 0.56 0.698 0.586 0.257 0.461 0.166 1.008 0.219 0.471 0.454
1301 0.234 0.93 0.789 0.13 0.989 0.093 0.135 0.495 0.31 0.261 0.594 0.659 0.591 0.293 0.494 0.177 1.085 0.301 0.595 0.449
1302 0.268 0.883 0.869 0.141 1.107 0.042 0.116 0.54 0.366 0.231 0.645 0.634 0.628 0.315 0.517 0.196 1.052 0.431 0.678 0.385
1303 0.305 0.845 0.951 0.116 1.15 0.123 0.1 0.59 0.408 0.196 0.694 0.615 0.667 0.315 0.542 0.22 1.051 0.533 0.716 0.307
1304 0.352 0.81 0.988 0.104 1.139 0.244 0.104 0.646 0.466 0.187 0.73 0.584 0.705 0.309 0.571 0.239 1.069 0.638 0.773 0.242
1305 0.395 0.787 0.996 0.074 1.131 0.366 0.118 0.702 0.511 0.186 0.738 0.552 0.743 0.328 0.596 0.257 1.013 0.747 0.822 0.19
1306 0.439 0.797 1.011 0.056 1.102 0.477 0.159 0.74 0.57 0.196 0.729 0.502 0.788 0.345 0.623 0.271 0.91 0.791 0.816 0.12
1307 0.475 0.782 1.027 0.076 1.048 0.546 0.212 0.751 0.599 0.241 0.697 0.475 0.776 0.396 0.652 0.282 0.836 0.847 0.748 0.099
1308 0.506 0.754 1.046 0.134 0.999 0.592 0.269 0.766 0.631 0.271 0.652 0.476 0.798 0.435 0.674 0.284 0.796 0.938 0.686 0.112
1309 0.552 0.755 1.061 0.218 1.023 0.672 0.323 0.768 0.667 0.327 0.622 0.513 0.828 0.467 0.693 0.292 0.865 1.029 0.63 0.143
1310 0.59 0.746 1.089 0.282 1.037 0.756 0.374 0.761 0.693 0.375 0.577 0.521 0.839 0.505 0.704 0.299 0.961 0.996 0.644 0.185
1311 0.609 0.784 1.123 0.32 1.084 0.795 0.426 0.761 0.739 0.405 0.548 0.555 0.823 0.544 0.722 0.311 0.992 0.876 0.657 0.258
1312 0.62 0.781 1.138 0.366 1.107 0.869 0.49 0.767 0.772 0.414 0.55 0.596 0.818 0.59 0.734 0.324 1.01 0.768 0.691 0.291
1313 0.618 0.775 1.146 0.399 1.112 0.956 0.535 0.774 0.848 0.427 0.574 0.633 0.802 0.636 0.741 0.341 0.988 0.658 0.735 0.303
1314 0.616 0.815 1.146 0.448 1.116 1.055 0.575 0.783 0.907 0.454 0.61 0.655 0.813 0.679 0.792 0.383 0.967 0.566 0.779 0.332
1315 0.617 0.848 1.137 0.496 1.117 1.133 0.609 0.8 0.932 0.469 0.65 0.654 0.812 0.719 0.853 0.42 0.947 0.481 0.845 0.363
1316 0.672 0.878 1.08 0.553 1.051 1.143 0.622 0.842 0.917 0.458 0.689 0.635 0.813 0.759 0.886 0.438 0.956 0.487 0.896 0.382
1317 0.718 0.876 1.07 0.674 0.983 1.077 0.662 0.868 0.97 0.502 0.712 0.616 0.79 0.823 0.912 0.455 0.983 0.519 0.936 0.393
1318 0.74 0.859 1.08 0.775 0.976 0.907 0.705 0.877 1.014 0.553 0.741 0.591 0.777 0.873 0.933 0.471 0.975 0.594 0.962 0.456
1319 0.759 0.846 0.975 0.733 1.037 0.812 0.744 0.874 0.985 0.62 0.773 0.575 0.76 0.895 0.946 0.492 0.969 0.663 0.983 0.551
1320 0.761 0.844 0.968 0.704 0.994 0.814 0.739 0.881 0.972 0.675 0.814 0.574 0.781 0.87 0.95 0.504 0.955 0.687 0.97 0.635
1321 0.78 0.841 0.936 0.771 0.941 0.848 0.704 0.866 0.947 0.716 0.845 0.587 0.815 0.876 0.967 0.529 0.964 0.744 0.973 0.692
1322 0.792 0.846 0.905 0.82 0.918 0.88 0.671 0.874 0.958 0.76 0.862 0.596 0.837 0.859 0.97 0.556 0.963 0.819 0.986 0.725
1323 0.812 0.884 0.879 0.866 0.886 0.947 0.621 0.91 0.95 0.803 0.895 0.602 0.863 0.877 0.962 0.579 0.948 0.884 0.973 0.774
1324 0.781 0.906 0.857 0.877 0.864 1.01 0.585 0.947 0.871 0.805 0.922 0.632 0.861 0.944 0.946 0.591 0.92 0.953 0.966 0.807
1325 0.716 0.892 0.822 0.889 0.821 1.061 0.56 0.935 0.788 0.857 0.909 0.68 0.835 0.993 0.932 0.602 0.887 1.029 0.931 0.858
1326 0.648 0.857 0.749 0.903 0.808 1.094 0.52 0.926 0.702 0.887 0.866 0.707 0.794 1.02 0.921 0.624 0.792 1.043 0.926 0.903
1327 0.612 0.812 0.704 0.905 0.786 1.128 0.488 0.929 0.614 0.872 0.843 0.722 0.695 0.982 0.913 0.64 0.766 1.069 0.826 0.947
1328 0.572 0.755 0.611 0.9 0.746 1.16 0.467 0.956 0.535 0.867 0.785 0.718 0.584 0.949 0.901 0.654 0.726 1.089 0.734 0.952
1329 0.552 0.694 0.538 0.895 0.684 1.156 0.472 0.998 0.485 0.91 0.745 0.712 0.48 0.984 0.883 0.661 0.694 1.114 0.632 0.941
1330 0.545 0.629 0.495 0.941 0.62 1.139 0.51 1.053 0.46 0.941 0.693 0.707 0.547 1.051 0.862 0.675 0.701 1.134 0.564 0.982
1331 0.519 0.568 0.448 0.975 0.56 1.138 0.564 1.112 0.409 0.966 0.65 0.721 0.603 1.077 0.849 0.691 0.697 1.154 0.551 1.032
1332 0.474 0.527 0.393 0.996 0.489 1.134 0.5 1.1 0.345 0.889 0.62 0.755 0.711 1.065 0.841 0.703 0.674 1.129 0.578 1.072
1333 0.425 0.494 0.362 0.911 0.429 1.123 0.441 1.075 0.372 0.703 0.587 0.778 0.783 1.001 0.836 0.724 0.691 1.099 0.632 1.066
1334 0.388 0.483 0.37 0.835 0.361 1.112 0.387 1.051 0.391 0.555 0.542 0.768 0.839 0.926 0.825 0.738 0.731 1.079 0.671 1.039
1335 0.354 0.475 0.37 0.745 0.31 1.127 0.367 1.03 0.383 0.5 0.5 0.746 0.919 0.86 0.805 0.746 0.765 1.065 0.712 0.992
1336 0.34 0.48 0.357 0.664 0.26 1.085 0.378 1.057 0.36 0.458 0.471 0.706 0.964 0.786 0.787 0.737 0.796 1.057 0.767 0.928
1337 0.309 0.467 0.336 0.581 0.246 1.024 0.377 1.082 0.318 0.446 0.458 0.66 0.966 0.7 0.775 0.721 0.831 1.029 0.817 0.853
1338 0.308 0.485 0.32 0.525 0.278 0.978 0.34 1.066 0.369 0.507 0.447 0.601 0.914 0.604 0.768 0.707 0.875 1.018 0.826 0.773
1339 0.352 0.505 0.318 0.528 0.322 0.932 0.306 1.03 0.406 0.516 0.44 0.568 0.866 0.556 0.78 0.687 0.908 1.02 0.771 0.729
1340 0.381 0.503 0.365 0.552 0.331 0.827 0.263 1.013 0.421 0.521 0.464 0.534 0.811 0.479 0.791 0.673 0.945 1.002 0.739 0.684
1341 0.397 0.512 0.406 0.549 0.34 0.725 0.216 1.016 0.423 0.521 0.503 0.503 0.73 0.448 0.812 0.66 0.987 0.978 0.726 0.609
1342 0.468 0.508 0.469 0.546 0.324 0.648 0.178 1.03 0.463 0.534 0.516 0.462 0.629 0.409 0.829 0.654 1.017 0.97 0.724 0.56
1343 0.522 0.487 0.51 0.584 0.369 0.612 0.141 0.995 0.471 0.506 0.493 0.419 0.573 0.385 0.852 0.646 1.046 0.928 0.732 0.524
1344 0.539 0.454 0.506 0.669 0.42 0.563 0.143 0.961 0.434 0.548 0.454 0.389 0.471 0.379 0.875 0.638 1.041 0.872 0.73 0.488
1345 0.523 0.421 0.513 0.749 0.409 0.551 0.161 0.925 0.453 0.516 0.382 0.453 0.421 0.368 0.895 0.624 1.034 0.813 0.682 0.441
1346 0.488 0.407 0.551 0.817 0.345 0.554 0.174 0.88 0.399 0.522 0.402 0.469 0.407 0.333 0.91 0.602 1.009 0.749 0.607 0.415
1347 0.45 0.38 0.602 0.867 0.313 0.651 0.163 0.844 0.355 0.559 0.345 0.45 0.339 0.343 0.907 0.575 0.996 0.702 0.538 0.406
1348 0.408 0.348 0.627 0.873 0.381 0.744 0.172 0.8 0.329 0.624 0.293 0.472 0.324 0.301 0.904 0.551 0.986 0.643 0.487 0.419
1349 0.384 0.329 0.641 0.874 0.502 0.751 0.155 0.753 0.368 0.698 0.264 0.516 0.308 0.259 0.902 0.536 0.958 0.6 0.444 0.418
1350 0.335 0.343 0.658 0.879 0.607 0.766 0.154 0.716 0.438 0.76 0.25 0.59 0.268 0.228 0.882 0.511 0.935 0.56 0.402 0.383
1351 0.322 0.385 0.681 0.877 0.707 0.757 0.173 0.678 0.539 0.815 0.218 0.655 0.228 0.22 0.876 0.49 0.927 0.518 0.365 0.351
1352 0.281 0.375 0.697 0.874 0.781 0.685 0.19 0.692 0.623 0.854 0.175 0.639 0.193 0.22 0.869 0.47 0.951 0.464 0.327 0.358
1353 0.213 0.397 0.715 0.844 0.786 0.606 0.145 0.723 0.675 0.871 0.177 0.597 0.152 0.24 0.873 0.448 0.988 0.44 0.307 0.354
1354 0.213 0.492 0.724 0.788 0.832 0.529 0.105 0.731 0.71 0.862 0.208 0.52 0.123 0.268 0.884 0.431 1.022 0.409 0.282 0.383
1355 0.211 0.491 0.728 0.741 0.86 0.515 0.072 0.739 0.768 0.804 0.22 0.514 0.117 0.318 0.893 0.411 1.042 0.372 0.254 0.425
1356 0.203 0.452 0.734 0.693 0.884 0.46 0.06 0.789 0.822 0.78 0.197 0.508 0.129 0.37 0.892 0.392 1.074 0.326 0.224 0.463
1357 0.184 0.434 0.739 0.657 0.849 0.435 0.058 0.828 0.861 0.771 0.155 0.589 0.138 0.416 0.879 0.373 1.092 0.282 0.2 0.503
1358 0.132 0.451 0.757 0.622 0.776 0.454 0.072 0.882 0.911 0.788 0.119 0.675 0.126 0.41 0.864 0.351 1.084 0.236 0.176 0.56
1359 0.126 0.495 0.758 0.585 0.715 0.497 0.081 0.919 0.955 0.801 0.099 0.762 0.096 0.488 0.855 0.327 1.087 0.177 0.162 0.627
1360 0.145 0.541 0.738 0.557 0.609 0.529 0.09 0.956 1.007 0.788 0.089 0.817 0.106 0.579 0.864 0.288 1.112 0.138 0.145 0.695
1361 0.149 0.533 0.683 0.55 0.496 0.56 0.081 0.977 1.048 0.83 0.088 0.87 0.177 0.569 0.877 0.263 1.132 0.113 0.14 0.753
1362 0.182 0.449 0.618 0.559 0.382 0.587 0.082 1.013 1.064 0.896 0.081 0.903 0.222 0.598 0.92 0.23 1.112 0.074 0.141 0.817
1363 0.105 0.404 0.6 0.557 0.319 0.596 0.116 1.044 1.059 0.971 0.085 0.936 0.24 0.635 0.956 0.201 1.055 0.06 0.12 0.875
1364 0.054 0.393 0.497 0.563 0.283 0.556 0.097 1.052 1.06 1.051 0.095 0.975 0.242 0.67 0.983 0.162 1.014 0.055 0.107 0.925
1365 0.043 0.285 0.438 0.561 0.227 0.61 0.1 1.052 1.026 1.062 0.098 1.006 0.236 0.722 0.988 0.123 0.965 0.049 0.138 0.982
1366 0.032 0.214 0.392 0.563 0.251 0.691 0.118 1.091 1.023 1.056 0.106 1.023 0.251 0.762 0.976 0.098 0.909 0.052 0.189 1.013
1367 0.036 0.12 0.359 0.568 0.247 0.746 0.122 1.117 1.029 1.058 0.111 1.035 0.245 0.8 0.951 0.081 0.852 0.053 0.238 1.037
1368 0.066 0.051 0.331 0.586 0.206 0.684 0.153 1.136 1.025 1.064 0.114 1.052 0.244 0.846 0.919 0.072 0.791 0.055 0.268 1.067
1369 0.154 0.14 0.313 0.619 0.199 0.712 0.208 1.132 1.025 1.066 0.127 1.078 0.236 0.888 0.883 0.069 0.728 0.073 0.303 1.099
1370 0.241 0.184 0.288 0.662 0.25 0.79 0.256 1.137 1.009 1.039 0.163 1.104 0.223 0.936 0.839 0.072 0.642 0.08 0.33 1.112
1371 0.21 0.316 0.279 0.703 0.321 0.849 0.313 1.137 0.94 1.015 0.205 1.119 0.206 0.971 0.788 0.075 0.563 0.092 0.387 1.1
1372 0.187 0.449 0.281 0.726 0.379 0.917 0.343 1.151 0.88 0.999 0.28 1.131 0.19 1.006 0.735 0.081 0.499 0.098 0.445 1.081
1373 0.131 0.552 0.284 0.737 0.416 0.994 0.404 1.169 0.775 0.964 0.318 1.146 0.188 1.042 0.68 0.088 0.436 0.107 0.449 1.034
1374 0.176 0.66 0.295 0.747 0.426 0.982 0.429 1.164 0.59 0.881 0.345 1.157 0.176 1.086 0.616 0.097 0.377 0.114 0.497 0.997
1375 0.275 0.73 0.336 0.763 0.442 0.918 0.443 1.17 0.431 0.809 0.371 1.164 0.146 1.119 0.556 0.1 0.318 0.083 0.563 0.952
1376 0.328 0.776 0.353 0.782 0.414 0.863 0.417 1.161 0.364 0.768 0.385 1.176 0.101 1.125 0.491 0.091 0.269 0.059 0.554 0.869
1377 0.362 0.77 0.38 0.787 0.384 0.822 0.411 1.162 0.384 0.768 0.383 1.153 0.087 1.144 0.412 0.083 0.209 0.059 0.492 0.821
1378 0.366 0.764 0.391 0.774 0.391 0.784 0.429 1.159 0.398 0.765 0.452 1.068 0.127 1.144 0.361 0.082 0.239 0.087 0.413 0.847
1379 0.295 0.777 0.391 0.764 0.302 0.79 0.452 1.132 0.402 0.75 0.447 0.935 0.159 1.124 0.395 0.173 0.353 0.102 0.364 0.833
1380 0.237 0.774 0.327 0.776 0.258 0.773 0.482 1.087 0.388 0.71 0.404 0.848 0.187 1.115 0.37 0.372 0.376 0.153 0.346 0.822
1381 0.231 0.716 0.279 0.731 0.268 0.771 0.481 1.036 0.335 0.69 0.379 0.766 0.219 1.086 0.354 0.536 0.373 0.219 0.353 0.823
1382 0.28 0.653 0.283 0.688 0.29 0.752 0.458 0.957 0.32 0.698 0.444 0.713 0.264 1.066 0.345 0.647 0.395 0.283 0.364 0.778
1383 0.274 0.658 0.316 0.684 0.244 0.787 0.481 0.894 0.413 0.715 0.512 0.687 0.26 1.035 0.383 0.64 0.437 0.31 0.406 0.743
1384 0.306 0.642 0.37 0.724 0.251 0.827 0.547 0.87 0.503 0.725 0.591 0.673 0.266 0.999 0.478 0.679 0.482 0.297 0.429 0.726
1385 0.34 0.654 0.411 0.74 0.283 0.855 0.6 0.874 0.595 0.756 0.658 0.638 0.31 0.965 0.585 0.694 0.516 0.252 0.49 0.736
1386 0.377 0.694 0.388 0.722 0.332 0.854 0.65 0.88 0.679 0.81 0.687 0.538 0.363 0.957 0.684 0.727 0.551 0.225 0.546 0.753
1387 0.312 0.72 0.373 0.72 0.353 0.818 0.684 0.876 0.742 0.851 0.654 0.448 0.405 0.965 0.757 0.809 0.58 0.222 0.607 0.783
1388 0.355 0.763 0.355 0.668 0.364 0.773 0.718 0.89 0.71 0.861 0.612 0.37 0.454 0.986 0.817 0.877 0.604 0.232 0.646 0.812
1389 0.385 0.737 0.415 0.683 0.38 0.788 0.69 0.923 0.76 0.891 0.574 0.288 0.493 1.001 0.841 0.944 0.621 0.249 0.686 0.85
1390 0.438 0.73 0.501 0.691 0.409 0.788 0.694 0.975 0.793 0.947 0.512 0.247 0.53 0.998 0.838 0.994 0.615 0.269 0.731 0.882
1391 0.485 0.756 0.582 0.771 0.446 0.796 0.716 1.029 0.809 1.015 0.435 0.269 0.563 0.977 0.786 1.054 0.591 0.269 0.749 0.909
1392 0.521 0.819 0.672 0.88 0.473 0.835 0.715 1.086 0.841 1.051 0.41 0.363 0.619 0.999 0.754 1.12 0.577 0.254 0.747 0.956
1393 0.555 0.87 0.732 0.951 0.476 0.859 0.736 1.112 0.89 1.053 0.425 0.457 0.651 1.024 0.816 1.131 0.572 0.239 0.732 1.009
1394 0.604 0.915 0.798 0.977 0.479 0.876 0.79 1.121 0.943 1.08 0.454 0.536 0.674 1.057 0.916 1.113 0.575 0.224 0.738 1.04
1395 0.658 0.953 0.846 0.946 0.496 0.894 0.842 1.094 1.017 1.098 0.483 0.591 0.695 1.094 1.01 1.104 0.589 0.21 0.751 1.055
1396 0.712 0.984 0.875 0.835 0.537 0.907 0.905 1.063 1.05 1.057 0.572 0.657 0.714 1.126 1.053 1.12 0.617 0.202 0.792 1.068
1397 0.774 1.006 0.823 0.626 0.595 0.913 0.953 1.018 1.065 0.967 0.678 0.728 0.756 1.135 1.097 1.129 0.653 0.197 0.83 1.063
1398 0.843 0.983 0.757 0.425 0.641 0.892 0.945 0.958 1.039 0.857 0.797 0.778 0.802 1.123 1.124 1.143 0.671 0.202 0.86 1.045
1399 0.888 0.931 0.719 0.289 0.682 0.862 0.931 0.921 1.002 0.765 0.905 0.77 0.853 1.108 1.12 1.168 0.698 0.191 0.89 1.014
1400 0.901 0.863 0.706 0.209 0.72 0.814 0.943 0.867 0.992 0.672 0.962 0.695 0.896 1.1 1.075 1.143 0.724 0.154 0.906 0.973
1401 0.908 0.788 0.724 0.158 0.742 0.746 0.966 0.823 1.018 0.59 0.946 0.585 0.927 1.062 1.067 1.061 0.748 0.13 0.92 0.93
1402 0.937 0.719 0.779 0.139 0.748 0.678 0.982 0.777 1.041 0.529 0.93 0.482 0.931 1.012 1.07 0.995 0.762 0.113 0.944 0.873
1403 0.958 0.644 0.872 0.15 0.727 0.605 1.009 0.729 1.051 0.468 0.905 0.384 0.929 0.952 1.065 0.919 0.77 0.086 0.968 0.812
1404 0.976 0.56 0.924 0.231 0.719 0.536 1.037 0.698 1.045 0.407 0.889 0.296 0.918 0.906 1.099 0.86 0.754 0.064 0.985 0.781
1405 0.983 0.487 0.978 0.272 0.717 0.488 1.056 0.66 1.004 0.332 0.864 0.213 0.901 0.863 1.142 0.824 0.729 0.06 1.015 0.736
1406 0.983 0.422 0.985 0.274 0.702 0.427 1.063 0.603 1.024 0.291 0.783 0.173 0.884 0.826 1.158 0.782 0.707 0.064 1.033 0.71
1407 0.997 0.381 1.002 0.206 0.652 0.38 1.063 0.564 1.001 0.324 0.692 0.146 0.871 0.776 1.132 0.71 0.683 0.066 1.053 0.649
1408 0.989 0.364 0.972 0.142 0.606 0.357 1.053 0.525 0.999 0.341 0.598 0.161 0.887 0.735 1.124 0.625 0.659 0.063 1.059 0.621
1409 1.013 0.449 0.883 0.146 0.553 0.335 1.032 0.494 0.995 0.306 0.511 0.167 0.894 0.693 1.118 0.549 0.644 0.058 1.054 0.54
1410 1.014 0.448 0.807 0.189 0.492 0.328 1.037 0.516 0.971 0.281 0.427 0.172 0.893 0.64 1.135 0.502 0.625 0.058 1.055 0.535
1411 1.007 0.405 0.715 0.231 0.428 0.303 0.989 0.511 0.912 0.281 0.345 0.149 0.886 0.594 1.145 0.516 0.606 0.061 1.039 0.497
1412 0.991 0.372 0.587 0.219 0.378 0.261 0.927 0.549 0.846 0.272 0.252 0.189 0.867 0.548 1.153 0.487 0.581 0.061 1.07 0.484
1413 0.953 0.338 0.448 0.23 0.311 0.25 0.895 0.587 0.775 0.257 0.208 0.278 0.834 0.514 1.139 0.416 0.561 0.058 1.096 0.482
1414 0.897 0.321 0.328 0.242 0.258 0.263 0.871 0.637 0.7 0.238 0.222 0.363 0.78 0.494 1.123 0.358 0.541 0.054 1.11 0.451
1415 0.84 0.327 0.27 0.27 0.228 0.316 0.866 0.686 0.646 0.232 0.279 0.45 0.736 0.504 1.122 0.299 0.521 0.056 1.115 0.409
1416 0.793 0.353 0.245 0.359 0.219 0.375 0.858 0.75 0.615 0.195 0.292 0.534 0.695 0.511 1.144 0.248 0.496 0.063 1.118 0.366
1417 0.752 0.379 0.258 0.457 0.208 0.427 0.847 0.819 0.594 0.156 0.347 0.629 0.659 0.499 1.166 0.222 0.476 0.072 1.127 0.333
1418 0.707 0.405 0.292 0.561 0.201 0.462 0.856 0.895 0.6 0.121 0.383 0.704 0.632 0.47 1.158 0.17 0.453 0.082 1.137 0.312
1419 0.671 0.432 0.343 0.665 0.198 0.417 0.843 0.937 0.612 0.079 0.415 0.768 0.619 0.429 1.145 0.113 0.429 0.09 1.145 0.259
1420 0.644 0.476 0.41 0.741 0.22 0.375 0.834 0.975 0.652 0.074 0.493 0.848 0.627 0.402 1.138 0.079 0.408 0.091 1.145 0.189
1421 0.629 0.502 0.428 0.773 0.231 0.307 0.865 1.027 0.658 0.146 0.595 0.895 0.652 0.367 1.105 0.053 0.391 0.063 1.144 0.146
1422 0.6 0.516 0.489 0.82 0.297 0.296 0.944 1.05 0.632 0.204 0.703 0.932 0.67 0.331 1.029 0.065 0.359 0.055 1.125 0.124
1423 0.567 0.557 0.553 0.843 0.379 0.35 1.016 1.058 0.606 0.252 0.812 0.963 0.663 0.292 0.956 0.062 0.328 0.066 1.072 0.098
1424 0.566 0.62 0.61 0.852 0.458 0.342 1.042 1.079 0.57 0.302 0.924 1.002 0.631 0.275 0.884 0.062 0.313 0.072 1.007 0.076
1425 0.595 0.674 0.676 0.82 0.522 0.348 1.014 0.975 0.544 0.356 1.011 0.906 0.592 0.271 0.832 0.043 0.311 0.113 0.943 0.06
