# Time(s) fish0X fish0Y
0.000 0.035 0.036
1.000 0.036 0.037
2.000 0.037 0.034
3.000 0.037 0.033
4.000 0.027 0.032
5.000 0.038 0.030
6.000 0.059 0.037
7.000 0.068 0.062
8.000 0.036 0.131
9.000 0.034 0.269
10.000 0.003 0.384
11.000 0.016 0.514
12.000 0.016 0.672
13.000 0.024 0.867
14.000 0.015 0.970
15.000 0.023 1.068
16.000 0.044 1.141
17.000 0.103 1.149
18.000 0.040 1.164
19.000 0.081 1.163
20.000 0.130 1.178
21.000 0.198 1.188
22.000 0.302 1.197
23.000 0.402 1.200
24.000 0.486 1.200
25.000 0.578 1.182
26.000 0.716 1.199
27.000 0.803 1.197
28.000 0.928 1.171
29.000 1.036 1.194
30.000 1.008 1.177
31.000 1.021 1.128
32.000 1.111 1.062
33.000 1.174 0.953
34.000 1.199 0.849
35.000 1.178 0.785
36.000 1.200 0.714
37.000 1.195 0.628
38.000 1.200 0.545
39.000 1.199 0.470
40.000 1.200 0.363
41.000 1.198 0.275
42.000 1.197 0.189
43.000 1.190 0.112
44.000 1.189 0.046
45.000 1.113 0.036
46.000 1.121 0.064
47.000 1.191 0.036
48.000 1.167 0.017
49.000 1.182 0.074
50.000 1.180 0.156
51.000 1.188 0.244
52.000 1.192 0.326
53.000 1.200 0.389
54.000 1.170 0.483
55.000 1.175 0.610
56.000 1.189 0.713
57.000 1.140 0.782
58.000 1.038 0.869
59.000 0.963 0.916
60.000 0.938 0.874
61.000 1.017 0.777
62.000 0.985 0.636
63.000 0.779 0.538
64.000 0.548 0.494
65.000 0.380 0.358
66.000 0.257 0.279
67.000 0.187 0.356
68.000 0.260 0.353
69.000 0.305 0.284
70.000 0.270 0.231
71.000 0.214 0.281
72.000 0.264 0.311
73.000 0.338 0.286
74.000 0.282 0.296
75.000 0.216 0.234
76.000 0.199 0.217
77.000 0.201 0.197
78.000 0.185 0.137
79.000 0.149 0.031
80.000 0.199 0.018
81.000 0.219 0.033
82.000 0.229 0.035
83.000 0.256 0.017
84.000 0.276 0.031
85.000 0.309 0.013
86.000 0.368 0.017
87.000 0.435 0.009
88.000 0.503 0.008
89.000 0.582 0.005
90.000 0.689 0.013
91.000 0.794 0.003
92.000 0.903 0.035
93.000 1.046 0.008
94.000 1.178 0.049
95.000 1.197 0.159
96.000 1.187 0.210
97.000 1.173 0.297
98.000 1.165 0.343
99.000 1.200 0.414
100.000 1.191 0.471
101.000 1.200 0.527
102.000 1.168 0.654
103.000 1.132 0.825
104.000 1.185 1.032
105.000 1.149 1.161
106.000 1.049 1.191
107.000 0.963 1.198
108.000 0.844 1.199
109.000 0.704 1.200
110.000 0.608 1.200
111.000 0.467 1.200
112.000 0.329 1.159
113.000 0.166 1.192
114.000 0.026 1.150
115.000 0.020 1.049
116.000 0.016 0.971
117.000 0.025 0.917
118.000 0.020 0.832
119.000 0.007 0.702
120.000 0.003 0.581
121.000 0.028 0.454
122.000 0.010 0.291
123.000 0.019 0.166
124.000 0.043 0.040
125.000 0.102 0.021
126.000 0.160 0.036
127.000 0.294 0.098
128.000 0.463 0.187
129.000 0.574 0.161
130.000 0.513 0.003
131.000 0.431 0.007
132.000 0.321 0.011
133.000 0.202 0.016
134.000 0.091 0.022
135.000 0.034 0.053
136.000 0.042 0.088
137.000 0.090 0.110
138.000 0.161 0.108
139.000 0.239 0.167
140.000 0.299 0.209
141.000 0.332 0.131
142.000 0.408 0.027
143.000 0.505 0.026
144.000 0.574 0.033
145.000 0.718 0.020
146.000 0.853 0.025
147.000 0.978 0.004
148.000 1.105 0.034
149.000 1.185 0.065
150.000 1.187 0.118
151.000 1.193 0.209
152.000 1.197 0.337
153.000 1.200 0.484
154.000 1.176 0.647
155.000 1.181 0.829
156.000 1.186 0.985
157.000 1.167 1.138
158.000 1.080 1.190
159.000 0.962 1.192
160.000 0.843 1.179
161.000 0.693 1.200
162.000 0.580 1.182
163.000 0.421 1.177
164.000 0.258 1.189
165.000 0.114 1.176
166.000 0.026 1.151
167.000 0.016 1.069
168.000 0.008 0.990
169.000 0.020 0.891
170.000 0.015 0.776
171.000 0.008 0.647
172.000 0.016 0.520
173.000 0.015 0.371
174.000 0.019 0.221
175.000 0.043 0.073
176.000 0.128 0.019
177.000 0.234 0.032
178.000 0.352 0.017
179.000 0.500 0.038
180.000 0.660 0.012
181.000 0.768 0.017
182.000 0.949 0.027
183.000 1.124 0.025
184.000 1.198 0.110
185.000 1.189 0.180
186.000 1.194 0.311
187.000 1.188 0.483
188.000 1.180 0.663
189.000 1.189 0.826
190.000 1.180 0.991
191.000 1.162 1.141
192.000 1.062 1.198
193.000 0.940 1.199
194.000 0.801 1.190
195.000 0.650 1.194
196.000 0.477 1.167
197.000 0.318 1.189
198.000 0.146 1.192
199.000 0.040 1.147
200.000 0.019 1.066
201.000 0.013 0.956
202.000 0.033 0.827
203.000 0.007 0.684
204.000 0.000 0.549
205.000 0.024 0.441
206.000 0.017 0.300
207.000 0.016 0.160
208.000 0.039 0.051
209.000 0.097 0.022
210.000 0.148 0.020
211.000 0.178 0.021
212.000 0.241 0.027
213.000 0.320 0.028
214.000 0.421 0.004
215.000 0.514 0.038
216.000 0.653 0.017
217.000 0.800 0.026
218.000 0.964 0.012
219.000 1.091 0.016
220.000 1.188 0.078
221.000 1.200 0.198
222.000 1.193 0.327
223.000 1.196 0.481
224.000 1.196 0.633
225.000 1.176 0.821
226.000 1.190 0.999
227.000 1.134 1.164
228.000 1.039 1.199
229.000 0.921 1.170
230.000 0.776 1.200
231.000 0.633 1.197
232.000 0.513 1.190
233.000 0.372 1.174
234.000 0.215 1.193
235.000 0.092 1.173
236.000 0.026 1.099
237.000 0.009 0.980
238.000 0.025 0.861
239.000 0.027 0.727
240.000 0.022 0.584
241.000 0.039 0.429
242.000 0.010 0.283
243.000 0.018 0.204
244.000 0.027 0.106
245.000 0.078 0.024
246.000 0.135 0.022
247.000 0.204 0.032
248.000 0.298 0.031
249.000 0.434 0.009
250.000 0.569 0.021
251.000 0.709 0.030
252.000 0.841 0.008
253.000 1.000 0.018
254.000 1.148 0.032
255.000 1.195 0.107
256.000 1.200 0.165
257.000 1.178 0.250
258.000 1.192 0.330
259.000 1.200 0.451
260.000 1.181 0.610
261.000 1.196 0.778
262.000 1.186 0.950
263.000 1.161 1.116
264.000 1.089 1.195
265.000 0.979 1.185
266.000 0.841 1.187
267.000 0.701 1.199
268.000 0.540 1.172
269.000 0.388 1.187
270.000 0.234 1.190
271.000 0.099 1.169
272.000 0.028 1.098
273.000 0.009 1.007
274.000 0.016 0.926
275.000 0.006 0.834
276.000 0.015 0.699
277.000 0.007 0.556
278.000 0.020 0.402
279.000 0.004 0.232
280.000 0.025 0.092
281.000 0.084 0.023
282.000 0.157 0.023
283.000 0.252 0.035
284.000 0.348 0.030
285.000 0.464 0.030
286.000 0.599 0.002
287.000 0.713 0.022
288.000 0.842 0.006
289.000 0.978 0.019
290.000 1.106 0.016
291.000 1.183 0.048
292.000 1.189 0.114
293.000 1.192 0.142
294.000 1.174 0.187
295.000 1.196 0.245
296.000 1.191 0.343
297.000 1.194 0.491
298.000 1.190 0.650
299.000 1.195 0.827
300.000 1.180 0.972
301.000 1.174 1.129
302.000 1.120 1.196
303.000 1.049 1.184
304.000 0.979 1.195
305.000 0.892 1.198
306.000 0.771 1.200
307.000 0.626 1.176
308.000 0.473 1.198
309.000 0.322 1.192
310.000 0.175 1.177
311.000 0.043 1.174
312.000 0.027 1.061
313.000 0.016 0.968
314.000 0.023 0.893
315.000 0.032 0.765
316.000 0.024 0.622
317.000 0.017 0.466
318.000 0.010 0.308
319.000 0.012 0.129
320.000 0.082 0.021
321.000 0.172 0.026
322.000 0.268 0.032
323.000 0.392 0.017
324.000 0.552 0.014
325.000 0.709 0.013
326.000 0.865 0.003
327.000 1.033 0.010
328.000 1.162 0.021
329.000 1.187 0.112
330.000 1.200 0.225
331.000 1.199 0.364
332.000 1.200 0.522
333.000 1.197 0.668
334.000 1.191 0.816
335.000 1.170 0.967
336.000 1.177 1.134
337.000 1.116 1.197
338.000 1.033 1.186
339.000 0.936 1.195
340.000 0.820 1.200
341.000 0.682 1.200
342.000 0.523 1.175
343.000 0.388 1.198
344.000 0.256 1.191
345.000 0.126 1.191
346.000 0.029 1.147
347.000 0.020 1.051
348.000 0.023 0.956
349.000 0.025 0.858
350.000 0.028 0.730
351.000 0.023 0.612
352.000 0.028 0.465
353.000 0.046 0.312
354.000 0.011 0.153
355.000 0.058 0.032
356.000 0.137 0.031
357.000 0.233 0.014
358.000 0.329 0.033
359.000 0.415 0.004
360.000 0.546 0.033
361.000 0.704 0.021
362.000 0.856 0.016
363.000 1.039 0.013
364.000 1.169 0.061
365.000 1.189 0.137
366.000 1.198 0.224
367.000 1.186 0.337
368.000 1.194 0.471
369.000 1.184 0.581
370.000 1.166 0.748
371.000 1.185 0.923
372.000 1.165 1.096
373.000 1.096 1.190
374.000 0.988 1.187
375.000 0.856 1.171
376.000 0.718 1.196
377.000 0.567 1.182
378.000 0.416 1.185
379.000 0.266 1.198
380.000 0.148 1.193
381.000 0.044 1.154
382.000 0.021 1.087
383.000 0.027 1.049
384.000 0.016 0.980
385.000 0.010 0.921
386.000 0.026 0.862
387.000 0.029 0.793
388.000 0.022 0.693
389.000 0.023 0.603
390.000 0.041 0.428
391.000 0.020 0.277
392.000 0.019 0.135
393.000 0.039 0.029
394.000 0.096 0.027
395.000 0.141 0.026
396.000 0.192 0.023
397.000 0.239 0.032
398.000 0.310 0.015
399.000 0.374 0.011
400.000 0.469 0.014
401.000 0.573 0.005
402.000 0.680 0.013
403.000 0.804 0.013
404.000 0.976 0.007
405.000 1.119 0.012
406.000 1.198 0.066
407.000 1.194 0.186
408.000 1.198 0.313
409.000 1.200 0.470
410.000 1.190 0.624
411.000 1.194 0.769
412.000 1.186 0.935
413.000 1.180 1.104
414.000 1.128 1.192
415.000 1.018 1.194
416.000 0.922 1.198
417.000 0.862 1.200
418.000 0.809 1.195
419.000 0.710 1.200
420.000 0.588 1.174
421.000 0.432 1.175
422.000 0.291 1.190
423.000 0.150 1.190
424.000 0.051 1.167
425.000 0.022 1.135
426.000 0.029 1.121
427.000 0.033 1.097
428.000 0.033 1.093
429.000 0.033 1.094
430.000 0.032 1.094
431.000 0.032 1.093
432.000 0.035 1.087
433.000 0.038 1.056
434.000 0.015 0.964
435.000 0.003 0.811
436.000 0.008 0.623
437.000 0.025 0.424
438.000 0.021 0.226
439.000 0.038 0.046
440.000 0.113 0.018
441.000 0.163 0.028
442.000 0.186 0.024
443.000 0.193 0.025
444.000 0.198 0.028
445.000 0.228 0.017
446.000 0.288 0.028
447.000 0.373 0.008
448.000 0.485 0.004
449.000 0.650 0.027
450.000 0.811 0.003
451.000 0.962 0.008
452.000 1.121 0.032
453.000 1.200 0.111
454.000 1.199 0.215
455.000 1.200 0.359
456.000 1.199 0.500
457.000 1.200 0.679
458.000 1.187 0.864
459.000 1.194 1.026
460.000 1.139 1.173
461.000 1.021 1.185
462.000 0.917 1.188
463.000 0.772 1.194
464.000 0.638 1.189
465.000 0.470 1.200
466.000 0.314 1.194
467.000 0.164 1.196
468.000 0.044 1.169
469.000 0.017 1.079
470.000 0.013 0.960
471.000 0.007 0.840
472.000 0.004 0.724
473.000 0.010 0.566
474.000 0.017 0.416
475.000 0.004 0.248
476.000 0.013 0.080
477.000 0.084 0.021
478.000 0.136 0.024
479.000 0.210 0.021
480.000 0.292 0.017
481.000 0.407 0.005
482.000 0.546 0.026
483.000 0.677 0.006
484.000 0.837 0.025
485.000 1.024 0.005
486.000 1.148 0.011
487.000 1.195 0.081
488.000 1.200 0.188
489.000 1.193 0.291
490.000 1.196 0.438
491.000 1.189 0.608
492.000 1.197 0.800
493.000 1.191 0.970
494.000 1.146 1.081
495.000 1.118 1.182
496.000 0.918 1.167
497.000 0.695 1.200
498.000 0.485 1.166
499.000 0.277 1.191
500.000 0.086 1.184
501.000 0.021 1.090
502.000 0.017 1.011
503.000 0.024 0.884
504.000 0.009 0.728
505.000 0.004 0.567
506.000 0.006 0.407
507.000 0.010 0.233
508.000 0.032 0.062
509.000 0.116 0.017
510.000 0.196 0.022
511.000 0.306 0.013
512.000 0.464 0.007
513.000 0.605 0.010
514.000 0.760 0.011
515.000 0.950 0.009
516.000 1.120 0.022
517.000 1.200 0.109
518.000 1.199 0.231
519.000 1.195 0.375
520.000 1.200 0.501
521.000 1.182 0.608
522.000 1.195 0.723
523.000 1.169 0.890
524.000 1.186 1.051
525.000 1.144 1.187
526.000 1.046 1.200
527.000 0.911 1.200
528.000 0.789 1.190
529.000 0.647 1.181
530.000 0.501 1.200
531.000 0.372 1.175
532.000 0.229 1.185
533.000 0.090 1.180
534.000 0.017 1.103
535.000 0.021 1.019
536.000 0.006 0.911
537.000 0.022 0.803
538.000 0.005 0.670
539.000 0.013 0.553
540.000 0.031 0.373
541.000 0.098 0.164
542.000 0.142 0.034
543.000 0.198 0.016
544.000 0.236 0.027
545.000 0.298 0.031
546.000 0.401 0.011
547.000 0.494 0.007
548.000 0.610 0.032
549.000 0.754 0.007
550.000 0.918 0.022
551.000 1.082 0.007
552.000 1.188 0.058
553.000 1.190 0.159
554.000 1.183 0.273
555.000 1.200 0.440
556.000 1.182 0.619
557.000 1.182 0.783
558.000 1.176 0.944
559.000 1.171 1.108
560.000 1.084 1.198
561.000 0.974 1.200
562.000 0.838 1.200
563.000 0.702 1.200
564.000 0.551 1.172
565.000 0.399 1.195
566.000 0.240 1.186
567.000 0.086 1.187
568.000 0.022 1.131
569.000 0.019 1.063
570.000 0.019 1.046
571.000 0.020 1.039
572.000 0.023 1.032
573.000 0.025 1.030
574.000 0.025 1.030
575.000 0.026 1.030
576.000 0.027 1.030
577.000 0.027 1.030
578.000 0.027 1.030
579.000 0.027 1.031
580.000 0.027 1.030
581.000 0.027 1.030
582.000 0.027 1.030
583.000 0.027 1.030
584.000 0.027 1.030
585.000 0.027 1.030
586.000 0.027 1.030
587.000 0.027 1.030
588.000 0.027 1.030
589.000 0.027 1.030
590.000 0.027 1.030
591.000 0.028 1.031
592.000 0.028 1.031
593.000 0.028 1.031
594.000 0.028 1.031
595.000 0.028 1.031
596.000 0.027 1.031
597.000 0.028 1.031
598.000 0.028 1.031
599.000 0.028 1.031
600.000 0.027 1.031
601.000 0.039 1.033
602.000 0.060 1.040
603.000 0.020 0.869
604.000 0.021 0.680
605.000 0.028 0.444
606.000 0.004 0.243
607.000 0.059 0.054
608.000 0.187 0.022
609.000 0.324 0.038
610.000 0.480 0.038
611.000 0.630 0.018
612.000 0.806 0.006
613.000 0.993 0.010
614.000 1.135 0.016
615.000 1.196 0.103
616.000 1.185 0.224
617.000 1.188 0.363
618.000 1.199 0.527
619.000 1.179 0.739
620.000 1.200 0.908
621.000 1.192 1.069
622.000 1.146 1.185
623.000 1.104 1.198
624.000 1.082 1.191
625.000 1.023 1.185
626.000 0.969 1.200
627.000 0.889 1.184
628.000 0.775 1.193
629.000 0.648 1.191
630.000 0.475 1.193
631.000 0.290 1.193
632.000 0.125 1.186
633.000 0.026 1.151
634.000 0.016 1.096
635.000 0.019 1.083
636.000 0.026 1.077
637.000 0.033 1.074
638.000 0.042 1.099
639.000 0.049 1.168
640.000 0.054 1.152
641.000 0.022 1.089
642.000 0.013 1.040
643.000 0.026 0.980
644.000 0.032 0.923
645.000 0.004 0.833
646.000 0.004 0.713
647.000 0.010 0.566
648.000 0.002 0.422
649.000 0.003 0.257
650.000 0.007 0.119
651.000 0.045 0.043
652.000 0.094 0.020
653.000 0.118 0.027
654.000 0.133 0.024
655.000 0.159 0.020
656.000 0.183 0.022
657.000 0.216 0.015
658.000 0.248 0.018
659.000 0.302 0.013
660.000 0.404 0.014
661.000 0.532 0.010
662.000 0.638 0.005
663.000 0.779 0.003
664.000 0.940 0.007
665.000 1.106 0.005
666.000 1.195 0.079
667.000 1.185 0.198
668.000 1.199 0.335
669.000 1.197 0.520
670.000 1.167 0.726
671.000 1.184 0.922
672.000 1.165 1.088
673.000 1.101 1.194
674.000 0.984 1.200
675.000 0.857 1.200
676.000 0.700 1.198
677.000 0.535 1.175
678.000 0.389 1.200
679.000 0.242 1.196
680.000 0.100 1.184
681.000 0.024 1.139
682.000 0.019 1.070
683.000 0.014 1.035
684.000 0.019 1.031
685.000 0.021 1.034
686.000 0.025 1.038
687.000 0.031 1.036
688.000 0.029 1.010
689.000 0.010 0.975
690.000 0.023 0.914
691.000 0.011 0.842
692.000 0.003 0.710
693.000 0.010 0.544
694.000 0.037 0.393
695.000 0.076 0.184
696.000 0.074 0.028
697.000 0.170 0.016
698.000 0.247 0.012
699.000 0.331 0.020
700.000 0.412 0.009
701.000 0.470 0.024
702.000 0.615 0.038
703.000 0.771 0.007
704.000 0.917 0.013
705.000 1.080 0.025
706.000 1.186 0.076
707.000 1.193 0.176
708.000 1.192 0.302
709.000 1.189 0.475
710.000 1.174 0.683
711.000 1.158 0.772
712.000 1.140 0.914
713.000 1.015 0.954
714.000 0.928 0.954
715.000 0.901 0.973
716.000 0.887 0.973
717.000 0.884 0.973
718.000 0.876 0.946
719.000 0.930 0.929
720.000 0.936 0.931
721.000 0.949 0.944
722.000 0.957 0.954
723.000 0.951 0.946
724.000 0.955 0.949
725.000 0.957 0.954
726.000 0.957 0.954
727.000 0.959 0.954
728.000 0.959 0.954
729.000 0.959 0.954
730.000 0.957 0.954
731.000 0.959 0.954
732.000 0.957 0.954
733.000 0.957 0.954
734.000 0.957 0.954
735.000 0.957 0.954
736.000 0.957 0.954
737.000 0.957 0.954
738.000 0.957 0.954
739.000 0.957 0.954
740.000 0.957 0.954
741.000 0.957 0.954
742.000 0.957 0.954
743.000 0.959 0.951
744.000 0.963 0.951
745.000 0.959 0.951
746.000 0.965 0.956
747.000 0.972 0.956
748.000 1.115 0.999
749.000 1.155 1.162
750.000 1.009 1.171
751.000 0.857 1.130
752.000 0.693 1.111
753.000 0.501 1.169
754.000 0.349 1.198
755.000 0.169 1.180
756.000 0.040 1.154
757.000 0.022 1.073
758.000 0.038 1.030
759.000 0.018 0.979
760.000 0.020 0.956
761.000 0.028 0.921
762.000 0.021 0.872
763.000 0.016 0.760
764.000 0.014 0.615
765.000 0.010 0.420
766.000 0.028 0.278
767.000 0.025 0.129
768.000 0.036 0.033
769.000 0.126 0.021
770.000 0.168 0.021
771.000 0.196 0.027
772.000 0.223 0.023
773.000 0.233 0.019
774.000 0.248 0.020
775.000 0.306 0.013
776.000 0.370 0.023
777.000 0.494 0.011
778.000 0.624 0.027
779.000 0.782 0.003
780.000 0.910 0.006
781.000 1.062 0.005
782.000 1.190 0.056
783.000 1.196 0.163
784.000 1.196 0.325
785.000 1.200 0.504
786.000 1.162 0.713
787.000 1.192 0.883
788.000 1.190 1.048
789.000 1.118 1.193
790.000 0.994 1.190
791.000 0.837 1.200
792.000 0.712 1.200
793.000 0.561 1.186
794.000 0.390 1.200
795.000 0.230 1.192
796.000 0.085 1.165
797.000 0.017 1.104
798.000 0.014 1.058
799.000 0.016 1.007
800.000 0.010 0.975
801.000 0.027 0.930
802.000 0.032 0.916
803.000 0.011 0.840
804.000 0.004 0.766
805.000 0.005 0.637
806.000 0.019 0.501
807.000 0.005 0.367
808.000 0.027 0.216
809.000 0.027 0.063
810.000 0.103 0.018
811.000 0.170 0.020
812.000 0.205 0.014
813.000 0.258 0.012
814.000 0.349 0.011
815.000 0.435 0.018
816.000 0.568 0.005
817.000 0.725 0.003
818.000 0.889 0.004
819.000 1.061 0.005
820.000 1.182 0.020
821.000 1.200 0.140
822.000 1.200 0.301
823.000 1.195 0.486
824.000 1.173 0.683
825.000 1.192 0.871
826.000 1.188 1.052
827.000 1.125 1.195
828.000 1.017 1.181
829.000 0.901 1.200
830.000 0.753 1.199
831.000 0.598 1.198
832.000 0.431 1.200
833.000 0.265 1.190
834.000 0.121 1.182
835.000 0.023 1.137
836.000 0.019 1.076
837.000 0.021 1.058
838.000 0.031 1.038
839.000 0.028 1.017
840.000 0.015 0.963
841.000 0.036 0.932
842.000 0.015 0.859
843.000 0.006 0.764
844.000 0.007 0.640
845.000 0.023 0.502
846.000 0.047 0.346
847.000 0.078 0.239
848.000 0.026 0.119
849.000 0.044 0.033
850.000 0.101 0.023
851.000 0.145 0.019
852.000 0.165 0.019
853.000 0.183 0.025
854.000 0.223 0.019
855.000 0.280 0.023
856.000 0.343 0.022
857.000 0.436 0.010
858.000 0.600 0.037
859.000 0.791 0.003
860.000 0.964 0.006
861.000 1.141 0.056
862.000 1.198 0.162
863.000 1.183 0.283
864.000 1.184 0.457
865.000 1.163 0.648
866.000 1.150 0.830
867.000 1.192 0.999
868.000 1.136 1.153
869.000 1.026 1.193
870.000 0.903 1.194
871.000 0.794 1.186
872.000 0.665 1.195
873.000 0.493 1.183
874.000 0.332 1.196
875.000 0.178 1.180
876.000 0.041 1.149
877.000 0.026 1.064
878.000 0.016 0.988
879.000 0.013 0.908
880.000 0.008 0.835
881.000 0.024 0.758
882.000 0.008 0.632
883.000 0.003 0.489
884.000 0.031 0.306
885.000 0.006 0.164
886.000 0.043 0.040
887.000 0.115 0.022
888.000 0.207 0.017
889.000 0.292 0.013
890.000 0.382 0.024
891.000 0.524 0.008
892.000 0.661 0.012
893.000 0.787 0.012
894.000 0.963 0.010
895.000 1.181 0.061
896.000 1.200 0.165
897.000 1.199 0.303
898.000 1.193 0.476
899.000 1.167 0.659
900.000 1.191 0.815
901.000 1.194 0.987
902.000 1.159 1.139
903.000 1.070 1.196
904.000 0.972 1.188
905.000 0.870 1.193
906.000 0.745 1.200
907.000 0.609 1.198
908.000 0.467 1.163
909.000 0.287 1.185
910.000 0.140 1.182
911.000 0.028 1.137
912.000 0.017 1.049
913.000 0.010 0.970
914.000 0.022 0.887
915.000 0.010 0.780
916.000 0.006 0.668
917.000 0.004 0.512
918.000 0.019 0.323
919.000 0.016 0.178
920.000 0.033 0.056
921.000 0.118 0.020
922.000 0.198 0.020
923.000 0.290 0.017
924.000 0.415 0.018
925.000 0.531 0.037
926.000 0.724 0.010
927.000 0.855 0.005
928.000 0.973 0.046
929.000 1.077 0.025
930.000 1.174 0.039
931.000 1.194 0.126
932.000 1.198 0.197
933.000 1.193 0.343
934.000 1.169 0.506
935.000 1.162 0.528
936.000 1.156 0.512
937.000 1.162 0.582
938.000 1.125 0.753
939.000 1.013 0.830
940.000 0.932 0.906
941.000 0.957 0.993
942.000 0.988 1.043
943.000 1.028 1.156
944.000 0.978 1.200
945.000 0.885 1.189
946.000 0.737 1.200
947.000 0.553 1.172
948.000 0.394 1.186
949.000 0.230 1.144
950.000 0.110 1.178
951.000 0.018 1.095
952.000 0.019 0.987
953.000 0.012 0.860
954.000 0.002 0.722
955.000 0.020 0.562
956.000 0.039 0.378
957.000 0.004 0.226
958.000 0.116 0.089
959.000 0.187 0.014
960.000 0.263 0.027
961.000 0.393 0.083
962.000 0.560 0.047
963.000 0.748 0.015
964.000 0.928 0.023
965.000 1.079 0.016
966.000 1.193 0.089
967.000 1.193 0.203
968.000 1.200 0.365
969.000 1.197 0.547
970.000 1.166 0.743
971.000 1.196 0.918
972.000 1.162 1.081
973.000 1.092 1.195
974.000 0.976 1.184
975.000 0.833 1.192
976.000 0.678 1.197
977.000 0.500 1.181
978.000 0.325 1.195
979.000 0.178 1.174
980.000 0.058 1.175
981.000 0.023 1.109
982.000 0.023 1.081
983.000 0.021 1.077
984.000 0.025 1.068
985.000 0.029 1.064
986.000 0.030 1.060
987.000 0.028 1.057
988.000 0.025 1.061
989.000 0.041 1.081
990.000 0.046 1.108
991.000 0.039 1.129
992.000 0.029 1.095
993.000 0.025 1.075
994.000 0.018 1.061
995.000 0.022 1.025
996.000 0.021 0.980
997.000 0.025 0.953
998.000 0.009 0.911
999.000 0.009 0.845
1000.000 0.002 0.762
1001.000 0.014 0.677
1002.000 0.027 0.519
1003.000 0.037 0.337
1004.000 0.016 0.161
1005.000 0.068 0.027
1006.000 0.146 0.021
1007.000 0.209 0.030
1008.000 0.282 0.022
1009.000 0.371 0.020
1010.000 0.530 0.018
1011.000 0.722 0.004
1012.000 0.831 0.020
1013.000 1.000 0.014
1014.000 1.149 0.034
1015.000 1.197 0.111
1016.000 1.181 0.205
1017.000 1.192 0.350
1018.000 1.186 0.545
1019.000 1.160 0.746
1020.000 1.173 0.931
1021.000 1.169 1.099
1022.000 1.083 1.192
1023.000 0.942 1.200
1024.000 0.784 1.187
1025.000 0.608 1.177
1026.000 0.439 1.185
1027.000 0.279 1.189
1028.000 0.120 1.188
1029.000 0.033 1.163
1030.000 0.026 1.119
1031.000 0.030 1.111
1032.000 0.033 1.111
1033.000 0.044 1.093
1034.000 0.029 1.071
1035.000 0.020 1.058
1036.000 0.021 1.037
1037.000 0.028 1.025
1038.000 0.025 1.010
1039.000 0.011 0.968
1040.000 0.027 0.932
1041.000 0.012 0.869
1042.000 0.015 0.766
1043.000 0.026 0.660
1044.000 0.008 0.519
1045.000 0.049 0.377
1046.000 0.005 0.218
1047.000 0.043 0.065
1048.000 0.129 0.025
1049.000 0.213 0.037
1050.000 0.346 0.015
1051.000 0.503 0.031
1052.000 0.677 0.046
1053.000 0.844 0.025
1054.000 1.016 0.012
1055.000 1.167 0.053
1056.000 1.193 0.169
1057.000 1.156 0.291
1058.000 1.175 0.459
1059.000 1.153 0.657
1060.000 1.031 0.766
1061.000 0.959 0.867
1062.000 0.951 0.951
1063.000 1.034 1.013
1064.000 1.171 1.056
1065.000 1.163 1.148
1066.000 1.122 1.192
1067.000 1.086 1.190
1068.000 1.064 1.180
1069.000 0.981 1.182
1070.000 0.859 1.199
1071.000 0.732 1.173
1072.000 0.575 1.192
1073.000 0.404 1.174
1074.000 0.242 1.195
1075.000 0.118 1.186
1076.000 0.031 1.137
1077.000 0.025 1.099
1078.000 0.030 1.084
1079.000 0.029 1.070
1080.000 0.020 1.053
1081.000 0.022 0.994
1082.000 0.042 0.944
1083.000 0.014 0.833
1084.000 0.021 0.735
1085.000 0.012 0.585
1086.000 0.048 0.402
1087.000 0.014 0.234
1088.000 0.035 0.088
1089.000 0.083 0.026
1090.000 0.156 0.023
1091.000 0.256 0.015
1092.000 0.358 0.013
1093.000 0.488 0.006
1094.000 0.642 0.034
1095.000 0.819 0.006
1096.000 0.984 0.018
1097.000 1.132 0.024
1098.000 1.197 0.099
1099.000 1.196 0.235
1100.000 1.199 0.407
1101.000 1.182 0.590
1102.000 1.184 0.770
1103.000 1.196 0.936
1104.000 1.170 1.095
1105.000 1.116 1.199
1106.000 1.024 1.182
1107.000 0.878 1.191
1108.000 0.718 1.200
1109.000 0.559 1.173
1110.000 0.394 1.197
1111.000 0.231 1.178
1112.000 0.092 1.182
1113.000 0.028 1.135
1114.000 0.027 1.099
1115.000 0.033 1.086
1116.000 0.037 1.080
1117.000 0.027 1.065
1118.000 0.025 1.065
1119.000 0.028 1.065
1120.000 0.030 1.066
1121.000 0.023 1.050
1122.000 0.028 1.025
1123.000 0.025 1.003
1124.000 0.008 0.950
1125.000 0.012 0.900
1126.000 0.030 0.774
1127.000 0.004 0.618
1128.000 0.025 0.505
1129.000 0.020 0.352
1130.000 0.011 0.189
1131.000 0.043 0.059
1132.000 0.103 0.022
1133.000 0.172 0.017
1134.000 0.267 0.015
1135.000 0.351 0.021
1136.000 0.424 0.027
1137.000 0.529 0.008
1138.000 0.659 0.015
1139.000 0.766 0.017
1140.000 0.905 0.007
1141.000 1.046 0.007
1142.000 1.161 0.031
1143.000 1.195 0.111
1144.000 1.179 0.226
1145.000 1.186 0.380
1146.000 1.167 0.561
1147.000 1.134 0.768
1148.000 0.990 0.832
1149.000 0.953 0.916
1150.000 0.988 0.981
1151.000 1.085 1.009
1152.000 1.193 1.056
1153.000 1.178 1.128
1154.000 1.120 1.198
1155.000 1.034 1.187
1156.000 0.949 1.194
1157.000 0.816 1.200
1158.000 0.693 1.184
1159.000 0.529 1.188
1160.000 0.391 1.192
1161.000 0.249 1.179
1162.000 0.100 1.188
1163.000 0.023 1.134
1164.000 0.025 1.083
1165.000 0.024 1.072
1166.000 0.025 1.073
1167.000 0.029 1.074
1168.000 0.027 1.062
1169.000 0.018 1.039
1170.000 0.024 1.019
1171.000 0.035 1.003
1172.000 0.026 0.978
1173.000 0.009 0.947
1174.000 0.023 0.919
1175.000 0.020 0.871
1176.000 0.004 0.799
1177.000 0.013 0.735
1178.000 0.017 0.718
1179.000 0.025 0.702
1180.000 0.037 0.630
1181.000 0.003 0.510
1182.000 0.002 0.317
1183.000 0.006 0.129
1184.000 0.096 0.020
1185.000 0.199 0.022
1186.000 0.297 0.020
1187.000 0.410 0.007
1188.000 0.576 0.033
1189.000 0.762 0.004
1190.000 0.932 0.037
1191.000 1.094 0.015
1192.000 1.194 0.066
1193.000 1.187 0.160
1194.000 1.184 0.295
1195.000 1.182 0.453
1196.000 1.153 0.651
1197.000 1.019 0.755
1198.000 0.949 0.852
1199.000 1.001 0.924
1200.000 1.044 0.931
1201.000 1.082 0.926
1202.000 1.190 0.969
1203.000 1.186 1.110
1204.000 1.134 1.197
1205.000 1.055 1.194
1206.000 0.997 1.198
1207.000 0.931 1.200
1208.000 0.841 1.200
1209.000 0.698 1.200
1210.000 0.543 1.199
1211.000 0.379 1.186
1212.000 0.206 1.195
1213.000 0.061 1.186
1214.000 0.018 1.088
1215.000 0.016 0.993
1216.000 0.012 0.921
1217.000 0.015 0.802
1218.000 0.005 0.634
1219.000 0.010 0.473
1220.000 0.017 0.315
1221.000 0.007 0.156
1222.000 0.058 0.031
1223.000 0.181 0.017
1224.000 0.315 0.010
1225.000 0.466 0.006
1226.000 0.633 0.027
1227.000 0.808 0.003
1228.000 0.977 0.003
1229.000 1.146 0.045
1230.000 1.200 0.148
1231.000 1.185 0.289
1232.000 1.200 0.464
1233.000 1.172 0.636
1234.000 1.189 0.794
1235.000 1.189 0.974
1236.000 1.158 1.106
1237.000 1.068 1.196
1238.000 0.938 1.196
1239.000 0.797 1.172
1240.000 0.640 1.200
1241.000 0.528 1.164
1242.000 0.378 1.199
1243.000 0.214 1.170
1244.000 0.067 1.187
1245.000 0.023 1.096
1246.000 0.022 1.046
1247.000 0.015 0.969
1248.000 0.005 0.864
1249.000 0.004 0.724
1250.000 0.003 0.573
1251.000 0.005 0.428
1252.000 0.004 0.257
1253.000 0.026 0.100
1254.000 0.099 0.022
1255.000 0.205 0.016
1256.000 0.312 0.011
1257.000 0.427 0.008
1258.000 0.564 0.005
1259.000 0.720 0.014
1260.000 0.861 0.003
1261.000 1.048 0.013
1262.000 1.189 0.046
1263.000 1.200 0.163
1264.000 1.191 0.334
1265.000 1.196 0.499
1266.000 1.175 0.700
1267.000 1.163 0.880
1268.000 1.188 1.034
1269.000 1.147 1.175
1270.000 1.026 1.187
1271.000 0.909 1.200
1272.000 0.776 1.200
1273.000 0.642 1.192
1274.000 0.489 1.197
1275.000 0.322 1.198
1276.000 0.156 1.190
1277.000 0.043 1.126
1278.000 0.021 1.019
1279.000 0.013 0.917
1280.000 0.004 0.782
1281.000 0.002 0.634
1282.000 0.009 0.476
1283.000 0.005 0.323
1284.000 0.010 0.157
1285.000 0.073 0.033
1286.000 0.197 0.018
1287.000 0.299 0.011
1288.000 0.418 0.022
1289.000 0.534 0.010
1290.000 0.676 0.019
1291.000 0.854 0.005
1292.000 1.033 0.008
1293.000 1.186 0.070
1294.000 1.199 0.220
1295.000 1.198 0.395
1296.000 1.196 0.580
1297.000 1.157 0.772
1298.000 1.195 0.958
1299.000 1.163 1.119
1300.000 1.057 1.192
1301.000 0.897 1.199
1302.000 0.746 1.192
1303.000 0.599 1.185
1304.000 0.441 1.200
1305.000 0.275 1.194
1306.000 0.118 1.189
1307.000 0.022 1.119
1308.000 0.016 1.026
1309.000 0.010 0.906
1310.000 0.010 0.771
1311.000 0.002 0.671
1312.000 0.005 0.550
1313.000 0.022 0.409
1314.000 0.006 0.241
1315.000 0.016 0.090
1316.000 0.085 0.020
1317.000 0.163 0.021
1318.000 0.210 0.018
1319.000 0.276 0.016
1320.000 0.361 0.010
1321.000 0.418 0.004
1322.000 0.515 0.006
1323.000 0.654 0.027
1324.000 0.819 0.009
1325.000 0.978 0.004
1326.000 1.143 0.038
1327.000 1.199 0.109
1328.000 1.193 0.170
1329.000 1.197 0.220
1330.000 1.185 0.337
1331.000 1.187 0.502
1332.000 1.193 0.689
1333.000 1.198 0.873
1334.000 1.190 1.049
1335.000 1.116 1.185
1336.000 0.981 1.200
1337.000 0.818 1.200
1338.000 0.653 1.200
1339.000 0.471 1.190
1340.000 0.306 1.193
1341.000 0.134 1.187
1342.000 0.026 1.126
1343.000 0.021 1.041
1344.000 0.014 0.937
1345.000 0.009 0.820
1346.000 0.005 0.694
1347.000 0.014 0.509
1348.000 0.006 0.335
1349.000 0.009 0.161
1350.000 0.080 0.026
1351.000 0.208 0.016
1352.000 0.356 0.013
1353.000 0.492 0.021
1354.000 0.655 0.019
1355.000 0.839 0.025
1356.000 1.022 0.016
1357.000 1.177 0.051
1358.000 1.200 0.187
1359.000 1.200 0.356
1360.000 1.196 0.547
1361.000 1.192 0.744
1362.000 1.194 0.928
1363.000 1.149 1.114
1364.000 1.046 1.192
1365.000 0.887 1.200
1366.000 0.729 1.193
1367.000 0.543 1.176
1368.000 0.374 1.191
1369.000 0.210 1.179
1370.000 0.059 1.175
1371.000 0.021 1.095
1372.000 0.024 1.039
1373.000 0.020 0.935
1374.000 0.013 0.792
1375.000 0.006 0.641
1376.000 0.021 0.480
1377.000 0.009 0.297
1378.000 0.021 0.144
1379.000 0.085 0.023
1380.000 0.207 0.014
1381.000 0.338 0.020
1382.000 0.484 0.007
1383.000 0.644 0.034
1384.000 0.798 0.013
1385.000 0.932 0.026
1386.000 1.096 0.017
1387.000 1.185 0.105
1388.000 1.184 0.269
1389.000 1.182 0.446
1390.000 1.163 0.636
1391.000 1.094 0.797
1392.000 0.967 0.867
1393.000 1.003 0.966
1394.000 1.046 1.006
1395.000 1.155 1.051
1396.000 1.181 1.131
1397.000 1.113 1.193
1398.000 1.054 1.194
1399.000 1.009 1.183
1400.000 0.920 1.200
1401.000 0.812 1.184
1402.000 0.708 1.198
1403.000 0.564 1.197
1404.000 0.408 1.199
1405.000 0.246 1.195
1406.000 0.106 1.189
1407.000 0.070 1.182
1408.000 0.037 1.165
1409.000 0.054 1.165
1410.000 0.051 1.139
1411.000 0.032 1.047
1412.000 0.013 0.956
1413.000 0.008 0.898
1414.000 0.006 0.818
1415.000 0.006 0.705
1416.000 0.010 0.581
1417.000 0.010 0.457
1418.000 0.016 0.292
1419.000 0.026 0.106
1420.000 0.094 0.018
1421.000 0.199 0.030
1422.000 0.332 0.023
1423.000 0.497 0.031
1424.000 0.685 0.042
1425.000 0.837 0.003
1426.000 0.990 0.009
1427.000 1.129 0.020
1428.000 1.182 0.133
1429.000 1.173 0.283
1430.000 1.170 0.455
1431.000 1.102 0.632
1432.000 1.040 0.790
1433.000 0.976 0.902
1434.000 1.046 0.976
1435.000 1.154 0.985
1436.000 1.179 1.086
1437.000 1.143 1.194
1438.000 1.085 1.195
1439.000 0.989 1.197
1440.000 0.853 1.183
1441.000 0.688 1.200
1442.000 0.498 1.184
1443.000 0.297 1.171
1444.000 0.174 1.168
1445.000 0.075 1.183
1446.000 0.018 1.084
1447.000 0.014 0.977
1448.000 0.016 0.851
1449.000 0.003 0.661
1450.000 0.014 0.483
1451.000 0.017 0.288
1452.000 0.018 0.116
1453.000 0.106 0.019
1454.000 0.243 0.015
1455.000 0.386 0.023
1456.000 0.555 0.022
1457.000 0.734 0.013
1458.000 0.899 0.004
1459.000 1.068 0.023
1460.000 1.189 0.044
1461.000 1.187 0.170
1462.000 1.187 0.236
1463.000 1.197 0.382
1464.000 1.184 0.565
1465.000 1.180 0.744
1466.000 1.195 0.933
1467.000 1.164 1.083
1468.000 1.110 1.200
1469.000 0.977 1.191
1470.000 0.822 1.200
1471.000 0.677 1.200
1472.000 0.491 1.184
1473.000 0.310 1.185
1474.000 0.160 1.175
1475.000 0.049 1.172
1476.000 0.022 1.087
1477.000 0.017 1.021
1478.000 0.007 0.902
1479.000 0.017 0.795
1480.000 0.013 0.649
1481.000 0.005 0.512
1482.000 0.023 0.358
1483.000 0.009 0.188
1484.000 0.052 0.050
1485.000 0.109 0.049
1486.000 0.210 0.014
1487.000 0.312 0.026
1488.000 0.452 0.033
1489.000 0.634 0.045
1490.000 0.798 0.013
1491.000 0.976 0.006
1492.000 1.145 0.054
1493.000 1.198 0.161
1494.000 1.177 0.310
1495.000 1.200 0.446
1496.000 1.191 0.605
1497.000 1.185 0.780
1498.000 1.173 0.942
1499.000 1.181 1.091
1500.000 1.082 1.193
1501.000 0.947 1.200
1502.000 0.800 1.181
1503.000 0.629 1.197
1504.000 0.458 1.162
1505.000 0.316 1.163
1506.000 0.174 1.189
1507.000 0.050 1.181
1508.000 0.017 1.100
1509.000 0.015 1.015
1510.000 0.015 0.880
1511.000 0.017 0.701
1512.000 0.006 0.540
1513.000 0.027 0.370
1514.000 0.011 0.199
1515.000 0.052 0.053
1516.000 0.158 0.019
1517.000 0.289 0.013
1518.000 0.445 0.018
1519.000 0.589 0.007
1520.000 0.752 0.021
1521.000 0.941 0.008
1522.000 1.106 0.031
1523.000 1.190 0.142
1524.000 1.188 0.315
1525.000 1.178 0.510
1526.000 1.184 0.687
1527.000 1.185 0.881
1528.000 1.195 1.045
1529.000 1.130 1.179
1530.000 0.998 1.183
1531.000 0.840 1.199
1532.000 0.679 1.182
1533.000 0.517 1.178
1534.000 0.363 1.190
1535.000 0.208 1.182
1536.000 0.074 1.165
1537.000 0.015 1.055
1538.000 0.046 0.899
1539.000 0.023 0.762
1540.000 0.016 0.624
1541.000 0.027 0.450
1542.000 0.012 0.278
1543.000 0.028 0.109
1544.000 0.137 0.014
1545.000 0.257 0.026
1546.000 0.389 0.029
1547.000 0.550 0.033
1548.000 0.718 0.011
1549.000 0.898 0.010
1550.000 1.084 0.020
1551.000 1.195 0.104
1552.000 1.196 0.271
1553.000 1.200 0.445
1554.000 1.186 0.631
1555.000 1.183 0.818
1556.000 1.172 0.999
1557.000 1.122 1.170
1558.000 1.004 1.190
1559.000 0.847 1.200
1560.000 0.659 1.198
1561.000 0.479 1.176
1562.000 0.311 1.200
1563.000 0.167 1.174
1564.000 0.042 1.160
1565.000 0.020 1.060
1566.000 0.009 0.946
1567.000 0.009 0.816
1568.000 0.008 0.662
1569.000 0.003 0.505
1570.000 0.013 0.336
1571.000 0.015 0.167
1572.000 0.069 0.041
1573.000 0.181 0.016
1574.000 0.307 0.012
1575.000 0.415 0.019
1576.000 0.524 0.007
1577.000 0.683 0.023
1578.000 0.835 0.008
1579.000 0.982 0.007
1580.000 1.139 0.042
1581.000 1.198 0.140
1582.000 1.199 0.281
1583.000 1.200 0.456
1584.000 1.189 0.645
1585.000 1.184 0.831
1586.000 1.189 1.000
1587.000 1.155 1.153
1588.000 1.029 1.191
1589.000 0.893 1.196
1590.000 0.749 1.193
1591.000 0.588 1.200
1592.000 0.440 1.196
1593.000 0.270 1.194
1594.000 0.125 1.181
1595.000 0.021 1.116
1596.000 0.016 0.999
1597.000 0.007 0.869
1598.000 0.013 0.724
1599.000 0.003 0.591
1600.000 0.021 0.432
1601.000 0.006 0.261
1602.000 0.036 0.102
1603.000 0.120 0.017
1604.000 0.215 0.019
1605.000 0.335 0.008
1606.000 0.464 0.024
1607.000 0.621 0.017
1608.000 0.799 0.033
1609.000 0.972 0.008
1610.000 1.129 0.032
1611.000 1.199 0.161
1612.000 1.194 0.328
1613.000 1.193 0.492
1614.000 1.187 0.655
1615.000 1.196 0.813
1616.000 1.197 0.986
1617.000 1.147 1.139
1618.000 1.029 1.196
1619.000 0.889 1.186
1620.000 0.750 1.200
1621.000 0.615 1.200
1622.000 0.486 1.198
1623.000 0.338 1.179
1624.000 0.196 1.187
1625.000 0.068 1.174
1626.000 0.019 1.079
1627.000 0.012 0.974
1628.000 0.014 0.875
1629.000 0.010 0.723
1630.000 0.002 0.585
1631.000 0.007 0.444
1632.000 0.008 0.274
1633.000 0.007 0.135
1634.000 0.066 0.031
1635.000 0.183 0.022
1636.000 0.300 0.009
1637.000 0.378 0.017
1638.000 0.447 0.029
1639.000 0.588 0.033
1640.000 0.725 0.006
1641.000 0.900 0.014
1642.000 1.061 0.009
1643.000 1.187 0.073
1644.000 1.200 0.203
1645.000 1.198 0.387
1646.000 1.182 0.567
1647.000 1.183 0.761
1648.000 1.175 0.930
1649.000 1.178 1.086
1650.000 1.077 1.196
1651.000 0.936 1.196
1652.000 0.770 1.199
1653.000 0.627 1.190
1654.000 0.470 1.199
1655.000 0.317 1.198
1656.000 0.152 1.192
1657.000 0.027 1.136
1658.000 0.020 1.005
1659.000 0.007 0.861
1660.000 0.004 0.692
1661.000 0.002 0.528
1662.000 0.012 0.349
1663.000 0.016 0.180
1664.000 0.050 0.039
1665.000 0.172 0.022
1666.000 0.293 0.012
1667.000 0.425 0.019
1668.000 0.588 0.022
1669.000 0.770 0.003
1670.000 0.934 0.024
1671.000 1.123 0.038
1672.000 1.200 0.165
1673.000 1.197 0.330
1674.000 1.200 0.508
1675.000 1.181 0.693
1676.000 1.190 0.874
1677.000 1.188 1.027
1678.000 1.111 1.179
1679.000 0.975 1.200
1680.000 0.824 1.198
1681.000 0.652 1.200
1682.000 0.475 1.188
1683.000 0.323 1.198
1684.000 0.186 1.193
1685.000 0.046 1.139
1686.000 0.017 1.020
1687.000 0.011 0.898
1688.000 0.003 0.734
1689.000 0.002 0.569
1690.000 0.016 0.383
1691.000 0.019 0.213
1692.000 0.053 0.067
1693.000 0.169 0.016
1694.000 0.293 0.026
1695.000 0.432 0.014
1696.000 0.608 0.037
1697.000 0.753 0.012
1698.000 0.910 0.008
1699.000 1.077 0.015
1700.000 1.186 0.061
1701.000 1.200 0.175
1702.000 1.199 0.311
1703.000 1.193 0.488
1704.000 1.180 0.644
1705.000 1.181 0.814
1706.000 1.188 0.966
1707.000 1.164 1.120
1708.000 1.057 1.200
1709.000 0.925 1.196
1710.000 0.768 1.200
1711.000 0.619 1.200
1712.000 0.485 1.197
1713.000 0.330 1.192
1714.000 0.181 1.187
1715.000 0.054 1.166
1716.000 0.015 1.077
1717.000 0.018 1.003
1718.000 0.010 0.921
1719.000 0.018 0.840
1720.000 0.002 0.737
1721.000 0.010 0.606
1722.000 0.003 0.496
1723.000 0.015 0.371
1724.000 0.015 0.206
1725.000 0.032 0.071
1726.000 0.141 0.019
1727.000 0.198 0.016
1728.000 0.299 0.014
1729.000 0.407 0.013
1730.000 0.544 0.013
1731.000 0.691 0.005
1732.000 0.853 0.019
1733.000 1.013 0.005
1734.000 1.143 0.050
1735.000 1.200 0.157
1736.000 1.200 0.288
1737.000 1.196 0.430
1738.000 1.200 0.610
1739.000 1.191 0.778
1740.000 1.189 0.954
1741.000 1.157 1.114
1742.000 1.063 1.198
1743.000 0.940 1.200
1744.000 0.793 1.194
1745.000 0.627 1.178
1746.000 0.467 1.198
1747.000 0.297 1.192
1748.000 0.143 1.181
1749.000 0.016 1.119
1750.000 0.016 1.022
1751.000 0.008 0.922
1752.000 0.010 0.842
1753.000 0.002 0.689
1754.000 0.003 0.542
1755.000 0.002 0.475
1756.000 0.002 0.325
1757.000 0.009 0.158
1758.000 0.076 0.024
1759.000 0.196 0.015
1760.000 0.320 0.007
1761.000 0.464 0.008
1762.000 0.647 0.015
1763.000 0.827 0.002
1764.000 0.997 0.013
1765.000 1.170 0.051
1766.000 1.200 0.192
1767.000 1.191 0.356
1768.000 1.186 0.558
1769.000 1.177 0.754
1770.000 1.183 0.923
1771.000 1.185 1.087
1772.000 1.094 1.195
1773.000 0.955 1.200
1774.000 0.808 1.200
1775.000 0.646 1.197
1776.000 0.483 1.199
1777.000 0.309 1.189
1778.000 0.155 1.193
1779.000 0.023 1.125
1780.000 0.020 1.033
1781.000 0.021 0.937
1782.000 0.003 0.796
1783.000 0.002 0.649
1784.000 0.011 0.488
1785.000 0.003 0.319
1786.000 0.004 0.155
1787.000 0.067 0.025
1788.000 0.189 0.013
1789.000 0.325 0.012
1790.000 0.469 0.016
1791.000 0.656 0.037
1792.000 0.830 0.006
1793.000 0.994 0.026
1794.000 1.130 0.017
1795.000 1.200 0.102
1796.000 1.188 0.225
1797.000 1.200 0.376
1798.000 1.200 0.546
1799.000 1.185 0.715
1800.000 1.191 0.878
1801.000 1.183 1.035
1802.000 1.123 1.176
1803.000 1.032 1.192
1804.000 0.911 1.193
1805.000 0.754 1.200
1806.000 0.602 1.186
1807.000 0.440 1.200
1808.000 0.281 1.196
1809.000 0.150 1.177
1810.000 0.032 1.153
1811.000 0.015 1.059
1812.000 0.008 0.931
1813.000 0.010 0.783
1814.000 0.005 0.613
1815.000 0.009 0.453
1816.000 0.009 0.297
1817.000 0.014 0.147
1818.000 0.079 0.020
1819.000 0.190 0.020
1820.000 0.311 0.016
1821.000 0.461 0.029
1822.000 0.625 0.019
1823.000 0.812 0.026
1824.000 0.996 0.008
1825.000 1.141 0.044
1826.000 1.194 0.176
1827.000 1.186 0.339
1828.000 1.189 0.517
1829.000 1.173 0.709
1830.000 1.193 0.880
1831.000 1.186 1.037
1832.000 1.143 1.170
1833.000 1.028 1.190
1834.000 0.903 1.200
1835.000 0.738 1.194
1836.000 0.555 1.168
1837.000 0.392 1.180
1838.000 0.254 1.179
1839.000 0.114 1.168
1840.000 0.029 1.073
1841.000 0.010 0.958
1842.000 0.007 0.825
1843.000 0.002 0.666
1844.000 0.003 0.496
1845.000 0.015 0.324
1846.000 0.021 0.162
1847.000 0.067 0.036
1848.000 0.151 0.018
1849.000 0.248 0.017
1850.000 0.354 0.028
1851.000 0.469 0.015
1852.000 0.623 0.039
1853.000 0.766 0.009
1854.000 0.906 0.034
1855.000 1.060 0.021
1856.000 1.191 0.106
1857.000 1.197 0.246
1858.000 1.200 0.411
1859.000 1.192 0.605
1860.000 1.176 0.777
1861.000 1.189 0.936
1862.000 1.163 1.082
1863.000 1.085 1.193
1864.000 0.943 1.190
1865.000 0.799 1.200
1866.000 0.641 1.181
1867.000 0.504 1.167
1868.000 0.354 1.181
1869.000 0.198 1.193
1870.000 0.063 1.154
1871.000 0.018 1.056
1872.000 0.007 0.934
1873.000 0.009 0.785
1874.000 0.004 0.626
1875.000 0.004 0.489
1876.000 0.010 0.313
1877.000 0.028 0.161
1878.000 0.068 0.044
1879.000 0.155 0.018
1880.000 0.257 0.014
1881.000 0.376 0.011
1882.000 0.535 0.029
1883.000 0.693 0.024
1884.000 0.806 0.009
1885.000 0.959 0.015
1886.000 1.144 0.042
1887.000 1.194 0.182
1888.000 1.200 0.366
1889.000 1.187 0.601
1890.000 1.198 0.804
1891.000 1.186 0.995
1892.000 1.153 1.157
1893.000 1.032 1.197
1894.000 0.879 1.187
1895.000 0.685 1.199
1896.000 0.519 1.182
1897.000 0.346 1.191
1898.000 0.168 1.189
1899.000 0.039 1.148
1900.000 0.021 1.044
1901.000 0.009 0.927
1902.000 0.013 0.804
1903.000 0.004 0.646
1904.000 0.021 0.470
1905.000 0.006 0.284
1906.000 0.011 0.130
1907.000 0.082 0.022
1908.000 0.194 0.021
1909.000 0.322 0.008
1910.000 0.465 0.016
1911.000 0.592 0.027
1912.000 0.759 0.005
1913.000 0.919 0.024
1914.000 1.080 0.014
1915.000 1.198 0.099
1916.000 1.197 0.259
1917.000 1.200 0.434
1918.000 1.198 0.628
1919.000 1.196 0.816
1920.000 1.195 0.993
1921.000 1.143 1.163
1922.000 1.029 1.194
1923.000 0.894 1.200
1924.000 0.730 1.200
1925.000 0.573 1.186
1926.000 0.408 1.186
1927.000 0.256 1.181
1928.000 0.107 1.179
1929.000 0.024 1.149
1930.000 0.020 1.101
1931.000 0.029 1.081
1932.000 0.031 1.054
1933.000 0.015 1.005
1934.000 0.016 0.967
1935.000 0.030 0.925
1936.000 0.006 0.851
1937.000 0.031 0.776
1938.000 0.028 0.632
1939.000 0.004 0.498
1940.000 0.024 0.339
1941.000 0.006 0.198
1942.000 0.035 0.063
1943.000 0.124 0.023
1944.000 0.238 0.016
1945.000 0.364 0.008
1946.000 0.478 0.007
1947.000 0.632 0.028
1948.000 0.786 0.003
1949.000 0.915 0.003
1950.000 1.078 0.011
1951.000 1.196 0.083
1952.000 1.198 0.212
1953.000 1.188 0.368
1954.000 1.192 0.539
1955.000 1.172 0.723
1956.000 1.191 0.902
1957.000 1.193 1.063
1958.000 1.135 1.188
1959.000 1.014 1.195
1960.000 0.889 1.200
1961.000 0.733 1.200
1962.000 0.566 1.200
1963.000 0.438 1.200
1964.000 0.386 1.160
1965.000 0.367 0.961
1966.000 0.478 0.799
1967.000 0.716 1.000
1968.000 0.909 0.981
1969.000 0.936 0.931
1970.000 0.980 0.956
1971.000 0.974 0.996
1972.000 0.953 0.996
1973.000 0.951 0.991
1974.000 0.926 0.986
1975.000 0.903 0.971
1976.000 0.930 0.949
1977.000 0.951 0.949
1978.000 0.955 0.956
1979.000 0.953 0.954
1980.000 0.951 0.951
1981.000 0.947 0.954
1982.000 0.949 0.954
1983.000 0.953 0.956
1984.000 0.961 0.954
1985.000 0.955 0.954
1986.000 0.955 0.954
1987.000 0.961 0.954
1988.000 0.957 0.954
1989.000 0.957 0.954
1990.000 0.957 0.954
1991.000 0.957 0.954
1992.000 0.957 0.954
1993.000 0.957 0.954
1994.000 0.957 0.954
1995.000 0.957 0.954
1996.000 0.957 0.954
1997.000 0.957 0.954
1998.000 0.953 0.956
1999.000 0.953 0.956
2000.000 0.953 0.956
2001.000 0.953 0.956
2002.000 0.953 0.956
2003.000 0.953 0.956
2004.000 0.953 0.956
2005.000 0.953 0.956
2006.000 0.953 0.956
2007.000 0.953 0.956
2008.000 0.953 0.956
2009.000 0.953 0.956
2010.000 0.953 0.956
2011.000 0.953 0.956
2012.000 0.953 0.956
2013.000 0.953 0.956
2014.000 0.953 0.956
2015.000 0.957 0.956
2016.000 0.957 0.956
2017.000 0.957 0.956
2018.000 0.955 0.956
2019.000 0.955 0.956
2020.000 0.955 0.956
2021.000 0.955 0.956
2022.000 0.955 0.956
2023.000 0.955 0.956
2024.000 0.955 0.956
2025.000 0.955 0.956
2026.000 0.955 0.956
2027.000 0.955 0.956
2028.000 0.955 0.956
2029.000 0.955 0.956
2030.000 0.955 0.956
2031.000 0.955 0.956
2032.000 0.955 0.956
2033.000 0.955 0.956
2034.000 0.955 0.956
2035.000 0.955 0.956
2036.000 0.955 0.956
2037.000 0.955 0.956
2038.000 0.955 0.956
2039.000 0.955 0.956
2040.000 0.955 0.956
2041.000 0.955 0.956
2042.000 0.955 0.956
2043.000 0.955 0.956
2044.000 0.955 0.956
2045.000 0.955 0.956
2046.000 0.955 0.956
2047.000 0.955 0.956
2048.000 0.955 0.956
2049.000 0.953 0.951
2050.000 0.953 0.951
2051.000 0.961 0.949
2052.000 0.961 0.949
2053.000 0.980 0.949
2054.000 0.980 0.949
2055.000 0.980 1.091
2056.000 0.860 1.200
2057.000 0.685 1.200
2058.000 0.518 1.200
2059.000 0.372 1.185
2060.000 0.211 1.189
2061.000 0.070 1.187
2062.000 0.027 1.139
2063.000 0.031 1.129
2064.000 0.051 1.099
2065.000 0.015 1.039
2066.000 0.023 1.013
2067.000 0.026 1.012
2068.000 0.034 1.006
2069.000 0.024 0.987
2070.000 0.013 0.941
2071.000 0.014 0.904
2072.000 0.030 0.862
2073.000 0.004 0.829
2074.000 0.007 0.760
2075.000 0.004 0.672
2076.000 0.004 0.561
2077.000 0.041 0.433
2078.000 0.003 0.281
2079.000 0.018 0.133
2080.000 0.069 0.026
2081.000 0.126 0.022
2082.000 0.158 0.022
2083.000 0.202 0.044
2084.000 0.239 0.023
2085.000 0.260 0.025
2086.000 0.245 0.052
2087.000 0.170 0.023
2088.000 0.099 0.031
2089.000 0.055 0.024
2090.000 0.044 0.052
2091.000 0.049 0.053
2092.000 0.068 0.048
2093.000 0.102 0.030
2094.000 0.128 0.022
2095.000 0.154 0.032
2096.000 0.199 0.021
2097.000 0.241 0.016
2098.000 0.286 0.029
2099.000 0.305 0.013
2100.000 0.243 0.018
2101.000 0.200 0.016
2102.000 0.150 0.024
2103.000 0.091 0.025
2104.000 0.051 0.043
2105.000 0.066 0.055
2106.000 0.133 0.055
2107.000 0.231 0.027
2108.000 0.328 0.016
2109.000 0.429 0.024
2110.000 0.568 0.013
2111.000 0.710 0.002
2112.000 0.862 0.043
2113.000 1.014 0.010
2114.000 1.136 0.026
2115.000 1.195 0.083
2116.000 1.187 0.127
2117.000 1.183 0.141
2118.000 1.187 0.177
2119.000 1.181 0.234
2120.000 1.190 0.341
2121.000 1.186 0.508
2122.000 1.200 0.635
2123.000 1.173 0.790
2124.000 1.192 0.967
2125.000 1.161 1.101
2126.000 1.172 1.168
2127.000 1.158 1.133
2128.000 1.100 1.119
2129.000 1.064 1.008
2130.000 0.970 0.946
2131.000 0.924 0.944
2132.000 0.911 0.944
2133.000 0.899 0.936
2134.000 0.936 0.929
2135.000 0.986 0.969
2136.000 1.026 0.996
2137.000 1.109 1.027
2138.000 1.186 1.074
2139.000 1.188 1.152
2140.000 1.161 1.188
2141.000 1.140 1.192
2142.000 1.123 1.183
2143.000 1.160 1.171
2144.000 1.126 1.189
2145.000 1.085 1.176
2146.000 1.048 1.194
2147.000 1.036 1.192
2148.000 1.062 1.177
2149.000 1.107 1.196
2150.000 1.167 1.187
2151.000 1.186 1.154
2152.000 1.167 1.087
2153.000 1.037 1.096
2154.000 0.943 1.191
2155.000 0.849 1.198
2156.000 0.720 1.200
2157.000 0.615 1.177
2158.000 0.482 1.200
2159.000 0.326 1.191
2160.000 0.177 1.187
2161.000 0.085 1.188
2162.000 0.028 1.146
2163.000 0.032 1.108
2164.000 0.026 1.080
2165.000 0.022 1.054
2166.000 0.027 1.030
2167.000 0.018 0.985
2168.000 0.017 0.948
2169.000 0.025 0.911
2170.000 0.010 0.862
2171.000 0.007 0.808
2172.000 0.021 0.754
2173.000 0.003 0.649
2174.000 0.002 0.593
2175.000 0.020 0.449
2176.000 0.005 0.274
2177.000 0.017 0.101
2178.000 0.078 0.024
2179.000 0.132 0.022
2180.000 0.147 0.022
2181.000 0.154 0.025
2182.000 0.161 0.022
2183.000 0.182 0.020
2184.000 0.233 0.012
2185.000 0.267 0.017
2186.000 0.308 0.025
2187.000 0.342 0.027
2188.000 0.356 0.021
2189.000 0.376 0.015
2190.000 0.405 0.009
2191.000 0.485 0.018
2192.000 0.595 0.003
2193.000 0.745 0.014
2194.000 0.934 0.010
2195.000 1.078 0.008
2196.000 1.195 0.095
2197.000 1.196 0.188
2198.000 1.177 0.255
2199.000 1.189 0.400
2200.000 1.186 0.582
2201.000 1.174 0.789
2202.000 1.196 0.960
2203.000 1.152 1.130
2204.000 1.036 1.198
2205.000 0.900 1.173
2206.000 0.755 1.183
2207.000 0.576 1.198
2208.000 0.388 1.189
2209.000 0.230 1.189
2210.000 0.081 1.184
2211.000 0.022 1.105
2212.000 0.019 1.029
2213.000 0.021 0.947
2214.000 0.011 0.852
2215.000 0.004 0.756
2216.000 0.017 0.661
2217.000 0.002 0.547
2218.000 0.005 0.383
2219.000 0.027 0.222
2220.000 0.035 0.067
2221.000 0.098 0.022
2222.000 0.141 0.021
2223.000 0.157 0.022
2224.000 0.180 0.020
2225.000 0.234 0.026
2226.000 0.323 0.008
2227.000 0.413 0.007
2228.000 0.556 0.025
2229.000 0.741 0.015
2230.000 0.908 0.003
2231.000 1.067 0.016
2232.000 1.196 0.096
2233.000 1.187 0.229
2234.000 1.192 0.378
2235.000 1.186 0.567
2236.000 1.171 0.748
2237.000 1.177 0.944
2238.000 1.189 1.097
2239.000 1.103 1.195
2240.000 1.002 1.197
2241.000 0.864 1.200
2242.000 0.697 1.188
2243.000 0.524 1.185
2244.000 0.339 1.193
2245.000 0.179 1.176
2246.000 0.063 1.168
2247.000 0.028 1.125
2248.000 0.029 1.108
2249.000 0.035 1.100
2250.000 0.035 1.092
2251.000 0.034 1.090
2252.000 0.032 1.104
2253.000 0.021 1.146
2254.000 0.047 1.143
2255.000 0.049 1.128
2256.000 0.039 1.095
2257.000 0.030 1.059
2258.000 0.020 1.017
2259.000 0.019 0.989
2260.000 0.025 0.975
2261.000 0.027 0.966
2262.000 0.029 0.955
2263.000 0.028 0.944
2264.000 0.027 0.935
2265.000 0.025 0.934
2266.000 0.020 0.925
2267.000 0.025 0.898
2268.000 0.019 0.810
2269.000 0.009 0.661
2270.000 0.025 0.512
2271.000 0.010 0.371
2272.000 0.004 0.222
2273.000 0.040 0.087
2274.000 0.112 0.023
2275.000 0.172 0.016
2276.000 0.211 0.019
2277.000 0.282 0.022
2278.000 0.337 0.019
2279.000 0.384 0.016
2280.000 0.474 0.029
2281.000 0.656 0.019
2282.000 0.847 0.005
2283.000 1.036 0.011
2284.000 1.170 0.055
2285.000 1.191 0.160
2286.000 1.179 0.310
2287.000 1.162 0.496
2288.000 1.162 0.704
2289.000 1.189 0.907
2290.000 1.182 1.062
2291.000 1.107 1.182
2292.000 1.003 1.194
2293.000 0.885 1.200
2294.000 0.784 1.194
2295.000 0.622 1.183
2296.000 0.453 1.190
2297.000 0.286 1.195
2298.000 0.141 1.181
2299.000 0.037 1.162
2300.000 0.027 1.130
2301.000 0.030 1.121
2302.000 0.033 1.108
2303.000 0.032 1.085
2304.000 0.021 1.031
2305.000 0.031 0.961
2306.000 0.010 0.883
2307.000 0.022 0.812
2308.000 0.005 0.713
2309.000 0.021 0.575
2310.000 0.037 0.396
2311.000 0.012 0.238
2312.000 0.015 0.091
2313.000 0.080 0.023
2314.000 0.144 0.024
2315.000 0.200 0.023
2316.000 0.304 0.029
2317.000 0.415 0.011
2318.000 0.574 0.044
2319.000 0.732 0.027
2320.000 0.914 0.041
2321.000 1.073 0.008
2322.000 1.183 0.079
2323.000 1.191 0.212
2324.000 1.176 0.376
2325.000 1.142 0.581
2326.000 1.030 0.734
2327.000 0.961 0.882
2328.000 0.965 0.983
2329.000 1.048 1.013
2330.000 1.177 1.085
2331.000 1.154 1.192
2332.000 1.062 1.188
2333.000 0.968 1.194
2334.000 0.803 1.193
2335.000 0.637 1.199
2336.000 0.454 1.190
2337.000 0.305 1.196
2338.000 0.141 1.191
2339.000 0.040 1.159
2340.000 0.023 1.101
2341.000 0.029 1.058
2342.000 0.027 1.051
2343.000 0.037 1.092
2344.000 0.032 1.155
2345.000 0.042 1.157
2346.000 0.026 1.113
2347.000 0.022 1.087
2348.000 0.024 1.053
2349.000 0.018 1.011
2350.000 0.013 0.957
2351.000 0.006 0.882
2352.000 0.006 0.780
2353.000 0.010 0.636
2354.000 0.000 0.517
2355.000 0.026 0.368
2356.000 0.004 0.225
2357.000 0.017 0.095
2358.000 0.079 0.025
2359.000 0.155 0.021
2360.000 0.230 0.015
2361.000 0.334 0.010
2362.000 0.456 0.009
2363.000 0.592 0.016
2364.000 0.774 0.004
2365.000 0.928 0.024
2366.000 1.077 0.010
2367.000 1.192 0.069
2368.000 1.197 0.180
2369.000 1.184 0.340
2370.000 1.195 0.532
2371.000 1.177 0.745
2372.000 1.195 0.922
2373.000 1.164 1.083
2374.000 1.082 1.200
2375.000 0.965 1.200
2376.000 0.832 1.182
2377.000 0.670 1.194
2378.000 0.485 1.189
2379.000 0.321 1.195
2380.000 0.161 1.188
2381.000 0.057 1.178
2382.000 0.052 1.161
2383.000 0.035 1.100
2384.000 0.014 1.008
2385.000 0.009 0.929
2386.000 0.009 0.868
2387.000 0.016 0.847
2388.000 0.024 0.832
2389.000 0.025 0.824
2390.000 0.035 0.802
2391.000 0.030 0.766
2392.000 0.030 0.731
2393.000 0.031 0.652
2394.000 0.033 0.562
2395.000 0.033 0.412
2396.000 0.023 0.243
2397.000 0.043 0.088
2398.000 0.108 0.028
2399.000 0.189 0.016
2400.000 0.292 0.023
2401.000 0.398 0.009
2402.000 0.530 0.021
2403.000 0.713 0.032
2404.000 0.925 0.054
2405.000 1.084 0.012
2406.000 1.195 0.092
2407.000 1.192 0.254
2408.000 1.189 0.425
2409.000 1.178 0.642
2410.000 1.169 0.854
2411.000 1.149 1.047
2412.000 1.105 1.196
2413.000 0.971 1.187
2414.000 0.825 1.186
2415.000 0.655 1.180
2416.000 0.506 1.182
2417.000 0.348 1.197
2418.000 0.189 1.174
2419.000 0.060 1.172
2420.000 0.019 1.084
2421.000 0.013 1.000
2422.000 0.015 0.885
2423.000 0.003 0.723
2424.000 0.004 0.556
2425.000 0.034 0.372
2426.000 0.025 0.185
2427.000 0.066 0.040
2428.000 0.167 0.018
2429.000 0.293 0.024
2430.000 0.424 0.026
2431.000 0.595 0.049
2432.000 0.769 0.021
2433.000 0.943 0.043
2434.000 1.100 0.011
2435.000 1.195 0.083
2436.000 1.190 0.223
2437.000 1.195 0.393
2438.000 1.162 0.600
2439.000 1.077 0.753
2440.000 0.980 0.889
2441.000 1.026 0.971
2442.000 1.144 1.028
2443.000 1.184 1.137
2444.000 1.107 1.200
2445.000 1.003 1.200
2446.000 0.869 1.200
2447.000 0.737 1.193
2448.000 0.564 1.173
2449.000 0.399 1.173
2450.000 0.232 1.189
2451.000 0.091 1.183
2452.000 0.020 1.121
2453.000 0.011 1.028
2454.000 0.007 0.914
2455.000 0.004 0.821
2456.000 0.002 0.704
2457.000 0.010 0.564
2458.000 0.003 0.417
2459.000 0.003 0.279
2460.000 0.006 0.132
2461.000 0.036 0.081
2462.000 0.080 0.025
2463.000 0.171 0.019
2464.000 0.253 0.034
2465.000 0.365 0.046
2466.000 0.539 0.059
2467.000 0.709 0.084
2468.000 0.836 0.179
2469.000 0.984 0.092
2470.000 1.080 0.007
2471.000 1.195 0.079
2472.000 1.176 0.211
2473.000 1.196 0.376
2474.000 1.200 0.573
2475.000 1.169 0.786
2476.000 1.186 0.975
2477.000 1.162 1.133
2478.000 1.038 1.197
2479.000 0.868 1.200
2480.000 0.687 1.200
2481.000 0.522 1.170
2482.000 0.339 1.178
2483.000 0.183 1.195
2484.000 0.049 1.160
2485.000 0.019 1.062
2486.000 0.011 0.981
2487.000 0.015 0.882
2488.000 0.003 0.736
2489.000 0.010 0.556
2490.000 0.008 0.391
2491.000 0.012 0.263
2492.000 0.022 0.091
2493.000 0.118 0.023
2494.000 0.191 0.024
2495.000 0.311 0.013
2496.000 0.432 0.015
2497.000 0.567 0.013
2498.000 0.757 0.040
2499.000 0.933 0.013
2500.000 1.097 0.031
2501.000 1.200 0.141
2502.000 1.191 0.317
2503.000 1.185 0.513
2504.000 1.146 0.721
2505.000 1.011 0.854
2506.000 1.009 0.958
2507.000 1.134 1.014
2508.000 1.125 1.155
2509.000 1.008 1.200
2510.000 0.864 1.200
2511.000 0.722 1.200
2512.000 0.573 1.200
2513.000 0.407 1.198
2514.000 0.241 1.198
2515.000 0.084 1.175
2516.000 0.015 1.076
2517.000 0.008 0.941
2518.000 0.004 0.790
2519.000 0.003 0.612
2520.000 0.017 0.457
2521.000 0.012 0.282
2522.000 0.017 0.119
2523.000 0.101 0.020
2524.000 0.197 0.015
2525.000 0.329 0.011
2526.000 0.474 0.009
2527.000 0.647 0.012
2528.000 0.812 0.004
2529.000 0.993 0.008
2530.000 1.168 0.071
2531.000 1.200 0.217
2532.000 1.190 0.396
2533.000 1.187 0.598
2534.000 1.193 0.783
2535.000 1.194 0.971
2536.000 1.146 1.132
2537.000 1.080 1.200
2538.000 0.978 1.187
2539.000 0.816 1.194
2540.000 0.635 1.200
2541.000 0.460 1.165
2542.000 0.268 1.183
2543.000 0.104 1.190
2544.000 0.019 1.099
2545.000 0.013 1.001
2546.000 0.007 0.866
2547.000 0.007 0.690
2548.000 0.005 0.514
2549.000 0.007 0.344
2550.000 0.022 0.156
2551.000 0.096 0.021
2552.000 0.235 0.013
2553.000 0.388 0.022
2554.000 0.547 0.031
2555.000 0.721 0.003
2556.000 0.874 0.038
2557.000 1.036 0.017
2558.000 1.173 0.047
2559.000 1.198 0.193
2560.000 1.198 0.371
2561.000 1.200 0.564
2562.000 1.175 0.757
2563.000 1.193 0.918
2564.000 1.168 1.069
2565.000 1.087 1.198
2566.000 0.939 1.197
2567.000 0.809 1.200
2568.000 0.656 1.186
2569.000 0.483 1.200
2570.000 0.349 1.200
2571.000 0.175 1.190
2572.000 0.041 1.156
2573.000 0.018 1.058
2574.000 0.011 0.921
2575.000 0.009 0.771
2576.000 0.007 0.608
2577.000 0.003 0.439
2578.000 0.040 0.259
2579.000 0.049 0.088
2580.000 0.131 0.021
2581.000 0.251 0.020
2582.000 0.395 0.027
2583.000 0.571 0.048
2584.000 0.763 0.032
2585.000 0.940 0.010
2586.000 1.088 0.063
2587.000 1.197 0.120
2588.000 1.199 0.244
2589.000 1.200 0.414
2590.000 1.183 0.595
2591.000 1.174 0.763
2592.000 1.198 0.944
2593.000 1.159 1.105
2594.000 1.059 1.196
2595.000 0.934 1.200
2596.000 0.756 1.200
2597.000 0.585 1.197
2598.000 0.418 1.193
2599.000 0.253 1.186
2600.000 0.095 1.175
2601.000 0.017 1.081
2602.000 0.012 0.943
2603.000 0.003 0.804
2604.000 0.003 0.637
2605.000 0.012 0.466
2606.000 0.021 0.314
2607.000 0.019 0.152
2608.000 0.088 0.031
2609.000 0.214 0.013
2610.000 0.345 0.007
2611.000 0.497 0.023
2612.000 0.672 0.040
2613.000 0.829 0.014
2614.000 0.988 0.008
2615.000 1.150 0.062
2616.000 1.197 0.199
2617.000 1.196 0.351
2618.000 1.186 0.525
2619.000 1.172 0.720
2620.000 1.200 0.899
2621.000 1.170 1.038
2622.000 1.147 1.180
2623.000 1.034 1.195
2624.000 0.900 1.199
2625.000 0.756 1.200
2626.000 0.594 1.186
2627.000 0.441 1.197
2628.000 0.273 1.187
2629.000 0.125 1.185
2630.000 0.022 1.132
2631.000 0.016 1.064
2632.000 0.016 1.020
2633.000 0.017 0.995
2634.000 0.034 0.965
2635.000 0.035 0.934
2636.000 0.026 0.864
2637.000 0.034 0.766
2638.000 0.005 0.682
2639.000 0.010 0.575
2640.000 0.016 0.412
2641.000 0.006 0.255
2642.000 0.010 0.102
2643.000 0.064 0.024
2644.000 0.163 0.019
2645.000 0.240 0.013
2646.000 0.379 0.006
2647.000 0.546 0.011
2648.000 0.722 0.007
2649.000 0.905 0.029
2650.000 1.072 0.015
2651.000 1.198 0.105
2652.000 1.200 0.276
2653.000 1.200 0.465
2654.000 1.192 0.660
2655.000 1.193 0.847
2656.000 1.197 1.021
2657.000 1.122 1.179
2658.000 1.009 1.200
2659.000 0.853 1.179
2660.000 0.704 1.200
2661.000 0.540 1.179
2662.000 0.373 1.194
2663.000 0.214 1.195
2664.000 0.071 1.183
2665.000 0.018 1.124
2666.000 0.025 1.081
2667.000 0.027 1.058
2668.000 0.031 1.029
2669.000 0.018 0.999
2670.000 0.016 0.963
2671.000 0.007 0.892
2672.000 0.003 0.830
2673.000 0.003 0.757
2674.000 0.014 0.644
2675.000 0.013 0.497
2676.000 0.017 0.356
2677.000 0.024 0.208
2678.000 0.042 0.067
2679.000 0.149 0.017
2680.000 0.240 0.024
2681.000 0.343 0.018
2682.000 0.498 0.037
2683.000 0.686 0.071
2684.000 0.858 0.057
2685.000 1.014 0.010
2686.000 1.153 0.085
2687.000 1.192 0.257
2688.000 1.146 0.430
2689.000 1.071 0.607
2690.000 1.010 0.770
2691.000 0.992 0.901
2692.000 1.042 0.968
2693.000 1.176 1.047
2694.000 1.158 1.162
2695.000 1.038 1.194
2696.000 0.938 1.193
2697.000 0.790 1.192
2698.000 0.677 1.199
2699.000 0.501 1.196
2700.000 0.328 1.165
2701.000 0.197 1.104
2702.000 0.038 1.124
2703.000 0.012 1.006
2704.000 0.005 0.858
2705.000 0.005 0.701
2706.000 0.006 0.527
2707.000 0.017 0.355
2708.000 0.016 0.190
2709.000 0.080 0.029
2710.000 0.221 0.014
2711.000 0.375 0.026
2712.000 0.558 0.045
2713.000 0.755 0.037
2714.000 0.953 0.013
2715.000 1.125 0.052
2716.000 1.200 0.205
2717.000 1.200 0.380
2718.000 1.200 0.571
2719.000 1.178 0.766
2720.000 1.194 0.941
2721.000 1.153 1.103
2722.000 1.042 1.199
2723.000 0.895 1.200
2724.000 0.731 1.200
2725.000 0.572 1.192
2726.000 0.395 1.200
2727.000 0.226 1.194
2728.000 0.070 1.182
2729.000 0.020 1.094
2730.000 0.015 0.968
2731.000 0.004 0.828
2732.000 0.002 0.650
2733.000 0.014 0.485
2734.000 0.053 0.472
2735.000 0.044 0.326
2736.000 0.004 0.185
2737.000 0.061 0.058
2738.000 0.170 0.016
2739.000 0.307 0.019
2740.000 0.465 0.017
2741.000 0.653 0.046
2742.000 0.859 0.072
2743.000 1.043 0.012
2744.000 1.178 0.079
2745.000 1.200 0.235
2746.000 1.200 0.417
2747.000 1.199 0.608
2748.000 1.186 0.785
2749.000 1.176 0.954
2750.000 1.188 1.123
2751.000 1.097 1.200
2752.000 0.958 1.200
2753.000 0.785 1.200
2754.000 0.615 1.200
2755.000 0.448 1.200
2756.000 0.278 1.194
2757.000 0.108 1.189
2758.000 0.020 1.105
2759.000 0.015 0.970
2760.000 0.005 0.820
2761.000 0.012 0.653
2762.000 0.014 0.486
2763.000 0.005 0.320
2764.000 0.013 0.174
2765.000 0.056 0.044
2766.000 0.160 0.018
2767.000 0.291 0.008
2768.000 0.438 0.008
2769.000 0.589 0.026
2770.000 0.736 0.033
2771.000 0.875 0.019
2772.000 1.038 0.025
2773.000 1.165 0.029
2774.000 1.196 0.118
2775.000 1.186 0.244
2776.000 1.183 0.388
2777.000 1.162 0.565
2778.000 1.123 0.745
2779.000 0.994 0.859
2780.000 1.009 0.968
2781.000 1.121 1.026
2782.000 1.186 1.125
2783.000 1.117 1.191
2784.000 1.002 1.196
2785.000 0.883 1.200
2786.000 0.749 1.200
2787.000 0.594 1.200
2788.000 0.441 1.200
2789.000 0.259 1.189
2790.000 0.102 1.187
2791.000 0.023 1.140
2792.000 0.016 1.036
2793.000 0.007 0.900
2794.000 0.002 0.764
2795.000 0.003 0.602
2796.000 0.004 0.547
2797.000 0.015 0.522
2798.000 0.017 0.463
2799.000 0.007 0.360
2800.000 0.014 0.204
2801.000 0.012 0.100
2802.000 0.008 0.075
2803.000 0.046 0.033
2804.000 0.177 0.025
2805.000 0.294 0.020
2806.000 0.396 0.008
2807.000 0.475 0.034
2808.000 0.631 0.043
2809.000 0.782 0.005
2810.000 0.904 0.006
2811.000 1.051 0.019
2812.000 1.189 0.083
2813.000 1.195 0.204
2814.000 1.200 0.344
2815.000 1.200 0.506
2816.000 1.200 0.674
2817.000 1.197 0.847
2818.000 1.192 1.008
2819.000 1.154 1.143
2820.000 1.043 1.195
2821.000 0.905 1.200
2822.000 0.798 1.198
2823.000 0.648 1.200
2824.000 0.507 1.187
2825.000 0.369 1.190
2826.000 0.204 1.188
2827.000 0.119 1.188
2828.000 0.026 1.132
2829.000 0.018 1.042
2830.000 0.011 0.939
2831.000 0.010 0.832
2832.000 0.002 0.706
2833.000 0.003 0.559
2834.000 0.017 0.410
2835.000 0.014 0.245
2836.000 0.024 0.087
2837.000 0.126 0.017
2838.000 0.250 0.014
2839.000 0.384 0.004
2840.000 0.511 0.022
2841.000 0.673 0.022
2842.000 0.816 0.009
2843.000 0.951 0.009
2844.000 1.099 0.043
2845.000 1.200 0.137
2846.000 1.200 0.273
2847.000 1.200 0.450
2848.000 1.184 0.638
2849.000 1.178 0.824
2850.000 1.190 0.985
2851.000 1.147 1.098
2852.000 1.074 1.118
2853.000 0.930 1.007
2854.000 0.909 0.946
2855.000 0.955 0.923
2856.000 0.986 0.975
2857.000 1.032 0.985
2858.000 1.148 1.007
2859.000 1.184 1.099
2860.000 1.147 1.177
2861.000 1.072 1.200
2862.000 1.036 1.196
2863.000 1.013 1.200
2864.000 0.981 1.194
2865.000 0.903 1.190
2866.000 0.785 1.200
2867.000 0.672 1.200
2868.000 0.509 1.200
2869.000 0.351 1.192
2870.000 0.179 1.179
2871.000 0.042 1.164
2872.000 0.014 1.045
2873.000 0.008 0.905
2874.000 0.003 0.754
2875.000 0.003 0.592
2876.000 0.012 0.419
2877.000 0.003 0.258
2878.000 0.028 0.122
2879.000 0.084 0.027
2880.000 0.140 0.021
2881.000 0.179 0.021
2882.000 0.260 0.033
2883.000 0.352 0.009
2884.000 0.446 0.007
2885.000 0.575 0.004
2886.000 0.742 0.018
2887.000 0.911 0.025
2888.000 1.065 0.029
2889.000 1.192 0.124
2890.000 1.200 0.255
2891.000 1.200 0.429
2892.000 1.188 0.597
2893.000 1.190 0.785
2894.000 1.182 0.966
2895.000 1.156 1.123
2896.000 1.065 1.198
2897.000 0.935 1.200
2898.000 0.780 1.188
2899.000 0.620 1.191
2900.000 0.443 1.177
2901.000 0.275 1.194
2902.000 0.111 1.182
2903.000 0.021 1.106
2904.000 0.013 0.977
2905.000 0.003 0.832
2906.000 0.006 0.660
2907.000 0.007 0.496
2908.000 0.012 0.327
2909.000 0.019 0.156
2910.000 0.077 0.025
2911.000 0.182 0.018
2912.000 0.269 0.014
2913.000 0.392 0.008
2914.000 0.555 0.022
2915.000 0.734 0.047
2916.000 0.879 0.066
2917.000 1.077 0.073
2918.000 1.197 0.138
2919.000 1.198 0.310
2920.000 1.200 0.491
2921.000 1.191 0.697
2922.000 1.190 0.882
2923.000 1.186 1.055
2924.000 1.092 1.188
2925.000 0.947 1.200
2926.000 0.801 1.200
2927.000 0.646 1.197
2928.000 0.465 1.200
2929.000 0.297 1.191
2930.000 0.137 1.183
2931.000 0.022 1.123
2932.000 0.011 1.001
2933.000 0.004 0.872
2934.000 0.003 0.711
2935.000 0.005 0.548
2936.000 0.027 0.391
2937.000 0.003 0.238
2938.000 0.033 0.096
2939.000 0.121 0.017
2940.000 0.248 0.011
2941.000 0.405 0.006
2942.000 0.537 0.012
2943.000 0.690 0.015
2944.000 0.844 0.023
2945.000 1.007 0.021
2946.000 1.176 0.066
2947.000 1.200 0.223
2948.000 1.200 0.338
2949.000 1.196 0.426
2950.000 1.200 0.510
2951.000 1.085 0.646
2952.000 0.960 0.761
2953.000 0.992 0.914
2954.000 1.082 0.984
2955.000 1.192 1.078
2956.000 1.109 1.199
2957.000 0.961 1.200
2958.000 0.809 1.200
2959.000 0.627 1.200
2960.000 0.464 1.200
2961.000 0.267 1.192
2962.000 0.085 1.160
2963.000 0.014 1.056
2964.000 0.005 0.886
2965.000 0.012 0.723
2966.000 0.010 0.556
2967.000 0.005 0.380
2968.000 0.009 0.194
2969.000 0.067 0.033
2970.000 0.209 0.017
2971.000 0.365 0.021
2972.000 0.524 0.010
2973.000 0.695 0.014
2974.000 0.855 0.014
2975.000 1.017 0.011
2976.000 1.170 0.079
2977.000 1.200 0.238
2978.000 1.200 0.425
2979.000 1.197 0.629
2980.000 1.200 0.825
2981.000 1.183 0.994
2982.000 1.101 1.157
2983.000 0.969 1.200
2984.000 0.800 1.200
2985.000 0.619 1.200
2986.000 0.443 1.200
2987.000 0.268 1.196
2988.000 0.117 1.182
2989.000 0.018 1.109
2990.000 0.009 0.996
2991.000 0.003 0.838
2992.000 0.003 0.669
2993.000 0.009 0.501
2994.000 0.019 0.348
2995.000 0.017 0.166
2996.000 0.085 0.021
2997.000 0.248 0.011
2998.000 0.404 0.010
2999.000 0.574 0.013
3000.000 0.731 0.006
3001.000 0.913 0.013
3002.000 1.101 0.036
3003.000 1.198 0.165
3004.000 1.200 0.331
3005.000 1.200 0.528
3006.000 1.185 0.727
3007.000 1.184 0.902
3008.000 1.169 1.072
3009.000 1.057 1.193
3010.000 0.906 1.200
3011.000 0.737 1.200
3012.000 0.569 1.176
3013.000 0.406 1.188
3014.000 0.243 1.190
3015.000 0.082 1.157
3016.000 0.016 1.053
3017.000 0.017 0.912
3018.000 0.012 0.758
3019.000 0.003 0.550
3020.000 0.012 0.389
3021.000 0.033 0.222
3022.000 0.052 0.078
3023.000 0.158 0.014
3024.000 0.302 0.009
3025.000 0.474 0.018
3026.000 0.651 0.035
3027.000 0.819 0.004
3028.000 0.975 0.035
3029.000 1.142 0.069
3030.000 1.200 0.215
3031.000 1.200 0.383
3032.000 1.187 0.572
3033.000 1.192 0.731
3034.000 1.190 0.917
3035.000 1.151 1.081
3036.000 1.029 1.198
3037.000 0.872 1.200
3038.000 0.704 1.196
3039.000 0.538 1.163
3040.000 0.373 1.151
3041.000 0.203 1.193
3042.000 0.065 1.147
3043.000 0.012 1.020
3044.000 0.008 0.902
3045.000 0.005 0.764
3046.000 0.006 0.598
3047.000 0.008 0.511
3048.000 0.004 0.353
3049.000 0.013 0.203
3050.000 0.044 0.055
3051.000 0.157 0.019
3052.000 0.301 0.018
3053.000 0.447 0.005
3054.000 0.600 0.009
3055.000 0.766 0.015
3056.000 0.933 0.023
3057.000 1.092 0.028
3058.000 1.199 0.152
3059.000 1.200 0.316
3060.000 1.200 0.499
3061.000 1.196 0.695
3062.000 1.200 0.866
3063.000 1.190 1.012
3064.000 1.124 1.161
3065.000 1.007 1.193
3066.000 0.870 1.186
3067.000 0.705 1.200
3068.000 0.550 1.165
3069.000 0.377 1.185
3070.000 0.220 1.196
3071.000 0.081 1.163
3072.000 0.017 1.060
3073.000 0.013 0.938
3074.000 0.008 0.857
3075.000 0.004 0.689
3076.000 0.004 0.537
3077.000 0.013 0.379
3078.000 0.013 0.217
3079.000 0.031 0.075
3080.000 0.134 0.019
3081.000 0.241 0.013
3082.000 0.372 0.008
3083.000 0.498 0.006
3084.000 0.663 0.033
3085.000 0.861 0.119
3086.000 1.005 0.022
3087.000 1.169 0.065
3088.000 1.195 0.199
3089.000 1.189 0.356
3090.000 1.189 0.531
3091.000 1.176 0.721
3092.000 1.194 0.903
3093.000 1.186 1.059
3094.000 1.131 1.192
3095.000 0.988 1.188
3096.000 0.830 1.188
3097.000 0.678 1.196
3098.000 0.512 1.183
3099.000 0.361 1.200
3100.000 0.197 1.189
3101.000 0.056 1.169
3102.000 0.020 1.073
3103.000 0.016 0.955
3104.000 0.013 0.816
3105.000 0.006 0.647
3106.000 0.007 0.478
3107.000 0.012 0.317
3108.000 0.009 0.171
3109.000 0.027 0.086
3110.000 0.053 0.046
3111.000 0.118 0.022
3112.000 0.204 0.015
3113.000 0.309 0.012
3114.000 0.431 0.024
3115.000 0.556 0.028
3116.000 0.701 0.005
3117.000 0.832 0.036
3118.000 0.970 0.020
3119.000 1.119 0.028
3120.000 1.200 0.174
3121.000 1.185 0.331
3122.000 1.200 0.507
3123.000 1.191 0.691
3124.000 1.199 0.873
3125.000 1.181 1.039
3126.000 1.102 1.188
3127.000 0.959 1.200
3128.000 0.816 1.182
3129.000 0.656 1.200
3130.000 0.497 1.195
3131.000 0.336 1.200
3132.000 0.172 1.194
3133.000 0.042 1.149
3134.000 0.014 1.027
3135.000 0.007 0.906
3136.000 0.006 0.763
3137.000 0.003 0.690
3138.000 0.003 0.536
3139.000 0.006 0.379
3140.000 0.015 0.220
3141.000 0.031 0.066
3142.000 0.139 0.019
3143.000 0.261 0.010
3144.000 0.407 0.007
3145.000 0.539 0.019
3146.000 0.697 0.019
3147.000 0.854 0.010
3148.000 1.006 0.007
3149.000 1.152 0.054
3150.000 1.198 0.182
3151.000 1.200 0.340
3152.000 1.200 0.520
3153.000 1.189 0.710
3154.000 1.200 0.893
3155.000 1.166 1.068
3156.000 1.086 1.196
3157.000 0.945 1.200
3158.000 0.783 1.200
3159.000 0.608 1.200
3160.000 0.441 1.190
3161.000 0.271 1.194
3162.000 0.114 1.189
3163.000 0.020 1.127
3164.000 0.015 0.984
3165.000 0.006 0.854
3166.000 0.003 0.683
3167.000 0.006 0.534
3168.000 0.007 0.375
3169.000 0.003 0.211
3170.000 0.026 0.084
3171.000 0.128 0.015
3172.000 0.248 0.011
3173.000 0.376 0.015
3174.000 0.540 0.015
3175.000 0.699 0.014
3176.000 0.881 0.011
3177.000 1.041 0.018
3178.000 1.186 0.117
3179.000 1.200 0.279
3180.000 1.200 0.445
3181.000 1.200 0.621
3182.000 1.193 0.798
3183.000 1.195 0.966
3184.000 1.149 1.117
3185.000 1.037 1.198
3186.000 0.900 1.187
3187.000 0.745 1.200
3188.000 0.582 1.194
3189.000 0.406 1.184
3190.000 0.248 1.194
3191.000 0.087 1.162
3192.000 0.018 1.058
3193.000 0.010 0.909
3194.000 0.008 0.742
3195.000 0.005 0.568
3196.000 0.025 0.385
3197.000 0.011 0.229
3198.000 0.038 0.074
3199.000 0.118 0.018
3200.000 0.229 0.016
3201.000 0.353 0.012
3202.000 0.517 0.004
3203.000 0.666 0.003
3204.000 0.824 0.003
3205.000 0.975 0.007
3206.000 1.128 0.056
3207.000 1.200 0.177
3208.000 1.199 0.322
3209.000 1.200 0.490
3210.000 1.188 0.674
3211.000 1.196 0.850
3212.000 1.184 1.006
3213.000 1.124 1.158
3214.000 0.992 1.196
3215.000 0.837 1.199
3216.000 0.675 1.200
3217.000 0.509 1.200
3218.000 0.329 1.199
3219.000 0.162 1.193
3220.000 0.027 1.138
3221.000 0.015 1.011
3222.000 0.007 0.856
3223.000 0.007 0.714
3224.000 0.004 0.551
3225.000 0.003 0.399
3226.000 0.003 0.237
3227.000 0.020 0.094
3228.000 0.102 0.019
3229.000 0.226 0.012
3230.000 0.350 0.008
3231.000 0.498 0.008
3232.000 0.639 0.041
3233.000 0.794 0.010
3234.000 0.940 0.028
3235.000 1.097 0.047
3236.000 1.200 0.138
3237.000 1.200 0.284
3238.000 1.200 0.456
3239.000 1.200 0.645
3240.000 1.177 0.811
3241.000 1.191 0.978
3242.000 1.121 1.136
3243.000 0.989 1.200
3244.000 0.853 1.194
3245.000 0.696 1.192
3246.000 0.543 1.200
3247.000 0.374 1.200
3248.000 0.211 1.191
3249.000 0.065 1.169
3250.000 0.015 1.061
3251.000 0.012 0.928
3252.000 0.004 0.769
3253.000 0.005 0.602
3254.000 0.013 0.441
3255.000 0.003 0.287
3256.000 0.005 0.152
3257.000 0.045 0.032
3258.000 0.140 0.020
3259.000 0.229 0.013
3260.000 0.324 0.009
3261.000 0.445 0.005
3262.000 0.572 0.005
3263.000 0.725 0.023
3264.000 0.881 0.021
3265.000 1.033 0.013
3266.000 1.175 0.079
3267.000 1.200 0.214
3268.000 1.176 0.412
3269.000 1.200 0.505
3270.000 1.198 0.664
3271.000 1.196 0.857
3272.000 1.178 1.019
3273.000 1.093 1.179
3274.000 0.955 1.200
3275.000 0.793 1.200
3276.000 0.621 1.200
3277.000 0.453 1.200
3278.000 0.269 1.197
3279.000 0.126 1.191
3280.000 0.018 1.125
3281.000 0.013 0.983
3282.000 0.012 0.849
3283.000 0.003 0.680
3284.000 0.010 0.509
3285.000 0.014 0.353
3286.000 0.010 0.196
3287.000 0.032 0.061
3288.000 0.127 0.017
3289.000 0.230 0.017
3290.000 0.364 0.011
3291.000 0.503 0.019
3292.000 0.654 0.006
3293.000 0.819 0.021
3294.000 0.969 0.024
3295.000 1.134 0.052
3296.000 1.200 0.177
3297.000 1.200 0.333
3298.000 1.190 0.513
3299.000 1.176 0.701
3300.000 1.195 0.865
3301.000 1.170 1.016
3302.000 1.115 1.166
3303.000 0.982 1.194
3304.000 0.841 1.200
3305.000 0.691 1.200
3306.000 0.542 1.200
3307.000 0.389 1.197
3308.000 0.235 1.197
3309.000 0.100 1.188
3310.000 0.018 1.125
3311.000 0.017 1.031
3312.000 0.008 0.920
3313.000 0.007 0.795
3314.000 0.010 0.649
3315.000 0.007 0.512
3316.000 0.002 0.342
3317.000 0.003 0.186
3318.000 0.029 0.067
3319.000 0.109 0.017
3320.000 0.220 0.011
3321.000 0.331 0.011
3322.000 0.449 0.007
3323.000 0.580 0.007
3324.000 0.725 0.004
3325.000 0.879 0.003
3326.000 1.031 0.008
3327.000 1.168 0.064
3328.000 1.200 0.187
3329.000 1.200 0.347
3330.000 1.200 0.519
3331.000 1.169 0.691
3332.000 1.174 0.851
3333.000 1.177 0.971
3334.000 1.116 1.079
3335.000 1.021 1.176
3336.000 0.888 1.187
3337.000 0.720 1.199
3338.000 0.571 1.194
3339.000 0.414 1.197
3340.000 0.250 1.186
3341.000 0.087 1.167
3342.000 0.015 1.066
3343.000 0.010 0.942
3344.000 0.004 0.806
3345.000 0.009 0.646
3346.000 0.004 0.490
3347.000 0.004 0.328
3348.000 0.003 0.176
3349.000 0.037 0.054
3350.000 0.088 0.021
3351.000 0.131 0.026
3352.000 0.202 0.016
3353.000 0.262 0.023
3354.000 0.316 0.026
3355.000 0.401 0.019
3356.000 0.556 0.039
3357.000 0.715 0.011
3358.000 0.875 0.029
3359.000 1.014 0.010
3360.000 1.162 0.073
3361.000 1.197 0.214
3362.000 1.198 0.371
3363.000 1.185 0.546
3364.000 1.176 0.722
3365.000 1.198 0.871
3366.000 1.175 0.967
3367.000 1.153 1.129
3368.000 1.048 1.200
3369.000 0.922 1.200
3370.000 0.766 1.200
3371.000 0.615 1.200
3372.000 0.463 1.200
3373.000 0.309 1.199
3374.000 0.174 1.196
3375.000 0.059 1.172
3376.000 0.020 1.113
3377.000 0.028 1.063
3378.000 0.025 1.032
3379.000 0.023 0.992
3380.000 0.010 0.943
3381.000 0.006 0.854
3382.000 0.004 0.714
3383.000 0.003 0.571
3384.000 0.027 0.408
3385.000 0.006 0.246
3386.000 0.005 0.102
3387.000 0.054 0.024
3388.000 0.151 0.018
3389.000 0.239 0.014
3390.000 0.304 0.018
3391.000 0.422 0.010
3392.000 0.565 0.032
3393.000 0.717 0.004
3394.000 0.852 0.004
3395.000 1.002 0.018
3396.000 1.150 0.048
3397.000 1.200 0.176
3398.000 1.200 0.322
3399.000 1.196 0.486
3400.000 1.188 0.682
3401.000 1.173 0.816
3402.000 1.172 0.907
3403.000 1.195 1.033
3404.000 1.128 1.177
3405.000 1.008 1.200
3406.000 0.864 1.200
3407.000 0.699 1.188
3408.000 0.523 1.200
3409.000 0.353 1.199
3410.000 0.198 1.189
3411.000 0.059 1.167
3412.000 0.020 1.076
3413.000 0.013 0.951
3414.000 0.013 0.811
3415.000 0.010 0.635
3416.000 0.003 0.487
3417.000 0.004 0.314
3418.000 0.003 0.167
3419.000 0.019 0.091
3420.000 0.065 0.023
3421.000 0.155 0.020
3422.000 0.262 0.014
3423.000 0.379 0.017
3424.000 0.548 0.035
3425.000 0.705 0.030
3426.000 0.869 0.024
3427.000 1.029 0.021
3428.000 1.156 0.090
3429.000 1.198 0.215
3430.000 1.186 0.373
3431.000 1.200 0.566
3432.000 1.181 0.750
3433.000 1.197 0.907
3434.000 1.161 1.067
3435.000 1.077 1.198
3436.000 0.961 1.196
3437.000 0.814 1.200
3438.000 0.666 1.200
3439.000 0.540 1.179
3440.000 0.393 1.200
3441.000 0.237 1.187
3442.000 0.109 1.187
3443.000 0.021 1.140
3444.000 0.015 1.039
3445.000 0.009 0.940
3446.000 0.004 0.806
3447.000 0.009 0.668
3448.000 0.002 0.505
3449.000 0.030 0.403
3450.000 0.010 0.280
3451.000 0.004 0.151
3452.000 0.047 0.039
3453.000 0.127 0.015
3454.000 0.209 0.020
3455.000 0.316 0.020
3456.000 0.449 0.014
3457.000 0.613 0.038
3458.000 0.774 0.013
3459.000 0.905 0.034
3460.000 1.045 0.020
3461.000 1.182 0.087
3462.000 1.200 0.214
3463.000 1.193 0.364
3464.000 1.200 0.546
3465.000 1.182 0.723
3466.000 1.193 0.885
3467.000 1.181 1.046
3468.000 1.107 1.189
3469.000 0.965 1.200
3470.000 0.814 1.200
3471.000 0.657 1.200
3472.000 0.483 1.200
3473.000 0.325 1.200
3474.000 0.187 1.190
3475.000 0.058 1.165
3476.000 0.017 1.089
3477.000 0.009 0.973
3478.000 0.004 0.877
3479.000 0.002 0.747
3480.000 0.008 0.589
3481.000 0.016 0.440
3482.000 0.003 0.283
3483.000 0.007 0.142
3484.000 0.081 0.022
3485.000 0.188 0.016
3486.000 0.301 0.022
3487.000 0.427 0.010
3488.000 0.565 0.003
3489.000 0.645 0.019
3490.000 0.765 0.009
3491.000 0.926 0.021
3492.000 1.085 0.026
3493.000 1.195 0.146
3494.000 1.190 0.298
3495.000 1.193 0.498
3496.000 1.165 0.705
3497.000 1.194 0.882
3498.000 1.167 1.043
3499.000 1.090 1.190
3500.000 0.949 1.200
3501.000 0.795 1.200
3502.000 0.642 1.189
3503.000 0.475 1.200
3504.000 0.318 1.190
3505.000 0.179 1.186
3506.000 0.056 1.172
3507.000 0.017 1.080
3508.000 0.012 0.982
3509.000 0.007 0.854
3510.000 0.008 0.693
3511.000 0.009 0.542
3512.000 0.014 0.379
3513.000 0.007 0.260
3514.000 0.022 0.132
3515.000 0.071 0.024
3516.000 0.171 0.016
3517.000 0.276 0.014
3518.000 0.358 0.014
3519.000 0.450 0.035
3520.000 0.578 0.045
3521.000 0.691 0.033
3522.000 0.833 0.051
3523.000 1.005 0.026
3524.000 1.159 0.087
3525.000 1.198 0.218
3526.000 1.189 0.380
3527.000 1.200 0.560
3528.000 1.179 0.740
3529.000 1.183 0.917
3530.000 1.150 1.075
3531.000 1.045 1.198
3532.000 0.894 1.189
3533.000 0.727 1.200
3534.000 0.577 1.200
3535.000 0.417 1.200
3536.000 0.254 1.196
3537.000 0.120 1.185
3538.000 0.019 1.130
3539.000 0.013 1.017
3540.000 0.013 0.897
3541.000 0.009 0.769
3542.000 0.003 0.618
3543.000 0.002 0.480
3544.000 0.010 0.320
3545.000 0.004 0.178
3546.000 0.015 0.064
3547.000 0.070 0.026
3548.000 0.103 0.026
3549.000 0.159 0.028
3550.000 0.213 0.029
3551.000 0.260 0.021
3552.000 0.360 0.035
3553.000 0.462 0.008
3554.000 0.611 0.040
3555.000 0.718 0.020
3556.000 0.814 0.011
3557.000 0.966 0.017
3558.000 1.110 0.052
3559.000 1.200 0.177
3560.000 1.200 0.308
3561.000 1.180 0.397
3562.000 1.118 0.437
3563.000 1.199 0.331
3564.000 1.184 0.153
3565.000 1.190 0.036
3566.000 1.067 0.027
3567.000 0.913 0.038
3568.000 0.761 0.005
3569.000 0.594 0.021
3570.000 0.409 0.010
3571.000 0.284 0.042
3572.000 0.250 0.063
3573.000 0.226 0.183
3574.000 0.245 0.235
3575.000 0.224 0.244
3576.000 0.206 0.232
3577.000 0.199 0.227
3578.000 0.187 0.200
3579.000 0.124 0.179
3580.000 0.063 0.075
3581.000 0.135 0.019
3582.000 0.171 0.016
3583.000 0.199 0.021
3584.000 0.249 0.014
3585.000 0.281 0.017
3586.000 0.334 0.015
3587.000 0.398 0.012
3588.000 0.326 0.041
3589.000 0.130 0.013
3590.000 0.039 0.080
3591.000 0.013 0.198
3592.000 0.004 0.310
3593.000 0.003 0.477
3594.000 0.016 0.635
3595.000 0.018 0.802
3596.000 0.018 0.942
3597.000 0.025 1.073
3598.000 0.003 0.957
3599.000 0.010 0.812
3600.000 0.012 0.679
