# Time(s) fish0X fish0Y
0.000 1.189 0.037
1.000 1.189 0.037
2.000 1.189 0.037
3.000 1.188 0.037
4.000 1.189 0.038
5.000 1.189 0.037
6.000 1.188 0.037
7.000 1.189 0.037
8.000 1.189 0.037
9.000 1.189 0.037
10.000 1.189 0.037
11.000 1.189 0.037
12.000 1.189 0.037
13.000 1.189 0.037
14.000 1.189 0.037
15.000 1.188 0.037
16.000 1.189 0.037
17.000 1.189 0.037
18.000 1.188 0.037
19.000 1.188 0.037
20.000 1.189 0.037
21.000 1.188 0.037
22.000 1.188 0.037
23.000 1.188 0.037
24.000 1.188 0.037
25.000 1.189 0.037
26.000 1.189 0.037
27.000 1.188 0.037
28.000 1.189 0.037
29.000 1.189 0.037
30.000 1.189 0.037
31.000 1.189 0.037
32.000 1.189 0.037
33.000 1.188 0.037
34.000 1.188 0.037
35.000 1.188 0.037
36.000 1.188 0.037
37.000 1.189 0.037
38.000 1.188 0.037
39.000 1.189 0.037
40.000 1.188 0.036
41.000 1.189 0.037
42.000 1.188 0.037
43.000 1.188 0.037
44.000 1.188 0.037
45.000 1.188 0.037
46.000 1.189 0.037
47.000 1.189 0.037
48.000 1.189 0.037
49.000 1.188 0.037
50.000 1.188 0.037
51.000 1.188 0.037
52.000 1.188 0.037
53.000 1.188 0.037
54.000 1.189 0.037
55.000 1.188 0.037
56.000 1.189 0.037
57.000 1.189 0.037
58.000 1.189 0.037
59.000 1.188 0.037
60.000 1.189 0.037
61.000 1.189 0.037
62.000 1.188 0.037
63.000 1.188 0.037
64.000 1.189 0.037
65.000 1.189 0.037
66.000 1.188 0.037
67.000 1.188 0.037
68.000 1.188 0.038
69.000 1.188 0.037
70.000 1.188 0.037
71.000 1.189 0.037
72.000 1.188 0.037
73.000 1.188 0.037
74.000 1.189 0.037
75.000 1.188 0.037
76.000 1.188 0.037
77.000 1.189 0.037
78.000 1.188 0.037
79.000 1.188 0.037
80.000 1.188 0.038
81.000 1.189 0.037
82.000 1.188 0.037
83.000 1.189 0.037
84.000 1.188 0.037
85.000 1.188 0.037
86.000 1.188 0.037
87.000 1.189 0.037
88.000 1.189 0.037
89.000 1.188 0.037
90.000 1.188 0.038
91.000 1.188 0.037
92.000 1.189 0.037
93.000 1.188 0.037
94.000 1.188 0.037
95.000 1.188 0.037
96.000 1.189 0.038
97.000 1.188 0.037
98.000 1.189 0.037
99.000 1.188 0.037
100.000 1.188 0.037
101.000 1.188 0.038
102.000 1.188 0.037
103.000 1.189 0.037
104.000 1.188 0.037
105.000 1.189 0.037
106.000 1.188 0.037
107.000 1.188 0.038
108.000 1.188 0.037
109.000 1.188 0.037
110.000 1.188 0.037
111.000 1.188 0.037
112.000 1.188 0.037
113.000 1.188 0.037
114.000 1.188 0.037
115.000 1.189 0.038
116.000 1.188 0.037
117.000 1.188 0.037
118.000 1.188 0.037
119.000 1.188 0.038
120.000 1.188 0.037
121.000 1.188 0.037
122.000 1.189 0.038
123.000 1.188 0.037
124.000 1.188 0.037
125.000 1.188 0.037
126.000 1.188 0.037
127.000 1.189 0.037
128.000 1.188 0.037
129.000 1.189 0.037
130.000 1.188 0.037
131.000 1.188 0.038
132.000 1.188 0.037
133.000 1.188 0.037
134.000 1.188 0.037
135.000 1.188 0.037
136.000 1.189 0.037
137.000 1.188 0.037
138.000 1.189 0.037
139.000 1.189 0.037
140.000 1.188 0.037
141.000 1.189 0.037
142.000 1.188 0.037
143.000 1.188 0.037
144.000 1.189 0.037
145.000 1.188 0.037
146.000 1.188 0.037
147.000 1.188 0.037
148.000 1.188 0.037
149.000 1.189 0.038
150.000 1.189 0.037
151.000 1.189 0.037
152.000 1.189 0.037
153.000 1.188 0.037
154.000 1.188 0.037
155.000 1.189 0.037
156.000 1.188 0.037
157.000 1.188 0.037
158.000 1.189 0.038
159.000 1.189 0.037
160.000 1.188 0.037
161.000 1.189 0.037
162.000 1.189 0.037
163.000 1.188 0.037
164.000 1.188 0.037
165.000 1.188 0.037
166.000 1.188 0.037
167.000 1.188 0.037
168.000 1.188 0.037
169.000 1.188 0.037
170.000 1.188 0.038
171.000 1.188 0.037
172.000 1.188 0.037
173.000 1.189 0.038
174.000 1.189 0.037
175.000 1.189 0.037
176.000 1.189 0.038
177.000 1.188 0.037
178.000 1.188 0.038
179.000 1.188 0.037
180.000 1.188 0.038
181.000 1.188 0.038
182.000 1.189 0.037
183.000 1.189 0.037
184.000 1.188 0.037
185.000 1.188 0.037
186.000 1.188 0.037
187.000 1.188 0.037
188.000 1.188 0.038
189.000 1.189 0.037
190.000 1.189 0.037
191.000 1.189 0.037
192.000 1.188 0.037
193.000 1.188 0.037
194.000 1.189 0.037
195.000 1.189 0.037
196.000 1.189 0.037
197.000 1.188 0.037
198.000 1.188 0.038
199.000 1.189 0.037
200.000 1.189 0.038
201.000 1.188 0.037
202.000 1.188 0.037
203.000 1.188 0.038
204.000 1.189 0.037
205.000 1.189 0.037
206.000 1.189 0.037
207.000 1.188 0.037
208.000 1.188 0.037
209.000 1.188 0.037
210.000 1.189 0.037
211.000 1.189 0.037
212.000 1.189 0.038
213.000 1.189 0.037
214.000 1.189 0.037
215.000 1.189 0.037
216.000 1.188 0.037
217.000 1.188 0.037
218.000 1.188 0.037
219.000 1.188 0.037
220.000 1.188 0.037
221.000 1.188 0.037
222.000 1.188 0.037
223.000 1.188 0.038
224.000 1.188 0.037
225.000 1.188 0.037
226.000 1.188 0.037
227.000 1.188 0.038
228.000 1.188 0.037
229.000 1.188 0.037
230.000 1.188 0.037
231.000 1.188 0.037
232.000 1.189 0.038
233.000 1.188 0.037
234.000 1.189 0.037
235.000 1.188 0.037
236.000 1.188 0.038
237.000 1.188 0.037
238.000 1.188 0.037
239.000 1.188 0.037
240.000 1.188 0.038
241.000 1.188 0.037
242.000 1.188 0.037
243.000 1.188 0.037
244.000 1.188 0.038
245.000 1.188 0.037
246.000 1.188 0.037
247.000 1.188 0.037
248.000 1.188 0.037
249.000 1.188 0.038
250.000 1.188 0.038
251.000 1.188 0.037
252.000 1.188 0.038
253.000 1.188 0.038
254.000 1.188 0.037
255.000 1.188 0.038
256.000 1.188 0.037
257.000 1.188 0.038
258.000 1.188 0.038
259.000 1.188 0.037
260.000 1.188 0.038
261.000 1.188 0.037
262.000 1.188 0.038
263.000 1.188 0.037
264.000 1.188 0.038
265.000 1.188 0.037
266.000 1.188 0.037
267.000 1.188 0.038
268.000 1.188 0.037
269.000 1.188 0.038
270.000 1.188 0.037
271.000 1.188 0.038
272.000 1.188 0.038
273.000 1.188 0.038
274.000 1.188 0.037
275.000 1.188 0.038
276.000 1.188 0.037
277.000 1.188 0.038
278.000 1.188 0.038
279.000 1.188 0.038
280.000 1.188 0.037
281.000 1.188 0.037
282.000 1.188 0.037
283.000 1.188 0.037
284.000 1.188 0.038
285.000 1.188 0.038
286.000 1.188 0.038
287.000 1.188 0.038
288.000 1.188 0.037
289.000 1.188 0.037
290.000 1.188 0.037
291.000 1.188 0.038
292.000 1.188 0.037
293.000 1.188 0.037
294.000 1.188 0.038
295.000 1.188 0.037
296.000 1.188 0.038
297.000 1.188 0.037
298.000 1.188 0.038
299.000 1.188 0.037
300.000 1.188 0.037
301.000 1.188 0.038
302.000 1.188 0.038
303.000 1.188 0.038
304.000 1.188 0.038
305.000 1.188 0.037
306.000 1.188 0.038
307.000 1.188 0.037
308.000 1.188 0.038
309.000 1.188 0.037
310.000 1.188 0.037
311.000 1.188 0.037
312.000 1.188 0.037
313.000 1.188 0.037
314.000 1.188 0.038
315.000 1.188 0.038
316.000 1.188 0.037
317.000 1.188 0.038
318.000 1.188 0.038
319.000 1.188 0.038
320.000 1.188 0.037
321.000 1.188 0.038
322.000 1.188 0.038
323.000 1.188 0.038
324.000 1.188 0.038
325.000 1.188 0.038
326.000 1.188 0.037
327.000 1.188 0.038
328.000 1.188 0.038
329.000 1.188 0.038
330.000 1.188 0.037
331.000 1.188 0.037
332.000 1.188 0.038
333.000 1.188 0.037
334.000 1.188 0.038
335.000 1.188 0.038
336.000 1.188 0.038
337.000 1.188 0.038
338.000 1.188 0.037
339.000 1.188 0.038
340.000 1.188 0.038
341.000 1.188 0.037
342.000 1.188 0.037
343.000 1.188 0.037
344.000 1.188 0.038
345.000 1.188 0.037
346.000 1.188 0.038
347.000 1.188 0.037
348.000 1.188 0.037
349.000 1.188 0.038
350.000 1.188 0.038
351.000 1.188 0.038
352.000 1.188 0.038
353.000 1.188 0.037
354.000 1.188 0.037
355.000 1.188 0.038
356.000 1.188 0.037
357.000 1.188 0.038
358.000 1.188 0.037
359.000 1.188 0.037
360.000 1.188 0.038
361.000 1.188 0.038
362.000 1.188 0.037
363.000 1.188 0.038
364.000 1.188 0.037
365.000 1.188 0.037
366.000 1.188 0.038
367.000 1.188 0.038
368.000 1.188 0.037
369.000 1.188 0.037
370.000 1.188 0.038
371.000 1.188 0.038
372.000 1.188 0.038
373.000 1.188 0.038
374.000 1.188 0.038
375.000 1.188 0.037
376.000 1.188 0.037
377.000 1.188 0.037
378.000 1.188 0.037
379.000 1.188 0.038
380.000 1.188 0.037
381.000 1.188 0.038
382.000 1.188 0.038
383.000 1.188 0.037
384.000 1.188 0.037
385.000 1.188 0.037
386.000 1.188 0.037
387.000 1.188 0.037
388.000 1.188 0.038
389.000 1.188 0.037
390.000 1.188 0.038
391.000 1.188 0.037
392.000 1.188 0.037
393.000 1.188 0.038
394.000 1.188 0.038
395.000 1.188 0.037
396.000 1.188 0.038
397.000 1.188 0.037
398.000 1.188 0.037
399.000 1.188 0.038
400.000 1.188 0.038
401.000 1.188 0.038
402.000 1.188 0.038
403.000 1.188 0.037
404.000 1.188 0.038
405.000 1.188 0.038
406.000 1.188 0.038
407.000 1.188 0.038
408.000 1.188 0.037
409.000 1.188 0.038
410.000 1.188 0.038
411.000 1.188 0.037
412.000 1.188 0.038
413.000 1.188 0.038
414.000 1.188 0.038
415.000 1.188 0.037
416.000 1.188 0.038
417.000 1.188 0.038
418.000 1.188 0.037
419.000 1.188 0.037
420.000 1.188 0.037
421.000 1.188 0.037
422.000 1.188 0.038
423.000 1.188 0.038
424.000 1.188 0.038
425.000 1.188 0.037
426.000 1.188 0.037
427.000 1.188 0.037
428.000 1.188 0.038
429.000 1.188 0.037
430.000 1.188 0.038
431.000 1.188 0.037
432.000 1.188 0.038
433.000 1.188 0.037
434.000 1.188 0.037
435.000 1.188 0.037
436.000 1.188 0.038
437.000 1.188 0.038
438.000 1.188 0.038
439.000 1.188 0.037
440.000 1.188 0.037
441.000 1.188 0.038
442.000 1.188 0.038
443.000 1.188 0.037
444.000 1.188 0.038
445.000 1.188 0.037
446.000 1.188 0.038
447.000 1.188 0.037
448.000 1.188 0.038
449.000 1.188 0.038
450.000 1.188 0.038
451.000 1.188 0.038
452.000 1.188 0.038
453.000 1.188 0.038
454.000 1.188 0.038
455.000 1.188 0.038
456.000 1.188 0.037
457.000 1.188 0.038
458.000 1.188 0.038
459.000 1.188 0.037
460.000 1.188 0.037
461.000 1.188 0.038
462.000 1.188 0.037
463.000 1.188 0.037
464.000 1.188 0.037
465.000 1.188 0.038
466.000 1.188 0.037
467.000 1.188 0.037
468.000 1.188 0.037
469.000 1.188 0.038
470.000 1.188 0.038
471.000 1.188 0.038
472.000 1.188 0.038
473.000 1.188 0.037
474.000 1.188 0.037
475.000 1.188 0.037
476.000 1.188 0.037
477.000 1.188 0.037
478.000 1.188 0.037
479.000 1.188 0.038
480.000 1.188 0.037
481.000 1.188 0.038
482.000 1.188 0.037
483.000 1.188 0.037
484.000 1.188 0.038
485.000 1.188 0.038
486.000 1.188 0.038
487.000 1.188 0.038
488.000 1.188 0.038
489.000 1.188 0.039
490.000 1.188 0.038
491.000 1.188 0.038
492.000 1.188 0.038
493.000 1.188 0.037
494.000 1.188 0.038
495.000 1.188 0.037
496.000 1.188 0.038
497.000 1.188 0.038
498.000 1.188 0.038
499.000 1.188 0.038
500.000 1.188 0.037
501.000 1.188 0.037
502.000 1.188 0.038
503.000 1.188 0.038
504.000 1.188 0.038
505.000 1.188 0.037
506.000 1.188 0.037
507.000 1.188 0.038
508.000 1.188 0.038
509.000 1.188 0.037
510.000 1.188 0.038
511.000 1.188 0.037
512.000 1.188 0.037
513.000 1.188 0.037
514.000 1.188 0.037
515.000 1.188 0.037
516.000 1.188 0.038
517.000 1.188 0.038
518.000 1.188 0.037
519.000 1.188 0.038
520.000 1.188 0.038
521.000 1.188 0.038
522.000 1.188 0.038
523.000 1.188 0.038
524.000 1.188 0.037
525.000 1.188 0.038
526.000 1.188 0.038
527.000 1.188 0.038
528.000 1.188 0.038
529.000 1.188 0.038
530.000 1.188 0.037
531.000 1.188 0.037
532.000 1.188 0.037
533.000 1.188 0.037
534.000 1.188 0.038
535.000 1.188 0.038
536.000 1.188 0.038
537.000 1.188 0.038
538.000 1.188 0.038
539.000 1.188 0.038
540.000 1.188 0.038
541.000 1.188 0.037
542.000 1.188 0.038
543.000 1.188 0.038
544.000 1.188 0.037
545.000 1.188 0.038
546.000 1.188 0.038
547.000 1.188 0.037
548.000 1.188 0.038
549.000 1.188 0.037
550.000 1.186 0.039
551.000 1.179 0.040
552.000 1.165 0.034
553.000 1.138 0.017
554.000 1.090 0.014
555.000 1.097 0.037
556.000 1.164 0.033
557.000 1.176 0.016
558.000 1.154 0.013
559.000 1.137 0.018
560.000 1.128 0.022
561.000 1.126 0.013
562.000 1.178 0.022
563.000 1.189 0.038
564.000 1.188 0.059
565.000 1.188 0.102
566.000 1.197 0.151
567.000 1.195 0.190
568.000 1.193 0.147
569.000 1.185 0.099
570.000 1.190 0.050
571.000 1.172 0.021
572.000 1.157 0.030
573.000 1.185 0.032
574.000 1.165 0.020
575.000 1.179 0.034
576.000 1.177 0.052
577.000 1.194 0.078
578.000 1.193 0.102
579.000 1.200 0.133
580.000 1.193 0.175
581.000 1.199 0.143
582.000 1.191 0.070
583.000 1.185 0.027
584.000 1.161 0.018
585.000 1.141 0.032
586.000 1.132 0.046
587.000 1.122 0.064
588.000 1.184 0.088
589.000 1.194 0.064
590.000 1.182 0.039
591.000 1.178 0.021
592.000 1.190 0.026
593.000 1.193 0.040
594.000 1.191 0.054
595.000 1.186 0.072
596.000 1.192 0.090
597.000 1.187 0.104
598.000 1.183 0.081
599.000 1.181 0.023
600.000 1.159 0.013
601.000 1.144 0.014
602.000 1.134 0.028
603.000 1.131 0.036
604.000 1.149 0.051
605.000 1.191 0.055
606.000 1.192 0.081
607.000 1.184 0.089
608.000 1.186 0.044
609.000 1.173 0.017
610.000 1.163 0.022
611.000 1.125 0.021
612.000 1.077 0.018
613.000 1.040 0.014
614.000 0.990 0.021
615.000 0.912 0.023
616.000 0.809 0.015
617.000 0.731 0.008
618.000 0.641 0.019
619.000 0.535 0.029
620.000 0.421 0.037
621.000 0.435 0.090
622.000 0.397 0.136
623.000 0.392 0.185
624.000 0.365 0.222
625.000 0.327 0.217
626.000 0.313 0.244
627.000 0.313 0.283
628.000 0.310 0.298
629.000 0.269 0.274
630.000 0.231 0.246
631.000 0.246 0.214
632.000 0.292 0.222
633.000 0.288 0.249
634.000 0.162 0.266
635.000 0.208 0.227
636.000 0.290 0.251
637.000 0.310 0.197
638.000 0.273 0.170
639.000 0.233 0.227
640.000 0.215 0.271
641.000 0.242 0.293
642.000 0.310 0.283
643.000 0.306 0.278
644.000 0.346 0.323
645.000 0.414 0.397
646.000 0.522 0.446
647.000 0.445 0.273
648.000 0.317 0.224
649.000 0.315 0.177
650.000 0.374 0.052
651.000 0.440 0.029
652.000 0.551 0.038
653.000 0.729 0.005
654.000 0.805 0.006
655.000 0.904 0.007
656.000 1.006 0.003
657.000 1.114 0.009
658.000 1.193 0.017
659.000 1.150 0.011
660.000 1.175 0.033
661.000 1.192 0.061
662.000 1.179 0.086
663.000 1.192 0.142
664.000 1.189 0.213
665.000 1.200 0.286
666.000 1.200 0.385
667.000 1.198 0.468
668.000 1.193 0.567
669.000 1.178 0.695
670.000 1.165 0.796
671.000 1.200 0.914
672.000 1.187 1.017
673.000 1.167 1.156
674.000 1.136 1.188
675.000 1.112 1.162
676.000 1.060 1.192
677.000 1.020 1.170
678.000 1.050 1.141
679.000 1.174 1.161
680.000 1.150 1.192
681.000 1.101 1.194
682.000 1.054 1.195
683.000 1.153 1.154
684.000 1.189 1.078
685.000 1.196 0.993
686.000 1.192 0.908
687.000 1.179 0.711
688.000 1.176 0.538
689.000 1.200 0.372
690.000 1.192 0.234
691.000 1.185 0.068
692.000 1.191 0.029
693.000 1.171 0.030
694.000 1.056 0.014
695.000 0.983 0.004
696.000 0.877 0.007
697.000 0.757 0.004
698.000 0.644 0.009
699.000 0.481 0.017
700.000 0.335 0.012
701.000 0.206 0.018
702.000 0.091 0.025
703.000 0.032 0.055
704.000 0.025 0.195
705.000 0.036 0.349
706.000 0.031 0.502
707.000 0.019 0.652
708.000 0.038 0.790
709.000 0.132 0.919
710.000 0.280 0.965
711.000 0.419 1.052
712.000 0.521 1.144
713.000 0.690 1.179
714.000 0.818 1.176
715.000 1.006 1.173
716.000 1.109 1.086
717.000 1.031 0.966
718.000 0.973 0.929
719.000 0.958 0.907
720.000 1.002 0.907
721.000 1.029 0.865
722.000 0.935 0.784
723.000 0.913 0.848
724.000 0.910 0.892
725.000 0.869 0.890
726.000 0.885 0.934
727.000 0.919 0.961
728.000 0.942 0.961
729.000 0.981 0.934
730.000 0.994 0.951
731.000 0.952 0.956
732.000 0.929 0.929
733.000 0.935 0.914
734.000 0.967 0.890
735.000 0.965 0.892
736.000 0.965 0.887
737.000 0.965 0.887
738.000 0.965 0.887
739.000 0.965 0.887
740.000 0.965 0.887
741.000 0.965 0.887
742.000 0.965 0.887
743.000 0.965 0.887
744.000 0.965 0.887
745.000 0.965 0.887
746.000 0.965 0.887
747.000 0.965 0.887
748.000 0.965 0.887
749.000 0.965 0.887
750.000 0.965 0.887
751.000 0.965 0.887
752.000 0.965 0.887
753.000 0.965 0.887
754.000 0.965 0.887
755.000 0.965 0.887
756.000 0.965 0.887
757.000 0.965 0.887
758.000 0.965 0.887
759.000 0.965 0.887
760.000 0.965 0.887
761.000 0.965 0.887
762.000 0.965 0.887
763.000 0.965 0.887
764.000 0.965 0.887
765.000 0.965 0.887
766.000 0.965 0.887
767.000 0.965 0.887
768.000 0.965 0.887
769.000 0.965 0.887
770.000 0.965 0.887
771.000 0.965 0.887
772.000 0.965 0.887
773.000 0.965 0.887
774.000 0.965 0.887
775.000 0.965 0.887
776.000 0.965 0.887
777.000 0.960 0.890
778.000 0.960 0.890
779.000 0.960 0.890
780.000 0.960 0.890
781.000 0.960 0.890
782.000 0.960 0.890
783.000 0.960 0.890
784.000 0.960 0.890
785.000 0.960 0.890
786.000 0.960 0.890
787.000 0.960 0.890
788.000 0.960 0.890
789.000 0.960 0.890
790.000 0.960 0.890
791.000 0.960 0.890
792.000 0.960 0.890
793.000 0.960 0.890
794.000 0.960 0.890
795.000 0.963 0.887
796.000 0.963 0.887
797.000 0.963 0.887
798.000 0.963 0.887
799.000 0.963 0.887
800.000 0.963 0.887
801.000 0.963 0.887
802.000 0.963 0.887
803.000 0.963 0.887
804.000 0.963 0.887
805.000 0.963 0.887
806.000 0.963 0.887
807.000 0.963 0.887
808.000 0.963 0.887
809.000 0.963 0.887
810.000 0.963 0.887
811.000 0.963 0.887
812.000 0.963 0.887
813.000 0.963 0.887
814.000 0.963 0.887
815.000 0.963 0.887
816.000 0.963 0.887
817.000 0.963 0.887
818.000 0.963 0.887
819.000 0.963 0.887
820.000 0.963 0.887
821.000 0.963 0.887
822.000 0.963 0.885
823.000 0.963 0.885
824.000 0.963 0.885
825.000 0.963 0.885
826.000 0.963 0.885
827.000 0.963 0.885
828.000 0.963 0.885
829.000 0.963 0.885
830.000 0.963 0.885
831.000 0.963 0.882
832.000 0.963 0.882
833.000 0.963 0.882
834.000 0.963 0.882
835.000 0.963 0.882
836.000 0.963 0.882
837.000 0.963 0.882
838.000 0.963 0.882
839.000 0.963 0.882
840.000 0.963 0.882
841.000 0.963 0.882
842.000 0.963 0.882
843.000 0.963 0.882
844.000 0.963 0.882
845.000 0.963 0.882
846.000 0.963 0.882
847.000 0.963 0.882
848.000 0.963 0.882
849.000 0.963 0.882
850.000 0.963 0.882
851.000 0.963 0.882
852.000 0.963 0.882
853.000 0.963 0.882
854.000 0.963 0.882
855.000 0.963 0.882
856.000 0.963 0.882
857.000 0.963 0.882
858.000 0.963 0.882
859.000 0.963 0.882
860.000 0.963 0.882
861.000 0.963 0.882
862.000 0.963 0.882
863.000 0.963 0.882
864.000 0.963 0.882
865.000 0.963 0.882
866.000 0.963 0.882
867.000 0.963 0.882
868.000 0.963 0.882
869.000 0.963 0.882
870.000 0.963 0.882
871.000 0.963 0.882
872.000 0.963 0.882
873.000 0.963 0.882
874.000 0.963 0.882
875.000 0.963 0.882
876.000 0.963 0.882
877.000 0.963 0.882
878.000 0.963 0.882
879.000 0.963 0.882
880.000 0.963 0.882
881.000 0.963 0.882
882.000 0.965 0.880
883.000 0.965 0.880
884.000 0.965 0.880
885.000 0.965 0.880
886.000 0.965 0.880
887.000 0.965 0.880
888.000 0.965 0.880
889.000 0.965 0.877
890.000 0.965 0.877
891.000 0.965 0.877
892.000 0.965 0.877
893.000 0.965 0.877
894.000 0.965 0.877
895.000 0.965 0.877
896.000 0.965 0.877
897.000 0.965 0.877
898.000 0.965 0.877
899.000 0.965 0.877
900.000 0.965 0.877
901.000 0.965 0.877
902.000 0.965 0.877
903.000 0.965 0.877
904.000 0.965 0.877
905.000 0.965 0.877
906.000 0.965 0.877
907.000 0.965 0.877
908.000 0.965 0.877
909.000 0.965 0.877
910.000 0.965 0.877
911.000 0.965 0.877
912.000 0.965 0.877
913.000 0.965 0.877
914.000 0.965 0.877
915.000 0.965 0.877
916.000 0.965 0.877
917.000 0.965 0.877
918.000 0.965 0.877
919.000 0.965 0.877
920.000 0.965 0.877
921.000 0.965 0.877
922.000 0.965 0.877
923.000 0.965 0.877
924.000 0.965 0.877
925.000 0.965 0.877
926.000 0.965 0.877
927.000 0.965 0.877
928.000 0.965 0.877
929.000 0.965 0.877
930.000 0.965 0.877
931.000 0.965 0.877
932.000 0.965 0.877
933.000 0.965 0.877
934.000 0.965 0.877
935.000 0.965 0.877
936.000 0.965 0.877
937.000 0.965 0.877
938.000 0.965 0.877
939.000 0.965 0.877
940.000 0.965 0.877
941.000 0.965 0.877
942.000 0.965 0.877
943.000 0.965 0.877
944.000 0.965 0.877
945.000 0.956 0.880
946.000 0.956 0.880
947.000 0.956 0.880
948.000 0.956 0.880
949.000 0.956 0.880
950.000 0.956 0.880
951.000 0.956 0.880
952.000 0.956 0.880
953.000 0.956 0.880
954.000 0.956 0.880
955.000 0.956 0.880
956.000 0.956 0.880
957.000 0.956 0.880
958.000 0.956 0.880
959.000 0.956 0.880
960.000 0.956 0.880
961.000 0.956 0.880
962.000 0.952 0.877
963.000 0.952 0.877
964.000 0.952 0.877
965.000 0.952 0.877
966.000 0.952 0.877
967.000 0.952 0.877
968.000 0.950 0.877
969.000 0.956 0.875
970.000 0.956 0.875
971.000 0.960 0.875
972.000 0.960 0.875
973.000 0.958 0.880
974.000 0.958 0.880
975.000 0.958 0.880
976.000 0.958 0.880
977.000 0.958 0.880
978.000 0.958 0.880
979.000 0.958 0.880
980.000 0.958 0.880
981.000 0.958 0.880
982.000 0.958 0.880
983.000 0.958 0.880
984.000 0.958 0.880
985.000 0.954 0.880
986.000 0.954 0.880
987.000 0.954 0.880
988.000 0.954 0.880
989.000 0.954 0.880
990.000 0.954 0.877
991.000 0.958 0.872
992.000 0.958 0.872
993.000 0.958 0.872
994.000 0.958 0.872
995.000 0.958 0.872
996.000 0.958 0.872
997.000 0.958 0.872
998.000 0.958 0.875
999.000 0.958 0.877
1000.000 0.958 0.877
1001.000 0.958 0.877
1002.000 0.958 0.877
1003.000 0.958 0.877
1004.000 0.956 0.870
1005.000 0.956 0.870
1006.000 0.956 0.870
1007.000 0.956 0.870
1008.000 0.954 0.880
1009.000 0.954 0.880
1010.000 0.954 0.880
1011.000 0.954 0.880
1012.000 0.954 0.880
1013.000 0.954 0.880
1014.000 0.954 0.880
1015.000 0.954 0.880
1016.000 0.954 0.880
1017.000 0.954 0.880
1018.000 0.954 0.880
1019.000 0.954 0.880
1020.000 0.954 0.880
1021.000 0.954 0.880
1022.000 0.954 0.880
1023.000 0.952 0.880
1024.000 0.952 0.880
1025.000 0.952 0.880
1026.000 0.952 0.877
1027.000 0.952 0.877
1028.000 0.952 0.877
1029.000 0.952 0.877
1030.000 0.952 0.877
1031.000 0.952 0.877
1032.000 0.952 0.877
1033.000 0.952 0.877
1034.000 0.952 0.877
1035.000 0.952 0.877
1036.000 0.952 0.877
1037.000 0.952 0.877
1038.000 0.952 0.877
1039.000 0.952 0.877
1040.000 0.952 0.877
1041.000 0.952 0.877
1042.000 0.952 0.877
1043.000 0.952 0.877
1044.000 0.952 0.877
1045.000 0.952 0.877
1046.000 0.952 0.877
1047.000 0.952 0.877
1048.000 0.952 0.877
1049.000 0.952 0.877
1050.000 0.952 0.877
1051.000 0.952 0.877
1052.000 0.952 0.877
1053.000 0.952 0.877
1054.000 0.952 0.877
1055.000 0.952 0.877
1056.000 0.952 0.877
1057.000 0.952 0.877
1058.000 0.952 0.877
1059.000 0.952 0.877
1060.000 0.952 0.877
1061.000 0.952 0.877
1062.000 0.952 0.877
1063.000 0.952 0.875
1064.000 0.952 0.875
1065.000 0.952 0.875
1066.000 0.952 0.875
1067.000 0.952 0.875
1068.000 0.952 0.875
1069.000 0.952 0.875
1070.000 0.952 0.875
1071.000 0.952 0.875
1072.000 0.952 0.875
1073.000 0.952 0.875
1074.000 0.952 0.875
1075.000 0.952 0.875
1076.000 0.952 0.875
1077.000 0.952 0.875
1078.000 0.952 0.875
1079.000 0.952 0.875
1080.000 0.952 0.875
1081.000 0.952 0.875
1082.000 0.952 0.875
1083.000 0.952 0.875
1084.000 0.952 0.875
1085.000 0.952 0.875
1086.000 0.952 0.875
1087.000 0.952 0.875
1088.000 0.952 0.875
1089.000 0.952 0.875
1090.000 0.952 0.875
1091.000 0.952 0.875
1092.000 0.952 0.875
1093.000 0.952 0.875
1094.000 0.952 0.875
1095.000 0.952 0.875
1096.000 0.952 0.875
1097.000 0.952 0.875
1098.000 0.952 0.875
1099.000 0.952 0.875
1100.000 0.952 0.875
1101.000 0.952 0.875
1102.000 0.952 0.875
1103.000 0.952 0.875
1104.000 0.952 0.875
1105.000 0.952 0.875
1106.000 0.952 0.875
1107.000 0.952 0.875
1108.000 0.952 0.875
1109.000 0.952 0.875
1110.000 0.952 0.875
1111.000 0.952 0.875
1112.000 0.952 0.875
1113.000 0.952 0.875
1114.000 0.952 0.875
1115.000 0.952 0.875
1116.000 0.952 0.875
1117.000 0.952 0.875
1118.000 0.952 0.875
1119.000 0.952 0.875
1120.000 0.952 0.877
1121.000 0.952 0.877
1122.000 0.954 0.877
1123.000 0.954 0.877
1124.000 0.954 0.877
1125.000 0.954 0.877
1126.000 0.954 0.877
1127.000 0.954 0.877
1128.000 0.954 0.877
1129.000 0.954 0.877
1130.000 0.954 0.877
1131.000 0.954 0.877
1132.000 0.954 0.867
1133.000 0.954 0.867
1134.000 0.954 0.870
1135.000 0.950 0.870
1136.000 0.950 0.870
1137.000 0.950 0.870
1138.000 0.950 0.870
1139.000 0.950 0.870
1140.000 0.950 0.870
1141.000 0.950 0.870
1142.000 0.950 0.870
1143.000 0.950 0.870
1144.000 0.950 0.870
1145.000 0.950 0.870
1146.000 0.950 0.870
1147.000 0.950 0.870
1148.000 0.950 0.870
1149.000 0.950 0.870
1150.000 0.950 0.870
1151.000 0.950 0.870
1152.000 0.950 0.870
1153.000 0.946 0.875
1154.000 0.946 0.875
1155.000 0.946 0.875
1156.000 0.946 0.875
1157.000 0.946 0.875
1158.000 0.946 0.872
1159.000 0.946 0.872
1160.000 0.946 0.872
1161.000 0.946 0.872
1162.000 0.946 0.872
1163.000 0.946 0.872
1164.000 0.946 0.872
1165.000 0.946 0.872
1166.000 0.946 0.872
1167.000 0.946 0.872
1168.000 0.946 0.872
1169.000 0.946 0.872
1170.000 0.946 0.872
1171.000 0.946 0.872
1172.000 0.946 0.872
1173.000 0.946 0.872
1174.000 0.946 0.872
1175.000 0.946 0.872
1176.000 0.946 0.872
1177.000 0.946 0.872
1178.000 0.946 0.872
1179.000 0.946 0.872
1180.000 0.946 0.872
1181.000 0.946 0.872
1182.000 0.946 0.872
1183.000 0.946 0.872
1184.000 0.946 0.872
1185.000 0.946 0.872
1186.000 0.946 0.872
1187.000 0.946 0.872
1188.000 0.946 0.872
1189.000 0.944 0.877
1190.000 0.944 0.877
1191.000 0.944 0.872
1192.000 0.944 0.872
1193.000 0.944 0.872
1194.000 0.944 0.872
1195.000 0.944 0.872
1196.000 0.944 0.872
1197.000 0.944 0.872
1198.000 0.944 0.872
1199.000 0.944 0.872
1200.000 0.944 0.872
1201.000 0.944 0.872
1202.000 0.944 0.872
1203.000 0.944 0.872
1204.000 0.944 0.875
1205.000 0.944 0.875
1206.000 0.944 0.875
1207.000 0.944 0.875
1208.000 0.944 0.875
1209.000 0.944 0.875
1210.000 0.944 0.875
1211.000 0.944 0.875
1212.000 0.944 0.875
1213.000 0.944 0.875
1214.000 0.944 0.875
1215.000 0.944 0.875
1216.000 0.944 0.875
1217.000 0.944 0.875
1218.000 0.944 0.875
1219.000 0.944 0.875
1220.000 0.944 0.875
1221.000 0.944 0.875
1222.000 0.938 0.875
1223.000 0.938 0.875
1224.000 0.938 0.875
1225.000 0.938 0.875
1226.000 0.938 0.875
1227.000 0.938 0.875
1228.000 0.938 0.877
1229.000 0.938 0.877
1230.000 0.938 0.877
1231.000 0.938 0.877
1232.000 0.938 0.877
1233.000 0.938 0.877
1234.000 0.938 0.877
1235.000 0.938 0.877
1236.000 0.938 0.877
1237.000 0.938 0.877
1238.000 0.938 0.877
1239.000 0.938 0.877
1240.000 0.938 0.877
1241.000 0.938 0.877
1242.000 0.938 0.877
1243.000 0.938 0.877
1244.000 0.938 0.877
1245.000 0.938 0.877
1246.000 0.938 0.877
1247.000 0.938 0.877
1248.000 0.938 0.877
1249.000 0.938 0.877
1250.000 0.938 0.877
1251.000 0.938 0.877
1252.000 0.938 0.877
1253.000 0.938 0.877
1254.000 0.938 0.877
1255.000 0.938 0.877
1256.000 0.938 0.877
1257.000 0.938 0.877
1258.000 0.938 0.877
1259.000 0.938 0.877
1260.000 0.938 0.877
1261.000 0.938 0.877
1262.000 0.938 0.877
1263.000 0.938 0.877
1264.000 0.938 0.877
1265.000 0.938 0.877
1266.000 0.938 0.877
1267.000 0.938 0.877
1268.000 0.938 0.877
1269.000 0.938 0.877
1270.000 0.938 0.877
1271.000 0.938 0.877
1272.000 0.938 0.877
1273.000 0.938 0.877
1274.000 0.938 0.877
1275.000 0.938 0.877
1276.000 0.938 0.877
1277.000 0.938 0.877
1278.000 0.938 0.877
1279.000 0.938 0.877
1280.000 0.938 0.877
1281.000 0.938 0.877
1282.000 0.938 0.877
1283.000 0.931 0.882
1284.000 0.931 0.882
1285.000 0.931 0.882
1286.000 0.931 0.882
1287.000 0.931 0.882
1288.000 0.931 0.882
1289.000 0.931 0.882
1290.000 0.931 0.882
1291.000 0.931 0.882
1292.000 0.931 0.882
1293.000 0.931 0.882
1294.000 0.931 0.882
1295.000 0.931 0.882
1296.000 0.931 0.882
1297.000 0.931 0.882
1298.000 0.931 0.882
1299.000 0.931 0.882
1300.000 0.931 0.882
1301.000 0.931 0.882
1302.000 0.931 0.882
1303.000 0.931 0.882
1304.000 0.931 0.882
1305.000 0.931 0.882
1306.000 0.931 0.882
1307.000 0.931 0.882
1308.000 0.931 0.882
1309.000 0.931 0.882
1310.000 0.931 0.882
1311.000 0.915 0.914
1312.000 0.894 0.954
1313.000 0.908 0.983
1314.000 0.935 0.986
1315.000 0.960 0.949
1316.000 0.915 0.919
1317.000 0.890 0.976
1318.000 0.948 0.988
1319.000 0.977 0.963
1320.000 0.948 0.949
1321.000 0.948 0.934
1322.000 0.931 0.922
1323.000 0.900 0.939
1324.000 0.904 0.963
1325.000 0.900 0.998
1326.000 0.896 0.961
1327.000 0.908 0.951
1328.000 0.915 0.941
1329.000 0.946 0.951
1330.000 0.967 0.939
1331.000 1.002 0.929
1332.000 0.992 0.963
1333.000 0.983 0.978
1334.000 0.938 0.995
1335.000 0.900 1.000
1336.000 0.885 1.000
1337.000 0.877 1.020
1338.000 0.929 1.045
1339.000 1.010 1.081
1340.000 1.049 1.177
1341.000 0.994 1.193
1342.000 0.938 1.199
1343.000 0.874 1.196
1344.000 0.820 1.200
1345.000 0.735 1.200
1346.000 0.648 1.191
1347.000 0.556 1.191
1348.000 0.601 1.200
1349.000 0.684 1.200
1350.000 0.776 1.200
1351.000 0.890 1.200
1352.000 1.005 1.200
1353.000 1.121 1.196
1354.000 1.183 1.192
1355.000 1.188 1.156
1356.000 1.188 1.107
1357.000 1.189 1.140
1358.000 1.175 1.187
1359.000 1.179 1.149
1360.000 1.182 1.060
1361.000 1.188 0.967
1362.000 1.200 0.919
1363.000 1.195 0.884
1364.000 1.200 0.828
1365.000 1.200 0.865
1366.000 1.196 0.954
1367.000 1.199 1.035
1368.000 1.190 1.112
1369.000 1.190 1.171
1370.000 1.168 1.193
1371.000 1.155 1.181
1372.000 1.179 1.180
1373.000 1.166 1.180
1374.000 1.150 1.181
1375.000 1.130 1.189
1376.000 1.157 1.187
1377.000 1.172 1.176
1378.000 1.172 1.168
1379.000 1.177 1.164
1380.000 1.182 1.151
1381.000 1.177 1.142
1382.000 1.182 1.136
1383.000 1.183 1.134
1384.000 1.183 1.134
1385.000 1.183 1.133
1386.000 1.183 1.134
1387.000 1.183 1.134
1388.000 1.183 1.134
1389.000 1.183 1.134
1390.000 1.183 1.134
1391.000 1.183 1.133
1392.000 1.182 1.134
1393.000 1.182 1.134
1394.000 1.182 1.134
1395.000 1.182 1.134
1396.000 1.182 1.134
1397.000 1.182 1.134
1398.000 1.182 1.134
1399.000 1.182 1.134
1400.000 1.181 1.134
1401.000 1.182 1.134
1402.000 1.182 1.134
1403.000 1.182 1.134
1404.000 1.182 1.134
1405.000 1.182 1.134
1406.000 1.182 1.134
1407.000 1.181 1.134
1408.000 1.181 1.134
1409.000 1.181 1.134
1410.000 1.181 1.134
1411.000 1.181 1.134
1412.000 1.181 1.134
1413.000 1.181 1.134
1414.000 1.181 1.133
1415.000 1.181 1.134
1416.000 1.181 1.134
1417.000 1.181 1.133
1418.000 1.181 1.134
1419.000 1.181 1.135
1420.000 1.181 1.134
1421.000 1.181 1.134
1422.000 1.181 1.133
1423.000 1.181 1.134
1424.000 1.181 1.133
1425.000 1.181 1.134
1426.000 1.181 1.134
1427.000 1.181 1.133
1428.000 1.181 1.134
1429.000 1.181 1.134
1430.000 1.181 1.134
1431.000 1.181 1.134
1432.000 1.181 1.134
1433.000 1.181 1.134
1434.000 1.181 1.134
1435.000 1.181 1.134
1436.000 1.181 1.134
1437.000 1.181 1.134
1438.000 1.181 1.134
1439.000 1.181 1.134
1440.000 1.181 1.134
1441.000 1.181 1.134
1442.000 1.181 1.134
1443.000 1.181 1.133
1444.000 1.181 1.133
1445.000 1.181 1.134
1446.000 1.181 1.134
1447.000 1.181 1.134
1448.000 1.181 1.134
1449.000 1.181 1.133
1450.000 1.181 1.134
1451.000 1.181 1.134
1452.000 1.181 1.134
1453.000 1.181 1.134
1454.000 1.181 1.134
1455.000 1.181 1.134
1456.000 1.181 1.134
1457.000 1.181 1.134
1458.000 1.181 1.134
1459.000 1.181 1.134
1460.000 1.181 1.134
1461.000 1.181 1.134
1462.000 1.181 1.134
1463.000 1.181 1.134
1464.000 1.181 1.134
1465.000 1.181 1.133
1466.000 1.181 1.134
1467.000 1.181 1.134
1468.000 1.181 1.134
1469.000 1.181 1.135
1470.000 1.181 1.134
1471.000 1.181 1.134
1472.000 1.181 1.134
1473.000 1.181 1.134
1474.000 1.181 1.134
1475.000 1.181 1.133
1476.000 1.181 1.134
1477.000 1.181 1.134
1478.000 1.181 1.134
1479.000 1.181 1.133
1480.000 1.181 1.134
1481.000 1.181 1.134
1482.000 1.181 1.134
1483.000 1.181 1.134
1484.000 1.181 1.134
1485.000 1.181 1.133
1486.000 1.181 1.134
1487.000 1.181 1.134
1488.000 1.181 1.134
1489.000 1.181 1.134
1490.000 1.181 1.134
1491.000 1.181 1.133
1492.000 1.181 1.133
1493.000 1.181 1.134
1494.000 1.181 1.134
1495.000 1.181 1.134
1496.000 1.181 1.134
1497.000 1.181 1.134
1498.000 1.181 1.134
1499.000 1.181 1.134
1500.000 1.181 1.134
1501.000 1.181 1.134
1502.000 1.181 1.134
1503.000 1.181 1.133
1504.000 1.181 1.134
1505.000 1.181 1.134
1506.000 1.181 1.134
1507.000 1.181 1.134
1508.000 1.181 1.134
1509.000 1.181 1.134
1510.000 1.181 1.134
1511.000 1.181 1.133
1512.000 1.181 1.134
1513.000 1.181 1.133
1514.000 1.181 1.133
1515.000 1.181 1.134
1516.000 1.181 1.134
1517.000 1.181 1.134
1518.000 1.181 1.134
1519.000 1.181 1.133
1520.000 1.181 1.134
1521.000 1.181 1.134
1522.000 1.181 1.134
1523.000 1.181 1.133
1524.000 1.181 1.134
1525.000 1.181 1.134
1526.000 1.181 1.133
1527.000 1.181 1.134
1528.000 1.181 1.133
1529.000 1.181 1.133
1530.000 1.181 1.134
1531.000 1.181 1.134
1532.000 1.181 1.133
1533.000 1.181 1.134
1534.000 1.181 1.133
1535.000 1.181 1.134
1536.000 1.181 1.133
1537.000 1.181 1.133
1538.000 1.181 1.133
1539.000 1.181 1.133
1540.000 1.181 1.133
1541.000 1.181 1.134
1542.000 1.181 1.133
1543.000 1.181 1.134
1544.000 1.181 1.133
1545.000 1.181 1.134
1546.000 1.181 1.133
1547.000 1.181 1.134
1548.000 1.181 1.133
1549.000 1.181 1.133
1550.000 1.181 1.134
1551.000 1.181 1.134
1552.000 1.181 1.133
1553.000 1.181 1.133
1554.000 1.181 1.133
1555.000 1.181 1.133
1556.000 1.181 1.133
1557.000 1.181 1.133
1558.000 1.181 1.133
1559.000 1.181 1.133
1560.000 1.181 1.133
1561.000 1.181 1.133
1562.000 1.181 1.134
1563.000 1.181 1.134
1564.000 1.181 1.134
1565.000 1.181 1.134
1566.000 1.181 1.134
1567.000 1.181 1.133
1568.000 1.181 1.133
1569.000 1.181 1.134
1570.000 1.181 1.133
1571.000 1.181 1.134
1572.000 1.181 1.133
1573.000 1.181 1.133
1574.000 1.181 1.133
1575.000 1.181 1.133
1576.000 1.181 1.133
1577.000 1.180 1.134
1578.000 1.181 1.133
1579.000 1.181 1.133
1580.000 1.181 1.133
1581.000 1.180 1.133
1582.000 1.180 1.133
1583.000 1.180 1.133
1584.000 1.180 1.133
1585.000 1.180 1.134
1586.000 1.180 1.133
1587.000 1.180 1.133
1588.000 1.180 1.134
1589.000 1.180 1.133
1590.000 1.180 1.133
1591.000 1.180 1.134
1592.000 1.180 1.133
1593.000 1.181 1.133
1594.000 1.181 1.133
1595.000 1.180 1.133
1596.000 1.181 1.133
1597.000 1.181 1.133
1598.000 1.181 1.133
1599.000 1.180 1.133
1600.000 1.180 1.133
1601.000 1.180 1.134
1602.000 1.180 1.133
1603.000 1.180 1.134
1604.000 1.180 1.134
1605.000 1.180 1.134
1606.000 1.180 1.133
1607.000 1.181 1.133
1608.000 1.180 1.133
1609.000 1.180 1.133
1610.000 1.180 1.133
1611.000 1.180 1.133
1612.000 1.180 1.133
1613.000 1.181 1.133
1614.000 1.180 1.134
1615.000 1.180 1.134
1616.000 1.180 1.134
1617.000 1.180 1.134
1618.000 1.180 1.133
1619.000 1.180 1.133
1620.000 1.180 1.133
1621.000 1.180 1.133
1622.000 1.180 1.133
1623.000 1.180 1.133
1624.000 1.180 1.133
1625.000 1.180 1.134
1626.000 1.180 1.134
1627.000 1.180 1.134
1628.000 1.180 1.134
1629.000 1.180 1.134
1630.000 1.180 1.134
1631.000 1.180 1.134
1632.000 1.180 1.134
1633.000 1.180 1.134
1634.000 1.180 1.133
1635.000 1.180 1.134
1636.000 1.180 1.134
1637.000 1.180 1.134
1638.000 1.180 1.134
1639.000 1.180 1.134
1640.000 1.180 1.134
1641.000 1.180 1.134
1642.000 1.180 1.134
1643.000 1.180 1.134
1644.000 1.180 1.134
1645.000 1.180 1.134
1646.000 1.180 1.134
1647.000 1.180 1.134
1648.000 1.180 1.134
1649.000 1.180 1.133
1650.000 1.180 1.134
1651.000 1.180 1.133
1652.000 1.180 1.133
1653.000 1.180 1.134
1654.000 1.180 1.134
1655.000 1.180 1.134
1656.000 1.180 1.133
1657.000 1.180 1.133
1658.000 1.180 1.134
1659.000 1.180 1.133
1660.000 1.180 1.133
1661.000 1.180 1.134
1662.000 1.180 1.133
1663.000 1.180 1.133
1664.000 1.180 1.134
1665.000 1.180 1.134
1666.000 1.180 1.134
1667.000 1.180 1.134
1668.000 1.180 1.134
1669.000 1.180 1.134
1670.000 1.180 1.134
1671.000 1.180 1.134
1672.000 1.180 1.133
1673.000 1.180 1.133
1674.000 1.180 1.134
1675.000 1.180 1.134
1676.000 1.180 1.134
1677.000 1.180 1.134
1678.000 1.180 1.133
1679.000 1.180 1.134
1680.000 1.180 1.134
1681.000 1.180 1.133
1682.000 1.180 1.134
1683.000 1.180 1.133
1684.000 1.180 1.134
1685.000 1.180 1.134
1686.000 1.180 1.134
1687.000 1.180 1.134
1688.000 1.180 1.134
1689.000 1.180 1.133
1690.000 1.180 1.134
1691.000 1.180 1.134
1692.000 1.180 1.133
1693.000 1.180 1.133
1694.000 1.180 1.134
1695.000 1.180 1.134
1696.000 1.180 1.134
1697.000 1.180 1.134
1698.000 1.180 1.134
1699.000 1.180 1.134
1700.000 1.180 1.134
1701.000 1.180 1.134
1702.000 1.180 1.133
1703.000 1.180 1.134
1704.000 1.180 1.133
1705.000 1.180 1.133
1706.000 1.180 1.133
1707.000 1.180 1.133
1708.000 1.180 1.133
1709.000 1.180 1.133
1710.000 1.180 1.133
1711.000 1.180 1.133
1712.000 1.180 1.134
1713.000 1.180 1.134
1714.000 1.180 1.134
1715.000 1.180 1.133
1716.000 1.180 1.134
1717.000 1.180 1.133
1718.000 1.180 1.134
1719.000 1.180 1.134
1720.000 1.180 1.133
1721.000 1.180 1.133
1722.000 1.180 1.133
1723.000 1.180 1.133
1724.000 1.180 1.133
1725.000 1.180 1.133
1726.000 1.180 1.133
1727.000 1.180 1.134
1728.000 1.180 1.134
1729.000 1.180 1.133
1730.000 1.180 1.133
1731.000 1.180 1.134
1732.000 1.180 1.133
1733.000 1.180 1.134
1734.000 1.180 1.134
1735.000 1.180 1.134
1736.000 1.180 1.134
1737.000 1.180 1.133
1738.000 1.180 1.133
1739.000 1.180 1.134
1740.000 1.180 1.133
1741.000 1.180 1.133
1742.000 1.180 1.133
1743.000 1.180 1.133
1744.000 1.180 1.134
1745.000 1.180 1.134
1746.000 1.180 1.134
1747.000 1.180 1.133
1748.000 1.180 1.134
1749.000 1.180 1.134
1750.000 1.180 1.134
1751.000 1.180 1.133
1752.000 1.180 1.134
1753.000 1.180 1.133
1754.000 1.180 1.134
1755.000 1.180 1.134
1756.000 1.180 1.134
1757.000 1.180 1.134
1758.000 1.180 1.134
1759.000 1.180 1.134
1760.000 1.180 1.133
1761.000 1.180 1.134
1762.000 1.180 1.133
1763.000 1.180 1.133
1764.000 1.180 1.133
1765.000 1.180 1.133
1766.000 1.180 1.134
1767.000 1.180 1.134
1768.000 1.180 1.134
1769.000 1.180 1.133
1770.000 1.180 1.134
1771.000 1.180 1.133
1772.000 1.180 1.133
1773.000 1.180 1.133
1774.000 1.180 1.134
1775.000 1.180 1.134
1776.000 1.180 1.133
1777.000 1.180 1.133
1778.000 1.180 1.133
1779.000 1.180 1.133
1780.000 1.180 1.133
1781.000 1.180 1.133
1782.000 1.180 1.134
1783.000 1.180 1.133
1784.000 1.180 1.133
1785.000 1.180 1.133
1786.000 1.180 1.134
1787.000 1.180 1.134
1788.000 1.180 1.133
1789.000 1.180 1.134
1790.000 1.180 1.133
1791.000 1.180 1.134
1792.000 1.180 1.133
1793.000 1.179 1.134
1794.000 1.180 1.133
1795.000 1.180 1.133
1796.000 1.180 1.134
1797.000 1.180 1.134
1798.000 1.180 1.133
1799.000 1.180 1.133
1800.000 1.180 1.133
1801.000 1.180 1.133
1802.000 1.180 1.133
1803.000 1.180 1.132
1804.000 1.180 1.133
1805.000 1.180 1.133
1806.000 1.180 1.133
1807.000 1.180 1.133
1808.000 1.180 1.133
1809.000 1.180 1.133
1810.000 1.180 1.133
1811.000 1.180 1.133
1812.000 1.180 1.133
1813.000 1.180 1.133
1814.000 1.180 1.133
1815.000 1.180 1.132
1816.000 1.180 1.133
1817.000 1.180 1.133
1818.000 1.180 1.133
1819.000 1.180 1.133
1820.000 1.180 1.133
1821.000 1.180 1.133
1822.000 1.180 1.133
1823.000 1.180 1.133
1824.000 1.180 1.133
1825.000 1.180 1.133
1826.000 1.180 1.133
1827.000 1.180 1.133
1828.000 1.180 1.133
1829.000 1.180 1.133
1830.000 1.180 1.133
1831.000 1.180 1.134
1832.000 1.180 1.134
1833.000 1.180 1.134
1834.000 1.180 1.134
1835.000 1.180 1.134
1836.000 1.180 1.133
1837.000 1.180 1.133
1838.000 1.180 1.133
1839.000 1.180 1.133
1840.000 1.180 1.133
1841.000 1.180 1.133
1842.000 1.179 1.134
1843.000 1.180 1.133
1844.000 1.179 1.133
1845.000 1.180 1.133
1846.000 1.180 1.133
1847.000 1.180 1.134
1848.000 1.180 1.133
1849.000 1.180 1.134
1850.000 1.180 1.134
1851.000 1.180 1.134
1852.000 1.180 1.133
1853.000 1.180 1.133
1854.000 1.180 1.133
1855.000 1.180 1.133
1856.000 1.180 1.133
1857.000 1.180 1.133
1858.000 1.180 1.133
1859.000 1.180 1.133
1860.000 1.180 1.133
1861.000 1.180 1.133
1862.000 1.180 1.133
1863.000 1.180 1.132
1864.000 1.180 1.133
1865.000 1.180 1.133
1866.000 1.179 1.133
1867.000 1.180 1.133
1868.000 1.180 1.133
1869.000 1.180 1.133
1870.000 1.180 1.133
1871.000 1.179 1.133
1872.000 1.180 1.133
1873.000 1.179 1.133
1874.000 1.179 1.133
1875.000 1.180 1.133
1876.000 1.180 1.133
1877.000 1.180 1.133
1878.000 1.180 1.133
1879.000 1.180 1.133
1880.000 1.180 1.134
1881.000 1.180 1.133
1882.000 1.180 1.133
1883.000 1.180 1.133
1884.000 1.180 1.133
1885.000 1.180 1.133
1886.000 1.180 1.133
1887.000 1.180 1.133
1888.000 1.180 1.134
1889.000 1.180 1.134
1890.000 1.180 1.133
1891.000 1.180 1.133
1892.000 1.179 1.133
1893.000 1.180 1.133
1894.000 1.180 1.133
1895.000 1.180 1.133
1896.000 1.180 1.133
1897.000 1.180 1.132
1898.000 1.180 1.133
1899.000 1.180 1.133
1900.000 1.179 1.134
1901.000 1.180 1.134
1902.000 1.180 1.134
1903.000 1.180 1.133
1904.000 1.179 1.134
1905.000 1.180 1.133
1906.000 1.179 1.133
1907.000 1.179 1.133
1908.000 1.179 1.133
1909.000 1.179 1.133
1910.000 1.180 1.133
1911.000 1.180 1.133
1912.000 1.180 1.133
1913.000 1.179 1.133
1914.000 1.179 1.134
1915.000 1.179 1.133
1916.000 1.179 1.133
1917.000 1.180 1.133
1918.000 1.180 1.132
1919.000 1.179 1.133
1920.000 1.180 1.133
1921.000 1.180 1.132
1922.000 1.179 1.133
1923.000 1.180 1.134
1924.000 1.179 1.134
1925.000 1.179 1.134
1926.000 1.180 1.132
1927.000 1.179 1.133
1928.000 1.180 1.133
1929.000 1.180 1.133
1930.000 1.180 1.133
1931.000 1.180 1.134
1932.000 1.180 1.134
1933.000 1.180 1.132
1934.000 1.179 1.133
1935.000 1.180 1.133
1936.000 1.179 1.133
1937.000 1.179 1.133
1938.000 1.180 1.133
1939.000 1.179 1.133
1940.000 1.179 1.133
1941.000 1.180 1.133
1942.000 1.179 1.133
1943.000 1.179 1.133
1944.000 1.180 1.133
1945.000 1.180 1.133
1946.000 1.179 1.133
1947.000 1.180 1.133
1948.000 1.180 1.132
1949.000 1.180 1.132
1950.000 1.180 1.133
1951.000 1.180 1.133
1952.000 1.180 1.133
1953.000 1.180 1.133
1954.000 1.180 1.134
1955.000 1.180 1.133
1956.000 1.179 1.133
1957.000 1.180 1.132
1958.000 1.180 1.133
1959.000 1.179 1.133
1960.000 1.179 1.133
1961.000 1.180 1.133
1962.000 1.180 1.132
1963.000 1.179 1.133
1964.000 1.180 1.133
1965.000 1.180 1.133
1966.000 1.179 1.133
1967.000 1.180 1.133
1968.000 1.180 1.133
1969.000 1.180 1.133
1970.000 1.180 1.133
1971.000 1.180 1.133
1972.000 1.179 1.133
1973.000 1.180 1.133
1974.000 1.180 1.133
1975.000 1.180 1.133
1976.000 1.180 1.133
1977.000 1.180 1.133
1978.000 1.180 1.132
1979.000 1.180 1.133
1980.000 1.180 1.132
1981.000 1.180 1.133
1982.000 1.180 1.133
1983.000 1.179 1.133
1984.000 1.179 1.133
1985.000 1.180 1.132
1986.000 1.180 1.132
1987.000 1.179 1.133
1988.000 1.180 1.133
1989.000 1.180 1.133
1990.000 1.180 1.132
1991.000 1.180 1.133
1992.000 1.180 1.133
1993.000 1.180 1.133
1994.000 1.180 1.133
1995.000 1.180 1.133
1996.000 1.179 1.133
1997.000 1.180 1.133
1998.000 1.180 1.133
1999.000 1.179 1.133
2000.000 1.179 1.134
2001.000 1.179 1.133
2002.000 1.180 1.132
2003.000 1.179 1.133
2004.000 1.180 1.133
2005.000 1.180 1.133
2006.000 1.180 1.133
2007.000 1.179 1.133
2008.000 1.180 1.133
2009.000 1.179 1.133
2010.000 1.179 1.133
2011.000 1.180 1.133
2012.000 1.180 1.132
2013.000 1.180 1.133
2014.000 1.179 1.133
2015.000 1.180 1.133
2016.000 1.180 1.133
2017.000 1.180 1.133
2018.000 1.179 1.134
2019.000 1.179 1.133
2020.000 1.180 1.133
2021.000 1.180 1.133
2022.000 1.179 1.133
2023.000 1.179 1.133
2024.000 1.180 1.133
2025.000 1.180 1.133
2026.000 1.180 1.133
2027.000 1.180 1.133
2028.000 1.180 1.133
2029.000 1.180 1.133
2030.000 1.180 1.133
2031.000 1.180 1.132
2032.000 1.180 1.133
2033.000 1.179 1.134
2034.000 1.180 1.133
2035.000 1.180 1.133
2036.000 1.180 1.133
2037.000 1.180 1.133
2038.000 1.180 1.133
2039.000 1.180 1.133
2040.000 1.180 1.133
2041.000 1.179 1.133
2042.000 1.179 1.133
2043.000 1.180 1.133
2044.000 1.179 1.133
2045.000 1.180 1.133
2046.000 1.180 1.133
2047.000 1.180 1.133
2048.000 1.179 1.133
2049.000 1.180 1.133
2050.000 1.179 1.134
2051.000 1.180 1.133
2052.000 1.180 1.133
2053.000 1.180 1.132
2054.000 1.180 1.133
2055.000 1.180 1.133
2056.000 1.180 1.133
2057.000 1.180 1.133
2058.000 1.180 1.134
2059.000 1.179 1.134
2060.000 1.180 1.133
2061.000 1.180 1.133
2062.000 1.180 1.133
2063.000 1.180 1.133
2064.000 1.180 1.133
2065.000 1.180 1.133
2066.000 1.180 1.133
2067.000 1.180 1.133
2068.000 1.180 1.133
2069.000 1.180 1.133
2070.000 1.180 1.133
2071.000 1.180 1.133
2072.000 1.180 1.133
2073.000 1.180 1.133
2074.000 1.180 1.133
2075.000 1.180 1.133
2076.000 1.180 1.134
2077.000 1.180 1.133
2078.000 1.180 1.133
2079.000 1.179 1.133
2080.000 1.180 1.133
2081.000 1.180 1.133
2082.000 1.180 1.133
2083.000 1.179 1.133
2084.000 1.180 1.133
2085.000 1.180 1.133
2086.000 1.180 1.133
2087.000 1.180 1.133
2088.000 1.180 1.133
2089.000 1.180 1.133
2090.000 1.180 1.133
2091.000 1.180 1.133
2092.000 1.180 1.133
2093.000 1.180 1.133
2094.000 1.180 1.133
2095.000 1.180 1.133
2096.000 1.179 1.133
2097.000 1.180 1.133
2098.000 1.180 1.133
2099.000 1.180 1.133
2100.000 1.180 1.133
2101.000 1.180 1.133
2102.000 1.180 1.133
2103.000 1.180 1.133
2104.000 1.179 1.134
2105.000 1.180 1.133
2106.000 1.179 1.133
2107.000 1.179 1.133
2108.000 1.179 1.133
2109.000 1.179 1.133
2110.000 1.180 1.133
2111.000 1.179 1.133
2112.000 1.180 1.133
2113.000 1.180 1.132
2114.000 1.179 1.133
2115.000 1.180 1.132
2116.000 1.179 1.133
2117.000 1.179 1.133
2118.000 1.180 1.133
2119.000 1.180 1.133
2120.000 1.179 1.133
2121.000 1.179 1.133
2122.000 1.179 1.133
2123.000 1.179 1.133
2124.000 1.179 1.133
2125.000 1.179 1.133
2126.000 1.180 1.133
2127.000 1.179 1.133
2128.000 1.180 1.133
2129.000 1.180 1.133
2130.000 1.180 1.133
2131.000 1.180 1.132
2132.000 1.180 1.133
2133.000 1.179 1.133
2134.000 1.180 1.133
2135.000 1.180 1.133
2136.000 1.180 1.133
2137.000 1.180 1.133
2138.000 1.180 1.133
2139.000 1.179 1.134
2140.000 1.179 1.133
2141.000 1.180 1.132
2142.000 1.179 1.133
2143.000 1.180 1.133
2144.000 1.179 1.134
2145.000 1.180 1.133
2146.000 1.179 1.133
2147.000 1.180 1.132
2148.000 1.179 1.133
2149.000 1.180 1.134
2150.000 1.180 1.133
2151.000 1.179 1.133
2152.000 1.180 1.133
2153.000 1.180 1.133
2154.000 1.180 1.133
2155.000 1.180 1.133
2156.000 1.180 1.133
2157.000 1.180 1.133
2158.000 1.180 1.133
2159.000 1.180 1.133
2160.000 1.179 1.134
2161.000 1.179 1.134
2162.000 1.179 1.134
2163.000 1.180 1.133
2164.000 1.180 1.133
2165.000 1.180 1.133
2166.000 1.180 1.133
2167.000 1.180 1.133
2168.000 1.180 1.133
2169.000 1.180 1.133
2170.000 1.180 1.134
2171.000 1.180 1.133
2172.000 1.180 1.133
2173.000 1.180 1.133
2174.000 1.180 1.132
2175.000 1.180 1.133
2176.000 1.180 1.133
2177.000 1.180 1.133
2178.000 1.180 1.133
2179.000 1.180 1.133
2180.000 1.180 1.133
2181.000 1.180 1.133
2182.000 1.180 1.133
2183.000 1.180 1.133
2184.000 1.180 1.133
2185.000 1.180 1.132
2186.000 1.180 1.133
2187.000 1.180 1.133
2188.000 1.180 1.133
2189.000 1.180 1.133
2190.000 1.180 1.133
2191.000 1.180 1.133
2192.000 1.180 1.133
2193.000 1.180 1.133
2194.000 1.179 1.134
2195.000 1.180 1.133
2196.000 1.179 1.134
2197.000 1.180 1.133
2198.000 1.180 1.133
2199.000 1.180 1.134
2200.000 1.180 1.133
2201.000 1.180 1.133
2202.000 1.180 1.133
2203.000 1.179 1.134
2204.000 1.180 1.133
2205.000 1.180 1.133
2206.000 1.180 1.133
2207.000 1.180 1.133
2208.000 1.179 1.133
2209.000 1.180 1.133
2210.000 1.179 1.134
2211.000 1.179 1.134
2212.000 1.179 1.134
2213.000 1.179 1.133
2214.000 1.179 1.134
2215.000 1.179 1.133
2216.000 1.180 1.133
2217.000 1.180 1.133
2218.000 1.180 1.133
2219.000 1.180 1.133
2220.000 1.180 1.133
2221.000 1.180 1.133
2222.000 1.179 1.133
2223.000 1.180 1.133
2224.000 1.180 1.133
2225.000 1.180 1.133
2226.000 1.179 1.133
2227.000 1.179 1.133
2228.000 1.180 1.132
2229.000 1.180 1.133
2230.000 1.180 1.133
2231.000 1.180 1.133
2232.000 1.179 1.133
2233.000 1.179 1.133
2234.000 1.180 1.133
2235.000 1.179 1.133
2236.000 1.180 1.133
2237.000 1.179 1.133
2238.000 1.180 1.133
2239.000 1.180 1.133
2240.000 1.179 1.133
2241.000 1.180 1.132
2242.000 1.179 1.133
2243.000 1.180 1.133
2244.000 1.180 1.133
2245.000 1.179 1.133
2246.000 1.180 1.133
2247.000 1.180 1.134
2248.000 1.179 1.133
2249.000 1.179 1.133
2250.000 1.180 1.132
2251.000 1.180 1.133
2252.000 1.179 1.133
2253.000 1.180 1.133
2254.000 1.179 1.134
2255.000 1.179 1.133
2256.000 1.180 1.133
2257.000 1.179 1.133
2258.000 1.179 1.133
2259.000 1.180 1.132
2260.000 1.180 1.133
2261.000 1.180 1.133
2262.000 1.179 1.133
2263.000 1.179 1.133
2264.000 1.179 1.133
2265.000 1.179 1.133
2266.000 1.179 1.133
2267.000 1.180 1.134
2268.000 1.179 1.133
2269.000 1.179 1.133
2270.000 1.179 1.133
2271.000 1.180 1.133
2272.000 1.179 1.133
2273.000 1.180 1.133
2274.000 1.179 1.133
2275.000 1.179 1.133
2276.000 1.179 1.133
2277.000 1.180 1.133
2278.000 1.179 1.133
2279.000 1.180 1.133
2280.000 1.179 1.133
2281.000 1.180 1.133
2282.000 1.180 1.133
2283.000 1.180 1.132
2284.000 1.180 1.133
2285.000 1.180 1.133
2286.000 1.180 1.133
2287.000 1.180 1.132
2288.000 1.179 1.133
2289.000 1.179 1.133
2290.000 1.180 1.133
2291.000 1.179 1.133
2292.000 1.179 1.133
2293.000 1.180 1.133
2294.000 1.180 1.133
2295.000 1.179 1.134
2296.000 1.179 1.134
2297.000 1.180 1.133
2298.000 1.180 1.133
2299.000 1.180 1.132
2300.000 1.180 1.133
2301.000 1.179 1.133
2302.000 1.180 1.133
2303.000 1.179 1.134
2304.000 1.180 1.133
2305.000 1.179 1.133
2306.000 1.180 1.133
2307.000 1.180 1.133
2308.000 1.180 1.133
2309.000 1.179 1.133
2310.000 1.180 1.132
2311.000 1.180 1.132
2312.000 1.180 1.133
2313.000 1.180 1.133
2314.000 1.180 1.133
2315.000 1.179 1.133
2316.000 1.180 1.133
2317.000 1.179 1.133
2318.000 1.179 1.133
2319.000 1.180 1.132
2320.000 1.179 1.133
2321.000 1.180 1.133
2322.000 1.180 1.133
2323.000 1.180 1.133
2324.000 1.180 1.133
2325.000 1.180 1.133
2326.000 1.180 1.133
2327.000 1.180 1.133
2328.000 1.179 1.133
2329.000 1.179 1.133
2330.000 1.179 1.133
2331.000 1.180 1.133
2332.000 1.179 1.133
2333.000 1.179 1.133
2334.000 1.179 1.133
2335.000 1.179 1.133
2336.000 1.180 1.132
2337.000 1.180 1.132
2338.000 1.180 1.133
2339.000 1.179 1.133
2340.000 1.179 1.133
2341.000 1.180 1.133
2342.000 1.179 1.133
2343.000 1.179 1.134
2344.000 1.179 1.133
2345.000 1.180 1.133
2346.000 1.180 1.133
2347.000 1.180 1.133
2348.000 1.180 1.133
2349.000 1.180 1.133
2350.000 1.179 1.133
2351.000 1.180 1.133
2352.000 1.180 1.133
2353.000 1.179 1.133
2354.000 1.179 1.133
2355.000 1.179 1.133
2356.000 1.180 1.133
2357.000 1.180 1.133
2358.000 1.179 1.133
2359.000 1.179 1.134
2360.000 1.180 1.133
2361.000 1.180 1.133
2362.000 1.179 1.133
2363.000 1.180 1.133
2364.000 1.179 1.133
2365.000 1.180 1.134
2366.000 1.179 1.133
2367.000 1.179 1.133
2368.000 1.180 1.133
2369.000 1.180 1.133
2370.000 1.180 1.133
2371.000 1.180 1.133
2372.000 1.180 1.133
2373.000 1.180 1.133
2374.000 1.180 1.133
2375.000 1.180 1.133
2376.000 1.180 1.133
2377.000 1.180 1.133
2378.000 1.179 1.134
2379.000 1.180 1.133
2380.000 1.180 1.134
2381.000 1.180 1.133
2382.000 1.180 1.133
2383.000 1.179 1.134
2384.000 1.180 1.133
2385.000 1.180 1.133
2386.000 1.180 1.133
2387.000 1.179 1.133
2388.000 1.179 1.134
2389.000 1.180 1.133
2390.000 1.179 1.133
2391.000 1.180 1.133
2392.000 1.180 1.132
2393.000 1.180 1.133
2394.000 1.180 1.133
2395.000 1.179 1.133
2396.000 1.180 1.133
2397.000 1.180 1.133
2398.000 1.179 1.133
2399.000 1.180 1.133
2400.000 1.180 1.133
2401.000 1.180 1.133
2402.000 1.180 1.133
2403.000 1.180 1.133
2404.000 1.179 1.133
2405.000 1.179 1.133
2406.000 1.180 1.133
2407.000 1.180 1.133
2408.000 1.179 1.133
2409.000 1.180 1.133
2410.000 1.179 1.133
2411.000 1.180 1.133
2412.000 1.180 1.133
2413.000 1.180 1.133
2414.000 1.180 1.133
2415.000 1.179 1.133
2416.000 1.180 1.133
2417.000 1.179 1.134
2418.000 1.180 1.134
2419.000 1.180 1.133
2420.000 1.180 1.133
2421.000 1.179 1.133
2422.000 1.180 1.133
2423.000 1.180 1.133
2424.000 1.180 1.133
2425.000 1.179 1.133
2426.000 1.179 1.134
2427.000 1.179 1.134
2428.000 1.180 1.133
2429.000 1.180 1.133
2430.000 1.179 1.133
2431.000 1.179 1.133
2432.000 1.179 1.133
2433.000 1.179 1.133
2434.000 1.180 1.133
2435.000 1.180 1.133
2436.000 1.179 1.133
2437.000 1.179 1.134
2438.000 1.179 1.133
2439.000 1.179 1.134
2440.000 1.180 1.133
2441.000 1.179 1.133
2442.000 1.179 1.133
2443.000 1.179 1.133
2444.000 1.180 1.133
2445.000 1.180 1.133
2446.000 1.180 1.133
2447.000 1.179 1.134
2448.000 1.180 1.133
2449.000 1.179 1.133
2450.000 1.179 1.134
2451.000 1.179 1.133
2452.000 1.179 1.134
2453.000 1.179 1.134
2454.000 1.179 1.133
2455.000 1.179 1.133
2456.000 1.180 1.133
2457.000 1.180 1.133
2458.000 1.179 1.133
2459.000 1.180 1.133
2460.000 1.180 1.133
2461.000 1.179 1.133
2462.000 1.179 1.133
2463.000 1.179 1.133
2464.000 1.179 1.133
2465.000 1.180 1.133
2466.000 1.180 1.133
2467.000 1.179 1.133
2468.000 1.180 1.133
2469.000 1.179 1.133
2470.000 1.180 1.133
2471.000 1.180 1.133
2472.000 1.180 1.133
2473.000 1.179 1.133
2474.000 1.180 1.133
2475.000 1.179 1.133
2476.000 1.180 1.133
2477.000 1.180 1.133
2478.000 1.180 1.132
2479.000 1.179 1.134
2480.000 1.179 1.134
2481.000 1.179 1.133
2482.000 1.179 1.133
2483.000 1.179 1.133
2484.000 1.180 1.132
2485.000 1.179 1.133
2486.000 1.180 1.133
2487.000 1.180 1.133
2488.000 1.179 1.133
2489.000 1.180 1.133
2490.000 1.179 1.133
2491.000 1.179 1.133
2492.000 1.180 1.133
2493.000 1.180 1.133
2494.000 1.179 1.133
2495.000 1.180 1.133
2496.000 1.180 1.133
2497.000 1.179 1.133
2498.000 1.179 1.133
2499.000 1.179 1.133
2500.000 1.180 1.133
2501.000 1.179 1.133
2502.000 1.179 1.133
2503.000 1.179 1.133
2504.000 1.179 1.133
2505.000 1.180 1.133
2506.000 1.179 1.133
2507.000 1.180 1.133
2508.000 1.180 1.133
2509.000 1.180 1.133
2510.000 1.180 1.133
2511.000 1.180 1.133
2512.000 1.180 1.132
2513.000 1.179 1.133
2514.000 1.180 1.133
2515.000 1.180 1.133
2516.000 1.180 1.133
2517.000 1.179 1.133
2518.000 1.180 1.133
2519.000 1.180 1.133
2520.000 1.179 1.133
2521.000 1.179 1.133
2522.000 1.179 1.133
2523.000 1.179 1.133
2524.000 1.180 1.133
2525.000 1.179 1.134
2526.000 1.179 1.134
2527.000 1.179 1.133
2528.000 1.180 1.133
2529.000 1.180 1.133
2530.000 1.180 1.133
2531.000 1.179 1.133
2532.000 1.179 1.133
2533.000 1.180 1.133
2534.000 1.179 1.133
2535.000 1.179 1.133
2536.000 1.180 1.133
2537.000 1.180 1.132
2538.000 1.179 1.134
2539.000 1.180 1.133
2540.000 1.179 1.133
2541.000 1.179 1.133
2542.000 1.179 1.133
2543.000 1.179 1.134
2544.000 1.179 1.133
2545.000 1.180 1.133
2546.000 1.179 1.133
2547.000 1.179 1.133
2548.000 1.179 1.133
2549.000 1.180 1.133
2550.000 1.180 1.133
2551.000 1.180 1.133
2552.000 1.180 1.133
2553.000 1.179 1.133
2554.000 1.179 1.134
2555.000 1.179 1.134
2556.000 1.179 1.134
2557.000 1.179 1.134
2558.000 1.180 1.133
2559.000 1.179 1.133
2560.000 1.180 1.133
2561.000 1.180 1.133
2562.000 1.179 1.133
2563.000 1.179 1.134
2564.000 1.179 1.133
2565.000 1.180 1.133
2566.000 1.179 1.133
2567.000 1.180 1.133
2568.000 1.180 1.133
2569.000 1.180 1.133
2570.000 1.180 1.133
2571.000 1.179 1.133
2572.000 1.180 1.133
2573.000 1.180 1.133
2574.000 1.180 1.133
2575.000 1.180 1.133
2576.000 1.179 1.133
2577.000 1.180 1.133
2578.000 1.179 1.133
2579.000 1.180 1.133
2580.000 1.179 1.134
2581.000 1.180 1.133
2582.000 1.180 1.133
2583.000 1.179 1.133
2584.000 1.180 1.133
2585.000 1.179 1.133
2586.000 1.179 1.133
2587.000 1.180 1.134
2588.000 1.179 1.133
2589.000 1.179 1.133
2590.000 1.179 1.133
2591.000 1.180 1.133
2592.000 1.179 1.133
2593.000 1.179 1.133
2594.000 1.179 1.133
2595.000 1.180 1.133
2596.000 1.179 1.133
2597.000 1.179 1.133
2598.000 1.179 1.133
2599.000 1.179 1.133
2600.000 1.179 1.133
2601.000 1.180 1.133
2602.000 1.179 1.133
2603.000 1.179 1.133
2604.000 1.180 1.133
2605.000 1.179 1.133
2606.000 1.179 1.133
2607.000 1.179 1.133
2608.000 1.180 1.133
2609.000 1.180 1.133
2610.000 1.179 1.133
2611.000 1.180 1.133
2612.000 1.180 1.133
2613.000 1.180 1.133
2614.000 1.180 1.133
2615.000 1.180 1.133
2616.000 1.179 1.134
2617.000 1.179 1.133
2618.000 1.180 1.133
2619.000 1.180 1.133
2620.000 1.180 1.132
2621.000 1.180 1.133
2622.000 1.179 1.133
2623.000 1.180 1.133
2624.000 1.179 1.133
2625.000 1.180 1.133
2626.000 1.179 1.133
2627.000 1.180 1.133
2628.000 1.179 1.133
2629.000 1.179 1.134
2630.000 1.179 1.134
2631.000 1.179 1.133
2632.000 1.179 1.133
2633.000 1.179 1.133
2634.000 1.179 1.133
2635.000 1.180 1.133
2636.000 1.180 1.132
2637.000 1.179 1.133
2638.000 1.179 1.133
2639.000 1.180 1.133
2640.000 1.179 1.133
2641.000 1.179 1.133
2642.000 1.179 1.133
2643.000 1.179 1.133
2644.000 1.180 1.133
2645.000 1.179 1.134
2646.000 1.179 1.133
2647.000 1.179 1.133
2648.000 1.179 1.133
2649.000 1.180 1.132
2650.000 1.179 1.133
2651.000 1.179 1.133
2652.000 1.179 1.133
2653.000 1.179 1.133
2654.000 1.179 1.133
2655.000 1.179 1.134
2656.000 1.180 1.133
2657.000 1.180 1.132
2658.000 1.179 1.133
2659.000 1.180 1.133
2660.000 1.179 1.133
2661.000 1.180 1.133
2662.000 1.179 1.133
2663.000 1.179 1.133
2664.000 1.180 1.132
2665.000 1.179 1.133
2666.000 1.179 1.133
2667.000 1.179 1.133
2668.000 1.180 1.133
2669.000 1.180 1.133
2670.000 1.180 1.132
2671.000 1.179 1.133
2672.000 1.179 1.133
2673.000 1.179 1.133
2674.000 1.179 1.133
2675.000 1.179 1.132
2676.000 1.179 1.132
2677.000 1.179 1.132
2678.000 1.179 1.132
2679.000 1.179 1.133
2680.000 1.179 1.133
2681.000 1.179 1.132
2682.000 1.179 1.133
2683.000 1.179 1.133
2684.000 1.179 1.133
2685.000 1.180 1.132
2686.000 1.179 1.133
2687.000 1.179 1.133
2688.000 1.179 1.133
2689.000 1.179 1.133
2690.000 1.179 1.133
2691.000 1.180 1.132
2692.000 1.179 1.133
2693.000 1.179 1.133
2694.000 1.179 1.133
2695.000 1.179 1.133
2696.000 1.180 1.133
2697.000 1.179 1.133
2698.000 1.179 1.133
2699.000 1.180 1.132
2700.000 1.179 1.133
2701.000 1.179 1.133
2702.000 1.180 1.133
2703.000 1.179 1.132
2704.000 1.179 1.133
2705.000 1.179 1.133
2706.000 1.179 1.133
2707.000 1.180 1.132
2708.000 1.180 1.132
2709.000 1.179 1.133
2710.000 1.179 1.133
2711.000 1.179 1.133
2712.000 1.179 1.133
2713.000 1.179 1.133
2714.000 1.179 1.133
2715.000 1.179 1.133
2716.000 1.179 1.133
2717.000 1.179 1.133
2718.000 1.179 1.132
2719.000 1.179 1.133
2720.000 1.179 1.133
2721.000 1.179 1.133
2722.000 1.179 1.133
2723.000 1.180 1.133
2724.000 1.179 1.133
2725.000 1.179 1.133
2726.000 1.179 1.133
2727.000 1.179 1.133
2728.000 1.179 1.133
2729.000 1.179 1.133
2730.000 1.179 1.133
2731.000 1.179 1.133
2732.000 1.179 1.133
2733.000 1.179 1.133
2734.000 1.179 1.133
2735.000 1.179 1.133
2736.000 1.179 1.133
2737.000 1.179 1.133
2738.000 1.179 1.133
2739.000 1.180 1.133
2740.000 1.179 1.133
2741.000 1.179 1.134
2742.000 1.179 1.133
2743.000 1.180 1.133
2744.000 1.179 1.133
2745.000 1.179 1.133
2746.000 1.179 1.133
2747.000 1.179 1.133
2748.000 1.179 1.133
2749.000 1.179 1.133
2750.000 1.179 1.132
2751.000 1.180 1.132
2752.000 1.179 1.133
2753.000 1.179 1.133
2754.000 1.179 1.133
2755.000 1.179 1.132
2756.000 1.179 1.133
2757.000 1.179 1.133
2758.000 1.179 1.133
2759.000 1.179 1.133
2760.000 1.179 1.133
2761.000 1.179 1.133
2762.000 1.179 1.133
2763.000 1.180 1.132
2764.000 1.179 1.133
2765.000 1.179 1.133
2766.000 1.179 1.133
2767.000 1.179 1.133
2768.000 1.179 1.133
2769.000 1.179 1.133
2770.000 1.179 1.133
2771.000 1.179 1.133
2772.000 1.179 1.133
2773.000 1.179 1.133
2774.000 1.179 1.133
2775.000 1.179 1.133
2776.000 1.179 1.133
2777.000 1.179 1.133
2778.000 1.179 1.133
2779.000 1.179 1.133
2780.000 1.179 1.133
2781.000 1.179 1.133
2782.000 1.179 1.133
2783.000 1.180 1.133
2784.000 1.179 1.133
2785.000 1.179 1.133
2786.000 1.180 1.132
2787.000 1.179 1.133
2788.000 1.179 1.133
2789.000 1.179 1.133
2790.000 1.179 1.133
2791.000 1.179 1.133
2792.000 1.179 1.133
2793.000 1.180 1.133
2794.000 1.179 1.133
2795.000 1.179 1.133
2796.000 1.179 1.133
2797.000 1.179 1.133
2798.000 1.180 1.133
2799.000 1.179 1.133
2800.000 1.179 1.134
2801.000 1.179 1.133
2802.000 1.179 1.133
2803.000 1.179 1.133
2804.000 1.180 1.133
2805.000 1.179 1.133
2806.000 1.179 1.133
2807.000 1.179 1.133
2808.000 1.179 1.133
2809.000 1.179 1.133
2810.000 1.179 1.133
2811.000 1.179 1.133
2812.000 1.180 1.133
2813.000 1.179 1.133
2814.000 1.179 1.133
2815.000 1.179 1.133
2816.000 1.179 1.133
2817.000 1.179 1.133
2818.000 1.179 1.133
2819.000 1.179 1.133
2820.000 1.179 1.133
2821.000 1.179 1.133
2822.000 1.179 1.133
2823.000 1.179 1.133
2824.000 1.179 1.133
2825.000 1.180 1.133
2826.000 1.180 1.133
2827.000 1.180 1.132
2828.000 1.179 1.133
2829.000 1.179 1.133
2830.000 1.180 1.132
2831.000 1.179 1.133
2832.000 1.179 1.133
2833.000 1.179 1.133
2834.000 1.179 1.133
2835.000 1.180 1.133
2836.000 1.179 1.133
2837.000 1.179 1.133
2838.000 1.179 1.133
2839.000 1.179 1.132
2840.000 1.179 1.133
2841.000 1.179 1.133
2842.000 1.179 1.133
2843.000 1.179 1.133
2844.000 1.179 1.133
2845.000 1.179 1.133
2846.000 1.179 1.133
2847.000 1.179 1.133
2848.000 1.179 1.134
2849.000 1.179 1.133
2850.000 1.179 1.133
2851.000 1.180 1.132
2852.000 1.179 1.133
2853.000 1.179 1.133
2854.000 1.179 1.133
2855.000 1.179 1.133
2856.000 1.179 1.133
2857.000 1.179 1.133
2858.000 1.179 1.133
2859.000 1.179 1.132
2860.000 1.179 1.133
2861.000 1.179 1.133
2862.000 1.179 1.133
2863.000 1.180 1.133
2864.000 1.179 1.133
2865.000 1.179 1.133
2866.000 1.179 1.133
2867.000 1.179 1.133
2868.000 1.180 1.133
2869.000 1.179 1.133
2870.000 1.179 1.133
2871.000 1.179 1.133
2872.000 1.179 1.133
2873.000 1.179 1.132
2874.000 1.179 1.133
2875.000 1.180 1.132
2876.000 1.179 1.133
2877.000 1.179 1.133
2878.000 1.179 1.133
2879.000 1.180 1.132
2880.000 1.179 1.133
2881.000 1.179 1.133
2882.000 1.179 1.133
2883.000 1.179 1.133
2884.000 1.179 1.133
2885.000 1.179 1.133
2886.000 1.179 1.133
2887.000 1.179 1.133
2888.000 1.179 1.132
2889.000 1.179 1.133
2890.000 1.179 1.133
2891.000 1.179 1.133
2892.000 1.180 1.132
2893.000 1.179 1.133
2894.000 1.179 1.133
2895.000 1.179 1.133
2896.000 1.179 1.133
2897.000 1.180 1.132
2898.000 1.180 1.133
2899.000 1.179 1.133
2900.000 1.179 1.133
2901.000 1.179 1.133
2902.000 1.179 1.133
2903.000 1.179 1.133
2904.000 1.179 1.133
2905.000 1.179 1.133
2906.000 1.179 1.133
2907.000 1.179 1.133
2908.000 1.179 1.133
2909.000 1.179 1.133
2910.000 1.179 1.133
2911.000 1.180 1.132
2912.000 1.179 1.133
2913.000 1.179 1.133
2914.000 1.179 1.133
2915.000 1.179 1.133
2916.000 1.179 1.133
2917.000 1.179 1.133
2918.000 1.179 1.133
2919.000 1.179 1.133
2920.000 1.179 1.133
2921.000 1.179 1.133
2922.000 1.179 1.134
2923.000 1.179 1.133
2924.000 1.179 1.133
2925.000 1.179 1.133
2926.000 1.179 1.133
2927.000 1.179 1.133
2928.000 1.179 1.133
2929.000 1.179 1.133
2930.000 1.179 1.133
2931.000 1.179 1.133
2932.000 1.179 1.133
2933.000 1.179 1.133
2934.000 1.179 1.133
2935.000 1.179 1.133
2936.000 1.179 1.133
2937.000 1.180 1.133
2938.000 1.179 1.133
2939.000 1.179 1.133
2940.000 1.180 1.133
2941.000 1.179 1.133
2942.000 1.179 1.133
2943.000 1.179 1.133
2944.000 1.179 1.133
2945.000 1.179 1.133
2946.000 1.179 1.133
2947.000 1.179 1.133
2948.000 1.179 1.133
2949.000 1.179 1.133
2950.000 1.179 1.133
2951.000 1.179 1.133
2952.000 1.179 1.133
2953.000 1.179 1.133
2954.000 1.179 1.132
2955.000 1.179 1.133
2956.000 1.179 1.133
2957.000 1.180 1.132
2958.000 1.180 1.132
2959.000 1.180 1.132
2960.000 1.180 1.132
2961.000 1.179 1.133
2962.000 1.180 1.132
2963.000 1.180 1.132
2964.000 1.179 1.133
2965.000 1.179 1.133
2966.000 1.179 1.133
2967.000 1.180 1.133
2968.000 1.180 1.132
2969.000 1.179 1.133
2970.000 1.180 1.133
2971.000 1.180 1.132
2972.000 1.180 1.132
2973.000 1.180 1.132
2974.000 1.179 1.133
2975.000 1.179 1.133
2976.000 1.179 1.133
2977.000 1.179 1.133
2978.000 1.180 1.133
2979.000 1.179 1.133
2980.000 1.179 1.132
2981.000 1.180 1.133
2982.000 1.179 1.133
2983.000 1.180 1.133
2984.000 1.180 1.132
2985.000 1.179 1.133
2986.000 1.180 1.132
2987.000 1.180 1.132
2988.000 1.180 1.132
2989.000 1.179 1.133
2990.000 1.179 1.133
2991.000 1.179 1.133
2992.000 1.179 1.133
2993.000 1.179 1.133
2994.000 1.179 1.133
2995.000 1.179 1.133
2996.000 1.179 1.132
2997.000 1.180 1.132
2998.000 1.180 1.132
2999.000 1.179 1.133
3000.000 1.179 1.133
3001.000 1.179 1.133
3002.000 1.180 1.132
3003.000 1.179 1.132
3004.000 1.180 1.132
3005.000 1.180 1.133
3006.000 1.179 1.133
3007.000 1.179 1.133
3008.000 1.179 1.133
3009.000 1.179 1.133
3010.000 1.180 1.132
3011.000 1.179 1.132
3012.000 1.179 1.133
3013.000 1.179 1.133
3014.000 1.179 1.133
3015.000 1.180 1.132
3016.000 1.179 1.133
3017.000 1.179 1.133
3018.000 1.179 1.133
3019.000 1.179 1.133
3020.000 1.180 1.132
3021.000 1.179 1.133
3022.000 1.180 1.132
3023.000 1.179 1.132
3024.000 1.179 1.133
3025.000 1.180 1.132
3026.000 1.179 1.133
3027.000 1.180 1.133
3028.000 1.179 1.133
3029.000 1.179 1.133
3030.000 1.179 1.133
3031.000 1.179 1.133
3032.000 1.180 1.132
3033.000 1.179 1.132
3034.000 1.180 1.132
3035.000 1.180 1.132
3036.000 1.180 1.132
3037.000 1.180 1.132
3038.000 1.179 1.133
3039.000 1.179 1.133
3040.000 1.180 1.132
3041.000 1.180 1.132
3042.000 1.180 1.133
3043.000 1.180 1.133
3044.000 1.179 1.133
3045.000 1.179 1.133
3046.000 1.180 1.133
3047.000 1.180 1.132
3048.000 1.180 1.132
3049.000 1.180 1.132
3050.000 1.180 1.132
3051.000 1.179 1.133
3052.000 1.179 1.133
3053.000 1.179 1.133
3054.000 1.180 1.132
3055.000 1.180 1.132
3056.000 1.180 1.132
3057.000 1.180 1.132
3058.000 1.180 1.133
3059.000 1.179 1.132
3060.000 1.179 1.133
3061.000 1.180 1.132
3062.000 1.180 1.132
3063.000 1.180 1.132
3064.000 1.180 1.133
3065.000 1.179 1.132
3066.000 1.179 1.133
3067.000 1.179 1.133
3068.000 1.180 1.132
3069.000 1.180 1.132
3070.000 1.180 1.133
3071.000 1.180 1.132
3072.000 1.180 1.132
3073.000 1.180 1.133
3074.000 1.180 1.132
3075.000 1.179 1.132
3076.000 1.179 1.133
3077.000 1.180 1.132
3078.000 1.180 1.133
3079.000 1.179 1.132
3080.000 1.179 1.132
3081.000 1.180 1.132
3082.000 1.179 1.132
3083.000 1.179 1.132
3084.000 1.175 1.126
3085.000 1.175 1.108
3086.000 1.173 1.133
3087.000 1.170 1.187
3088.000 1.181 1.170
3089.000 1.159 1.170
3090.000 1.140 1.172
3091.000 1.119 1.183
3092.000 1.098 1.164
3093.000 1.128 1.153
3094.000 1.166 1.169
3095.000 1.163 1.186
3096.000 1.155 1.185
3097.000 1.145 1.190
3098.000 1.143 1.175
3099.000 1.176 1.167
3100.000 1.169 1.185
3101.000 1.161 1.181
3102.000 1.158 1.176
3103.000 1.158 1.176
3104.000 1.151 1.177
3105.000 1.137 1.172
3106.000 1.154 1.172
3107.000 1.179 1.161
3108.000 1.175 1.145
3109.000 1.174 1.140
3110.000 1.174 1.140
3111.000 1.174 1.140
3112.000 1.174 1.140
3113.000 1.174 1.139
3114.000 1.174 1.140
3115.000 1.174 1.140
3116.000 1.174 1.140
3117.000 1.174 1.140
3118.000 1.174 1.140
3119.000 1.175 1.140
3120.000 1.174 1.140
3121.000 1.174 1.140
3122.000 1.174 1.140
3123.000 1.174 1.140
3124.000 1.174 1.139
3125.000 1.174 1.140
3126.000 1.174 1.140
3127.000 1.174 1.140
3128.000 1.174 1.140
3129.000 1.174 1.140
3130.000 1.174 1.140
3131.000 1.174 1.140
3132.000 1.174 1.140
3133.000 1.174 1.140
3134.000 1.174 1.140
3135.000 1.174 1.140
3136.000 1.174 1.140
3137.000 1.174 1.140
3138.000 1.174 1.140
3139.000 1.174 1.140
3140.000 1.174 1.140
3141.000 1.174 1.139
3142.000 1.175 1.140
3143.000 1.174 1.140
3144.000 1.174 1.140
3145.000 1.174 1.140
3146.000 1.174 1.140
3147.000 1.174 1.140
3148.000 1.174 1.140
3149.000 1.174 1.140
3150.000 1.174 1.139
3151.000 1.174 1.140
3152.000 1.174 1.140
3153.000 1.175 1.140
3154.000 1.174 1.140
3155.000 1.174 1.140
3156.000 1.174 1.140
3157.000 1.174 1.140
3158.000 1.174 1.140
3159.000 1.174 1.140
3160.000 1.174 1.140
3161.000 1.174 1.140
3162.000 1.174 1.140
3163.000 1.174 1.140
3164.000 1.174 1.140
3165.000 1.174 1.140
3166.000 1.174 1.140
3167.000 1.174 1.140
3168.000 1.174 1.140
3169.000 1.174 1.140
3170.000 1.175 1.140
3171.000 1.174 1.139
3172.000 1.174 1.139
3173.000 1.175 1.140
3174.000 1.174 1.140
3175.000 1.175 1.140
3176.000 1.174 1.140
3177.000 1.174 1.140
3178.000 1.175 1.140
3179.000 1.174 1.139
3180.000 1.174 1.140
3181.000 1.174 1.140
3182.000 1.174 1.140
3183.000 1.174 1.140
3184.000 1.175 1.140
3185.000 1.174 1.140
3186.000 1.174 1.140
3187.000 1.174 1.140
3188.000 1.174 1.139
3189.000 1.174 1.139
3190.000 1.174 1.140
3191.000 1.174 1.140
3192.000 1.174 1.140
3193.000 1.174 1.139
3194.000 1.174 1.140
3195.000 1.174 1.140
3196.000 1.174 1.140
3197.000 1.174 1.139
3198.000 1.174 1.140
3199.000 1.174 1.140
3200.000 1.174 1.139
3201.000 1.174 1.140
3202.000 1.174 1.139
3203.000 1.174 1.140
3204.000 1.174 1.140
3205.000 1.174 1.139
3206.000 1.174 1.139
3207.000 1.174 1.140
3208.000 1.174 1.140
3209.000 1.174 1.140
3210.000 1.174 1.140
3211.000 1.174 1.140
3212.000 1.174 1.140
3213.000 1.174 1.139
3214.000 1.174 1.139
3215.000 1.174 1.139
3216.000 1.174 1.139
3217.000 1.174 1.139
3218.000 1.174 1.139
3219.000 1.174 1.139
3220.000 1.174 1.139
3221.000 1.174 1.139
3222.000 1.174 1.140
3223.000 1.174 1.139
3224.000 1.174 1.140
3225.000 1.174 1.140
3226.000 1.174 1.140
3227.000 1.174 1.139
3228.000 1.174 1.139
3229.000 1.174 1.140
3230.000 1.174 1.139
3231.000 1.174 1.140
3232.000 1.174 1.139
3233.000 1.174 1.139
3234.000 1.174 1.139
3235.000 1.174 1.139
3236.000 1.174 1.139
3237.000 1.174 1.139
3238.000 1.174 1.139
3239.000 1.174 1.140
3240.000 1.174 1.139
3241.000 1.174 1.139
3242.000 1.174 1.139
3243.000 1.174 1.140
3244.000 1.174 1.140
3245.000 1.174 1.139
3246.000 1.174 1.140
3247.000 1.174 1.139
3248.000 1.174 1.140
3249.000 1.174 1.140
3250.000 1.174 1.139
3251.000 1.174 1.139
3252.000 1.174 1.139
3253.000 1.174 1.139
3254.000 1.173 1.139
3255.000 1.174 1.139
3256.000 1.174 1.140
3257.000 1.174 1.139
3258.000 1.174 1.140
3259.000 1.174 1.140
3260.000 1.174 1.140
3261.000 1.174 1.139
3262.000 1.174 1.139
3263.000 1.174 1.139
3264.000 1.174 1.139
3265.000 1.174 1.139
3266.000 1.174 1.139
3267.000 1.174 1.140
3268.000 1.174 1.139
3269.000 1.174 1.139
3270.000 1.174 1.139
3271.000 1.174 1.140
3272.000 1.174 1.139
3273.000 1.174 1.140
3274.000 1.174 1.139
3275.000 1.174 1.140
3276.000 1.174 1.140
3277.000 1.174 1.139
3278.000 1.174 1.140
3279.000 1.174 1.140
3280.000 1.174 1.140
3281.000 1.174 1.140
3282.000 1.174 1.140
3283.000 1.174 1.140
3284.000 1.174 1.139
3285.000 1.174 1.139
3286.000 1.174 1.140
3287.000 1.174 1.140
3288.000 1.174 1.140
3289.000 1.174 1.139
3290.000 1.174 1.140
3291.000 1.174 1.140
3292.000 1.174 1.140
3293.000 1.174 1.139
3294.000 1.174 1.140
3295.000 1.174 1.139
3296.000 1.174 1.140
3297.000 1.174 1.139
3298.000 1.174 1.140
3299.000 1.174 1.139
3300.000 1.174 1.139
3301.000 1.174 1.140
3302.000 1.174 1.139
3303.000 1.174 1.140
3304.000 1.174 1.139
3305.000 1.174 1.139
3306.000 1.174 1.139
3307.000 1.174 1.140
3308.000 1.174 1.140
3309.000 1.174 1.140
3310.000 1.174 1.140
3311.000 1.174 1.140
3312.000 1.174 1.140
3313.000 1.174 1.140
3314.000 1.174 1.140
3315.000 1.174 1.140
3316.000 1.174 1.140
3317.000 1.174 1.140
3318.000 1.174 1.140
3319.000 1.173 1.139
3320.000 1.174 1.140
3321.000 1.173 1.139
3322.000 1.174 1.140
3323.000 1.173 1.139
3324.000 1.174 1.139
3325.000 1.173 1.139
3326.000 1.173 1.140
3327.000 1.173 1.140
3328.000 1.174 1.140
3329.000 1.173 1.139
3330.000 1.174 1.140
3331.000 1.173 1.139
3332.000 1.173 1.140
3333.000 1.173 1.139
3334.000 1.174 1.140
3335.000 1.174 1.140
3336.000 1.174 1.140
3337.000 1.174 1.139
3338.000 1.174 1.140
3339.000 1.174 1.140
3340.000 1.173 1.139
3341.000 1.174 1.140
3342.000 1.174 1.139
3343.000 1.173 1.139
3344.000 1.173 1.139
3345.000 1.173 1.139
3346.000 1.174 1.140
3347.000 1.174 1.140
3348.000 1.174 1.140
3349.000 1.174 1.140
3350.000 1.174 1.140
3351.000 1.174 1.140
3352.000 1.174 1.140
3353.000 1.174 1.140
3354.000 1.174 1.140
3355.000 1.174 1.140
3356.000 1.174 1.140
3357.000 1.174 1.139
3358.000 1.174 1.140
3359.000 1.174 1.140
3360.000 1.174 1.140
3361.000 1.174 1.140
3362.000 1.174 1.140
3363.000 1.174 1.140
3364.000 1.174 1.140
3365.000 1.174 1.140
3366.000 1.174 1.140
3367.000 1.174 1.139
3368.000 1.174 1.139
3369.000 1.174 1.140
3370.000 1.174 1.140
3371.000 1.174 1.140
3372.000 1.174 1.139
3373.000 1.174 1.140
3374.000 1.174 1.139
3375.000 1.174 1.140
3376.000 1.174 1.139
3377.000 1.174 1.140
3378.000 1.174 1.139
3379.000 1.174 1.140
3380.000 1.174 1.139
3381.000 1.174 1.140
3382.000 1.174 1.140
3383.000 1.174 1.140
3384.000 1.174 1.140
3385.000 1.174 1.139
3386.000 1.174 1.140
3387.000 1.174 1.139
3388.000 1.174 1.140
3389.000 1.174 1.139
3390.000 1.174 1.139
3391.000 1.174 1.139
3392.000 1.174 1.140
3393.000 1.174 1.139
3394.000 1.174 1.140
3395.000 1.174 1.139
3396.000 1.174 1.140
3397.000 1.174 1.140
3398.000 1.174 1.140
3399.000 1.174 1.140
3400.000 1.174 1.139
3401.000 1.174 1.139
3402.000 1.174 1.140
3403.000 1.174 1.139
3404.000 1.174 1.139
3405.000 1.174 1.140
3406.000 1.174 1.140
3407.000 1.174 1.139
3408.000 1.174 1.140
3409.000 1.174 1.139
3410.000 1.174 1.140
3411.000 1.174 1.140
3412.000 1.174 1.140
3413.000 1.174 1.139
3414.000 1.174 1.139
3415.000 1.174 1.140
3416.000 1.174 1.140
3417.000 1.174 1.140
3418.000 1.174 1.140
3419.000 1.174 1.139
3420.000 1.174 1.140
3421.000 1.174 1.139
3422.000 1.174 1.140
3423.000 1.174 1.140
3424.000 1.174 1.140
3425.000 1.174 1.140
3426.000 1.174 1.140
3427.000 1.174 1.139
3428.000 1.174 1.139
3429.000 1.174 1.140
3430.000 1.174 1.140
3431.000 1.174 1.140
3432.000 1.174 1.139
3433.000 1.174 1.140
3434.000 1.174 1.140
3435.000 1.174 1.139
3436.000 1.174 1.139
3437.000 1.174 1.140
3438.000 1.174 1.139
3439.000 1.174 1.139
3440.000 1.174 1.140
3441.000 1.174 1.140
3442.000 1.174 1.140
3443.000 1.174 1.140
3444.000 1.174 1.140
3445.000 1.174 1.140
3446.000 1.174 1.140
3447.000 1.174 1.140
3448.000 1.174 1.139
3449.000 1.174 1.139
3450.000 1.174 1.139
3451.000 1.174 1.140
3452.000 1.174 1.140
3453.000 1.174 1.139
3454.000 1.174 1.140
3455.000 1.174 1.140
3456.000 1.174 1.139
3457.000 1.174 1.139
3458.000 1.174 1.140
3459.000 1.174 1.140
3460.000 1.174 1.140
3461.000 1.174 1.140
3462.000 1.174 1.140
3463.000 1.174 1.140
3464.000 1.174 1.140
3465.000 1.174 1.139
3466.000 1.174 1.139
3467.000 1.174 1.139
3468.000 1.174 1.139
3469.000 1.174 1.140
3470.000 1.174 1.140
3471.000 1.174 1.139
3472.000 1.174 1.140
3473.000 1.174 1.139
3474.000 1.174 1.140
3475.000 1.174 1.139
3476.000 1.174 1.139
3477.000 1.174 1.139
3478.000 1.174 1.140
3479.000 1.174 1.139
3480.000 1.174 1.139
3481.000 1.174 1.139
3482.000 1.174 1.140
3483.000 1.174 1.140
3484.000 1.174 1.140
3485.000 1.174 1.140
3486.000 1.174 1.140
3487.000 1.174 1.140
3488.000 1.174 1.140
3489.000 1.174 1.139
3490.000 1.174 1.140
3491.000 1.174 1.139
3492.000 1.174 1.140
3493.000 1.174 1.139
3494.000 1.174 1.140
3495.000 1.174 1.140
3496.000 1.173 1.139
3497.000 1.174 1.140
3498.000 1.174 1.140
3499.000 1.174 1.140
3500.000 1.174 1.140
3501.000 1.174 1.140
3502.000 1.174 1.140
3503.000 1.174 1.139
3504.000 1.173 1.139
3505.000 1.173 1.139
3506.000 1.174 1.139
3507.000 1.174 1.140
3508.000 1.173 1.139
3509.000 1.173 1.139
3510.000 1.173 1.139
3511.000 1.174 1.140
3512.000 1.174 1.140
3513.000 1.174 1.140
3514.000 1.174 1.140
3515.000 1.174 1.140
3516.000 1.173 1.139
3517.000 1.173 1.139
3518.000 1.173 1.139
3519.000 1.173 1.138
3520.000 1.173 1.139
3521.000 1.173 1.139
3522.000 1.173 1.139
3523.000 1.174 1.139
3524.000 1.173 1.139
3525.000 1.173 1.139
3526.000 1.173 1.139
3527.000 1.173 1.139
3528.000 1.173 1.139
3529.000 1.173 1.139
3530.000 1.173 1.139
3531.000 1.173 1.139
3532.000 1.173 1.139
3533.000 1.173 1.139
3534.000 1.173 1.139
3535.000 1.173 1.138
3536.000 1.173 1.139
3537.000 1.173 1.139
3538.000 1.173 1.139
3539.000 1.173 1.139
3540.000 1.173 1.139
3541.000 1.173 1.139
3542.000 1.173 1.139
3543.000 1.173 1.139
3544.000 1.173 1.139
3545.000 1.173 1.139
3546.000 1.173 1.139
3547.000 1.173 1.139
3548.000 1.173 1.139
3549.000 1.173 1.139
3550.000 1.173 1.139
3551.000 1.173 1.139
3552.000 1.173 1.138
3553.000 1.173 1.139
3554.000 1.173 1.139
3555.000 1.173 1.139
3556.000 1.173 1.139
3557.000 1.173 1.139
3558.000 1.173 1.139
3559.000 1.173 1.139
3560.000 1.173 1.139
3561.000 1.173 1.139
3562.000 1.173 1.138
3563.000 1.173 1.139
3564.000 1.173 1.139
3565.000 1.173 1.139
3566.000 1.173 1.139
3567.000 1.173 1.139
3568.000 1.173 1.139
3569.000 1.173 1.139
3570.000 1.173 1.139
3571.000 1.173 1.139
3572.000 1.173 1.139
3573.000 1.173 1.139
3574.000 1.173 1.139
3575.000 1.173 1.139
3576.000 1.173 1.139
3577.000 1.173 1.139
3578.000 1.173 1.139
3579.000 1.173 1.138
3580.000 1.173 1.139
3581.000 1.173 1.139
3582.000 1.173 1.138
3583.000 1.173 1.139
3584.000 1.173 1.139
3585.000 1.173 1.139
3586.000 1.173 1.139
3587.000 1.173 1.139
3588.000 1.173 1.139
3589.000 1.173 1.139
3590.000 1.173 1.139
3591.000 1.173 1.139
3592.000 1.173 1.139
3593.000 1.173 1.139
3594.000 1.173 1.139
3595.000 1.173 1.139
3596.000 1.173 1.139
3597.000 1.173 1.139
3598.000 1.173 1.139
3599.000 1.173 1.139
3600.000 1.174 1.139
