# Time(s) fish0X fish0Y
0.000 0.023 0.112
1.000 0.023 0.036
2.000 0.112 0.032
3.000 0.178 0.022
4.000 0.216 0.031
5.000 0.216 0.056
6.000 0.163 0.082
7.000 0.111 0.066
8.000 0.047 0.033
9.000 0.021 0.069
10.000 0.023 0.119
11.000 0.021 0.176
12.000 0.003 0.278
13.000 0.018 0.374
14.000 0.026 0.440
15.000 0.010 0.545
16.000 0.015 0.637
17.000 0.018 0.719
18.000 0.020 0.627
19.000 0.035 0.530
20.000 0.031 0.438
21.000 0.020 0.344
22.000 0.006 0.247
23.000 0.018 0.167
24.000 0.027 0.094
25.000 0.013 0.052
26.000 0.046 0.025
27.000 0.115 0.030
28.000 0.086 0.109
29.000 0.037 0.027
30.000 0.098 0.051
31.000 0.186 0.026
32.000 0.278 0.034
33.000 0.422 0.019
34.000 0.631 0.019
35.000 0.853 0.011
36.000 1.071 0.021
37.000 1.166 0.031
38.000 1.185 0.177
39.000 1.187 0.386
40.000 1.177 0.628
41.000 1.194 0.836
42.000 1.185 1.040
43.000 1.157 1.171
44.000 1.039 1.187
45.000 0.889 1.162
46.000 0.755 1.170
47.000 0.624 1.180
48.000 0.671 1.123
49.000 0.862 1.145
50.000 1.023 1.161
51.000 1.058 1.193
52.000 0.940 1.192
53.000 0.792 1.189
54.000 0.616 1.188
55.000 0.409 1.170
56.000 0.260 1.169
57.000 0.074 1.178
58.000 0.031 1.153
59.000 0.038 1.140
60.000 0.067 1.141
61.000 0.229 1.172
62.000 0.350 1.183
63.000 0.485 1.193
64.000 0.617 1.184
65.000 0.742 1.196
66.000 0.875 1.191
67.000 1.014 1.193
68.000 1.102 1.188
69.000 1.158 1.175
70.000 1.171 1.141
71.000 1.169 1.075
72.000 1.172 1.009
73.000 1.194 0.943
74.000 1.198 0.875
75.000 1.171 0.799
76.000 1.196 0.745
77.000 1.176 0.673
78.000 1.190 0.553
79.000 1.184 0.423
80.000 1.186 0.312
81.000 1.189 0.216
82.000 1.191 0.180
83.000 1.194 0.131
84.000 1.197 0.121
85.000 1.194 0.151
86.000 1.197 0.166
87.000 1.194 0.170
88.000 1.193 0.170
89.000 1.196 0.166
90.000 1.196 0.164
91.000 1.195 0.168
92.000 1.195 0.170
93.000 1.197 0.178
94.000 1.190 0.194
95.000 1.188 0.197
96.000 1.188 0.197
97.000 1.192 0.198
98.000 1.196 0.193
99.000 1.195 0.190
100.000 1.197 0.185
101.000 1.197 0.187
102.000 1.196 0.185
103.000 1.196 0.189
104.000 1.190 0.222
105.000 1.199 0.315
106.000 1.191 0.469
107.000 1.163 0.666
108.000 1.200 0.882
109.000 1.184 1.048
110.000 1.178 1.156
111.000 1.180 1.078
112.000 1.113 1.100
113.000 1.077 1.169
114.000 0.969 1.148
115.000 0.826 1.182
116.000 0.707 1.146
117.000 0.553 1.134
118.000 0.427 1.171
119.000 0.251 1.147
120.000 0.110 1.091
121.000 0.042 1.142
122.000 0.049 1.170
123.000 0.037 1.088
124.000 0.021 0.976
125.000 0.024 0.827
126.000 0.031 0.623
127.000 0.027 0.464
128.000 0.023 0.313
129.000 0.025 0.159
130.000 0.037 0.044
131.000 0.148 0.048
132.000 0.235 0.022
133.000 0.385 0.030
134.000 0.560 0.051
135.000 0.785 0.014
136.000 0.957 0.090
137.000 1.128 0.091
138.000 1.188 0.224
139.000 1.172 0.432
140.000 1.173 0.659
141.000 1.163 0.884
142.000 1.156 1.059
143.000 1.084 1.170
144.000 0.972 1.151
145.000 0.815 1.184
146.000 0.746 1.192
147.000 0.927 1.190
148.000 1.088 1.184
149.000 1.171 1.178
150.000 1.082 1.115
151.000 0.913 1.154
152.000 0.731 1.174
153.000 0.522 1.177
154.000 0.330 1.143
155.000 0.174 1.124
156.000 0.064 1.070
157.000 0.043 0.935
158.000 0.043 0.796
159.000 0.059 0.632
160.000 0.074 0.468
161.000 0.049 0.316
162.000 0.062 0.135
163.000 0.127 0.029
164.000 0.302 0.048
165.000 0.501 0.065
166.000 0.729 0.081
167.000 0.939 0.202
168.000 1.060 0.424
169.000 0.992 0.639
170.000 1.112 0.842
171.000 1.130 1.064
172.000 1.003 1.141
173.000 0.818 1.149
174.000 0.601 1.130
175.000 0.463 1.073
176.000 0.294 1.167
177.000 0.118 1.168
178.000 0.040 1.087
179.000 0.033 0.928
180.000 0.053 0.742
181.000 0.047 0.538
182.000 0.041 0.399
183.000 0.025 0.227
184.000 0.056 0.062
185.000 0.133 0.034
186.000 0.207 0.014
187.000 0.074 0.035
188.000 0.126 0.030
189.000 0.299 0.025
190.000 0.494 0.042
191.000 0.732 0.060
192.000 0.938 0.092
193.000 1.129 0.078
194.000 1.185 0.148
195.000 1.168 0.351
196.000 1.149 0.576
197.000 1.133 0.809
198.000 1.175 0.991
199.000 1.161 1.134
200.000 1.065 1.183
201.000 0.925 1.176
202.000 0.721 1.180
203.000 0.492 1.188
204.000 0.349 1.178
205.000 0.179 1.147
206.000 0.051 1.109
207.000 0.034 0.938
208.000 0.036 0.754
209.000 0.040 0.560
210.000 0.092 0.376
211.000 0.090 0.211
212.000 0.115 0.051
213.000 0.213 0.033
214.000 0.364 0.039
215.000 0.554 0.040
216.000 0.772 0.044
217.000 0.971 0.056
218.000 1.144 0.047
219.000 1.174 0.139
220.000 1.167 0.332
221.000 1.163 0.548
222.000 1.122 0.755
223.000 1.182 0.936
224.000 1.145 1.119
225.000 1.026 1.169
226.000 0.858 1.171
227.000 0.651 1.200
228.000 0.490 1.167
229.000 0.298 1.130
230.000 0.112 1.164
231.000 0.027 1.091
232.000 0.021 0.933
233.000 0.025 0.751
234.000 0.032 0.527
235.000 0.040 0.355
236.000 0.019 0.160
237.000 0.084 0.023
238.000 0.200 0.043
239.000 0.331 0.021
240.000 0.545 0.038
241.000 0.791 0.045
242.000 1.008 0.034
243.000 1.171 0.051
244.000 1.188 0.160
245.000 1.172 0.288
246.000 1.173 0.473
247.000 1.176 0.684
248.000 1.197 0.881
249.000 1.178 1.048
250.000 1.119 1.177
251.000 0.990 1.167
252.000 0.906 1.194
253.000 1.019 1.185
254.000 1.040 1.129
255.000 0.865 1.149
256.000 0.759 1.157
257.000 0.636 1.146
258.000 0.464 1.169
259.000 0.259 1.175
260.000 0.098 1.163
261.000 0.036 1.138
262.000 0.039 1.047
263.000 0.029 0.912
264.000 0.032 0.797
265.000 0.034 0.649
266.000 0.050 0.504
267.000 0.046 0.363
268.000 0.042 0.186
269.000 0.055 0.047
270.000 0.176 0.042
271.000 0.341 0.045
272.000 0.534 0.051
273.000 0.784 0.058
274.000 1.014 0.060
275.000 1.176 0.093
276.000 1.183 0.283
277.000 1.152 0.486
278.000 1.151 0.725
279.000 1.184 0.926
280.000 1.141 1.117
281.000 1.059 1.184
282.000 0.885 1.170
283.000 0.685 1.180
284.000 0.445 1.162
285.000 0.245 1.170
286.000 0.058 1.150
287.000 0.032 0.985
288.000 0.033 0.779
289.000 0.042 0.532
290.000 0.052 0.328
291.000 0.055 0.141
292.000 0.124 0.021
293.000 0.273 0.055
294.000 0.503 0.058
295.000 0.750 0.031
296.000 0.952 0.043
297.000 1.142 0.075
298.000 1.186 0.200
299.000 1.173 0.371
300.000 1.181 0.607
301.000 1.178 0.830
302.000 1.163 1.050
303.000 1.060 1.168
304.000 0.897 1.158
305.000 0.685 1.182
306.000 0.460 1.160
307.000 0.213 1.141
308.000 0.034 1.097
309.000 0.033 0.921
310.000 0.030 0.724
311.000 0.061 0.536
312.000 0.058 0.367
313.000 0.070 0.174
314.000 0.096 0.020
315.000 0.229 0.028
316.000 0.405 0.037
317.000 0.644 0.047
318.000 0.850 0.050
319.000 1.050 0.086
320.000 1.188 0.129
321.000 1.169 0.306
322.000 1.166 0.560
323.000 1.165 0.795
324.000 1.170 0.989
325.000 1.137 1.163
326.000 0.995 1.169
327.000 0.784 1.181
328.000 0.579 1.175
329.000 0.343 1.170
330.000 0.132 1.170
331.000 0.029 1.098
332.000 0.020 0.907
333.000 0.048 0.695
334.000 0.061 0.471
335.000 0.062 0.280
336.000 0.025 0.128
337.000 0.095 0.035
338.000 0.210 0.051
339.000 0.370 0.023
340.000 0.565 0.048
341.000 0.785 0.029
342.000 1.020 0.042
343.000 1.188 0.067
344.000 1.185 0.206
345.000 1.181 0.420
346.000 1.155 0.649
347.000 1.120 0.871
348.000 1.171 1.056
349.000 1.101 1.185
350.000 0.923 1.182
351.000 0.709 1.171
352.000 0.459 1.161
353.000 0.245 1.159
354.000 0.068 1.156
355.000 0.031 1.004
356.000 0.038 0.785
357.000 0.037 0.557
358.000 0.039 0.356
359.000 0.027 0.177
360.000 0.089 0.032
361.000 0.209 0.055
362.000 0.344 0.016
363.000 0.522 0.041
364.000 0.750 0.029
365.000 0.948 0.040
366.000 1.146 0.042
367.000 1.190 0.118
368.000 1.173 0.263
369.000 1.197 0.440
370.000 1.169 0.660
371.000 1.180 0.893
372.000 1.171 1.067
373.000 1.128 1.190
374.000 1.002 1.184
375.000 0.811 1.180
376.000 0.621 1.179
377.000 0.419 1.194
378.000 0.220 1.180
379.000 0.072 1.171
380.000 0.028 1.063
381.000 0.025 0.870
382.000 0.038 0.689
383.000 0.027 0.443
384.000 0.054 0.222
385.000 0.023 0.064
386.000 0.120 0.024
387.000 0.201 0.021
388.000 0.334 0.036
389.000 0.554 0.031
390.000 0.774 0.011
391.000 1.007 0.008
392.000 1.160 0.047
393.000 1.172 0.026
394.000 1.118 0.070
395.000 1.041 0.145
396.000 0.950 0.186
397.000 0.867 0.273
398.000 0.913 0.270
399.000 1.017 0.093
400.000 1.113 0.041
401.000 1.195 0.051
402.000 1.167 0.034
403.000 1.160 0.044
404.000 1.162 0.044
405.000 1.174 0.062
406.000 1.186 0.085
407.000 1.186 0.098
408.000 1.188 0.099
409.000 1.191 0.096
410.000 1.190 0.098
411.000 1.189 0.110
412.000 1.187 0.163
413.000 1.185 0.284
414.000 1.179 0.485
415.000 1.167 0.754
416.000 1.184 0.941
417.000 1.175 1.105
418.000 1.110 1.187
419.000 1.028 1.169
420.000 0.940 1.168
421.000 0.770 1.185
422.000 0.516 1.163
423.000 0.342 1.192
424.000 0.146 1.174
425.000 0.031 1.127
426.000 0.025 1.005
427.000 0.013 0.803
428.000 0.036 0.593
429.000 0.009 0.433
430.000 0.032 0.262
431.000 0.032 0.102
432.000 0.100 0.023
433.000 0.141 0.023
434.000 0.160 0.028
435.000 0.161 0.027
436.000 0.141 0.024
437.000 0.122 0.037
438.000 0.118 0.039
439.000 0.118 0.044
440.000 0.128 0.045
441.000 0.154 0.045
442.000 0.207 0.045
443.000 0.344 0.043
444.000 0.607 0.070
445.000 0.863 0.096
446.000 1.081 0.015
447.000 1.174 0.035
448.000 1.184 0.076
449.000 1.186 0.140
450.000 1.198 0.262
451.000 1.173 0.470
452.000 1.173 0.711
453.000 1.192 0.922
454.000 1.184 1.050
455.000 1.178 1.119
456.000 1.174 1.171
457.000 1.127 1.174
458.000 1.084 1.191
459.000 1.012 1.175
460.000 0.954 1.180
461.000 0.854 1.195
462.000 0.759 1.198
463.000 0.613 1.196
464.000 0.394 1.188
465.000 0.202 1.186
466.000 0.049 1.183
467.000 0.071 1.146
468.000 0.029 1.027
469.000 0.027 0.913
470.000 0.018 0.784
471.000 0.004 0.566
472.000 0.021 0.428
473.000 0.008 0.277
474.000 0.005 0.161
475.000 0.038 0.032
476.000 0.050 0.035
477.000 0.042 0.059
478.000 0.066 0.054
479.000 0.136 0.045
480.000 0.204 0.052
481.000 0.324 0.050
482.000 0.527 0.027
483.000 0.769 0.009
484.000 0.995 0.044
485.000 1.146 0.030
486.000 1.184 0.058
487.000 1.179 0.085
488.000 1.177 0.115
489.000 1.158 0.139
490.000 1.145 0.189
491.000 1.170 0.386
492.000 1.170 0.587
493.000 1.184 0.812
494.000 1.162 1.004
495.000 1.161 1.160
496.000 1.111 1.185
497.000 1.038 1.173
498.000 0.943 1.185
499.000 0.836 1.158
500.000 0.608 1.176
501.000 0.403 1.177
502.000 0.180 1.160
503.000 0.035 1.161
504.000 0.040 1.051
505.000 0.043 0.928
506.000 0.032 0.779
507.000 0.045 0.598
508.000 0.048 0.401
509.000 0.004 0.206
510.000 0.032 0.063
511.000 0.104 0.035
512.000 0.183 0.030
513.000 0.222 0.018
514.000 0.276 0.043
515.000 0.368 0.064
516.000 0.581 0.049
517.000 0.795 0.018
518.000 1.035 0.010
519.000 1.181 0.046
520.000 1.184 0.126
521.000 1.189 0.219
522.000 1.174 0.349
523.000 1.199 0.469
524.000 1.178 0.559
525.000 1.145 0.685
526.000 1.171 0.895
527.000 1.159 1.064
528.000 1.101 1.180
529.000 0.910 1.163
530.000 0.691 1.160
531.000 0.434 1.185
532.000 0.225 1.188
533.000 0.047 1.108
534.000 0.041 1.022
535.000 0.194 1.038
536.000 0.230 0.875
537.000 0.220 0.737
538.000 0.183 0.622
539.000 0.126 0.459
540.000 0.012 0.315
541.000 0.028 0.135
542.000 0.083 0.024
543.000 0.189 0.030
544.000 0.274 0.050
545.000 0.436 0.062
546.000 0.673 0.067
547.000 0.916 0.031
548.000 1.113 0.044
549.000 1.172 0.180
550.000 1.179 0.360
551.000 1.151 0.589
552.000 1.153 0.784
553.000 1.178 0.984
554.000 1.164 1.157
555.000 1.044 1.168
556.000 0.896 1.164
557.000 0.715 1.180
558.000 0.485 1.120
559.000 0.267 1.114
560.000 0.133 1.178
561.000 0.033 1.155
562.000 0.044 1.020
563.000 0.049 0.818
564.000 0.101 0.613
565.000 0.111 0.449
566.000 0.060 0.286
567.000 0.026 0.145
568.000 0.063 0.030
569.000 0.151 0.030
570.000 0.193 0.054
571.000 0.290 0.046
572.000 0.435 0.069
573.000 0.620 0.091
574.000 0.869 0.081
575.000 1.073 0.037
576.000 1.186 0.094
577.000 1.157 0.264
578.000 1.150 0.471
579.000 1.107 0.736
580.000 1.127 0.941
581.000 1.173 1.104
582.000 1.082 1.190
583.000 0.923 1.135
584.000 0.801 1.125
585.000 0.771 1.183
586.000 0.966 1.136
587.000 1.159 1.114
588.000 1.179 1.053
589.000 1.172 0.993
590.000 1.168 0.948
591.000 1.154 0.878
592.000 1.162 0.805
593.000 1.172 0.713
594.000 1.175 0.558
595.000 1.185 0.379
596.000 1.177 0.290
597.000 1.189 0.167
598.000 1.184 0.079
599.000 1.102 0.024
600.000 0.962 0.022
601.000 0.812 0.018
602.000 0.652 0.037
603.000 0.491 0.027
604.000 0.353 0.022
605.000 0.210 0.033
606.000 0.072 0.055
607.000 0.018 0.096
608.000 0.016 0.110
609.000 0.013 0.105
610.000 0.016 0.105
611.000 0.018 0.107
612.000 0.019 0.110
613.000 0.015 0.121
614.000 0.006 0.207
615.000 0.012 0.292
616.000 0.021 0.397
617.000 0.015 0.597
618.000 0.054 0.822
619.000 0.036 0.993
620.000 0.096 1.161
621.000 0.199 1.185
622.000 0.298 1.189
623.000 0.414 1.192
624.000 0.569 1.189
625.000 0.732 1.200
626.000 0.863 1.184
627.000 1.003 1.194
628.000 1.104 1.190
629.000 1.168 1.156
630.000 1.172 1.124
631.000 1.173 1.095
632.000 1.178 1.058
633.000 1.175 1.084
634.000 1.178 1.122
635.000 1.164 1.161
636.000 1.131 1.159
637.000 1.150 1.076
638.000 1.189 0.946
639.000 1.174 0.836
640.000 1.193 0.810
641.000 1.162 0.741
642.000 1.185 0.577
643.000 1.186 0.436
644.000 1.188 0.267
645.000 1.182 0.113
646.000 1.136 0.028
647.000 1.082 0.033
648.000 0.981 0.027
649.000 0.877 0.032
650.000 0.703 0.017
651.000 0.537 0.033
652.000 0.370 0.014
653.000 0.282 0.027
654.000 0.186 0.069
655.000 0.056 0.129
656.000 0.013 0.182
657.000 0.021 0.263
658.000 0.013 0.401
659.000 0.023 0.565
660.000 0.006 0.742
661.000 0.042 0.924
662.000 0.032 1.066
663.000 0.045 1.151
664.000 0.086 1.168
665.000 0.158 1.171
666.000 0.222 1.184
667.000 0.295 1.186
668.000 0.364 1.190
669.000 0.443 1.193
670.000 0.529 1.189
671.000 0.662 1.193
672.000 0.812 1.195
673.000 0.957 1.199
674.000 1.096 1.197
675.000 1.156 1.175
676.000 1.163 1.183
677.000 1.168 1.127
678.000 1.192 1.020
679.000 1.177 0.908
680.000 1.190 0.835
681.000 1.169 0.849
682.000 1.180 0.934
683.000 1.193 0.973
684.000 1.184 1.044
685.000 1.176 1.114
686.000 1.169 1.169
687.000 1.106 1.169
688.000 1.075 1.172
689.000 1.045 1.178
690.000 1.081 1.128
691.000 1.180 1.094
692.000 1.174 1.018
693.000 1.176 0.945
694.000 1.185 0.860
695.000 1.181 0.707
696.000 1.180 0.506
697.000 1.168 0.278
698.000 1.190 0.135
699.000 1.154 0.035
700.000 1.030 0.019
701.000 0.864 0.019
702.000 0.707 0.014
703.000 0.499 0.034
704.000 0.300 0.023
705.000 0.160 0.022
706.000 0.052 0.038
707.000 0.016 0.160
708.000 0.021 0.349
709.000 0.004 0.568
710.000 0.034 0.779
711.000 0.012 0.995
712.000 0.047 1.125
713.000 0.102 1.163
714.000 0.145 1.078
715.000 0.278 1.183
716.000 0.426 1.182
717.000 0.608 1.174
718.000 0.820 1.165
719.000 1.001 1.185
720.000 1.138 1.161
721.000 1.163 1.030
722.000 1.170 0.885
723.000 1.193 0.720
724.000 1.189 0.542
725.000 1.200 0.435
726.000 1.192 0.281
727.000 1.189 0.118
728.000 1.173 0.029
729.000 1.161 0.021
730.000 1.178 0.026
731.000 1.162 0.040
732.000 1.058 0.028
733.000 0.873 0.025
734.000 0.659 0.020
735.000 0.454 0.029
736.000 0.216 0.020
737.000 0.097 0.028
738.000 0.039 0.037
739.000 0.024 0.048
740.000 0.030 0.054
741.000 0.047 0.089
742.000 0.021 0.071
743.000 0.028 0.047
744.000 0.027 0.048
745.000 0.022 0.045
746.000 0.022 0.042
747.000 0.025 0.043
748.000 0.026 0.044
749.000 0.024 0.044
750.000 0.023 0.043
751.000 0.023 0.045
752.000 0.023 0.044
753.000 0.021 0.044
754.000 0.019 0.046
755.000 0.019 0.046
756.000 0.018 0.046
757.000 0.018 0.046
758.000 0.018 0.045
759.000 0.019 0.045
760.000 0.021 0.042
761.000 0.021 0.042
762.000 0.022 0.042
763.000 0.024 0.043
764.000 0.023 0.042
765.000 0.023 0.042
766.000 0.022 0.042
767.000 0.021 0.044
768.000 0.019 0.045
769.000 0.019 0.045
770.000 0.019 0.044
771.000 0.025 0.041
772.000 0.026 0.039
773.000 0.028 0.037
774.000 0.028 0.036
775.000 0.028 0.036
776.000 0.029 0.036
777.000 0.028 0.036
778.000 0.027 0.035
779.000 0.026 0.037
780.000 0.026 0.040
781.000 0.027 0.041
782.000 0.025 0.040
783.000 0.026 0.039
784.000 0.027 0.037
785.000 0.028 0.037
786.000 0.028 0.036
787.000 0.029 0.034
788.000 0.028 0.033
789.000 0.029 0.033
790.000 0.030 0.034
791.000 0.029 0.034
792.000 0.028 0.035
793.000 0.029 0.035
794.000 0.028 0.036
795.000 0.027 0.035
796.000 0.026 0.036
797.000 0.028 0.034
798.000 0.027 0.034
799.000 0.029 0.033
800.000 0.030 0.033
801.000 0.032 0.032
802.000 0.032 0.030
803.000 0.031 0.030
804.000 0.031 0.032
805.000 0.031 0.031
806.000 0.030 0.032
807.000 0.030 0.032
808.000 0.029 0.032
809.000 0.029 0.033
810.000 0.029 0.032
811.000 0.027 0.033
812.000 0.027 0.034
813.000 0.028 0.036
814.000 0.028 0.037
815.000 0.028 0.038
816.000 0.025 0.039
817.000 0.027 0.052
818.000 0.028 0.054
819.000 0.024 0.052
820.000 0.022 0.052
821.000 0.020 0.050
822.000 0.021 0.048
823.000 0.021 0.048
824.000 0.022 0.048
825.000 0.024 0.046
826.000 0.025 0.044
827.000 0.027 0.042
828.000 0.026 0.041
829.000 0.027 0.041
830.000 0.028 0.042
831.000 0.028 0.041
832.000 0.028 0.041
833.000 0.028 0.040
834.000 0.027 0.039
835.000 0.026 0.037
836.000 0.026 0.036
837.000 0.026 0.036
838.000 0.026 0.037
839.000 0.024 0.040
840.000 0.023 0.058
841.000 0.017 0.075
842.000 0.015 0.132
843.000 0.019 0.171
844.000 0.009 0.306
845.000 0.035 0.243
846.000 0.033 0.085
847.000 0.043 0.029
848.000 0.080 0.034
849.000 0.086 0.056
850.000 0.058 0.066
851.000 0.025 0.048
852.000 0.030 0.037
853.000 0.028 0.036
854.000 0.029 0.035
855.000 0.029 0.035
856.000 0.029 0.034
857.000 0.029 0.033
858.000 0.029 0.034
859.000 0.030 0.035
860.000 0.028 0.035
861.000 0.026 0.035
862.000 0.024 0.040
863.000 0.020 0.044
864.000 0.019 0.050
865.000 0.018 0.050
866.000 0.017 0.048
867.000 0.019 0.049
868.000 0.019 0.047
869.000 0.021 0.046
870.000 0.020 0.045
871.000 0.022 0.045
872.000 0.023 0.044
873.000 0.024 0.043
874.000 0.024 0.042
875.000 0.024 0.041
876.000 0.026 0.040
877.000 0.027 0.039
878.000 0.028 0.038
879.000 0.029 0.037
880.000 0.030 0.035
881.000 0.032 0.033
882.000 0.032 0.032
883.000 0.033 0.031
884.000 0.033 0.031
885.000 0.030 0.032
886.000 0.029 0.032
887.000 0.031 0.034
888.000 0.030 0.034
889.000 0.030 0.034
890.000 0.031 0.034
891.000 0.030 0.034
892.000 0.030 0.035
893.000 0.028 0.034
894.000 0.036 0.043
895.000 0.038 0.044
896.000 0.037 0.044
897.000 0.034 0.042
898.000 0.033 0.042
899.000 0.031 0.040
900.000 0.029 0.039
901.000 0.029 0.039
902.000 0.030 0.040
903.000 0.029 0.040
904.000 0.029 0.040
905.000 0.032 0.040
906.000 0.031 0.040
907.000 0.030 0.040
908.000 0.028 0.038
909.000 0.029 0.037
910.000 0.029 0.037
911.000 0.028 0.038
912.000 0.029 0.042
913.000 0.044 0.046
914.000 0.067 0.047
915.000 0.076 0.084
916.000 0.011 0.239
917.000 0.039 0.375
918.000 0.018 0.557
919.000 0.051 0.482
920.000 0.048 0.427
921.000 0.017 0.347
922.000 0.022 0.294
923.000 0.023 0.160
924.000 0.025 0.054
925.000 0.060 0.028
926.000 0.067 0.033
927.000 0.064 0.034
928.000 0.056 0.035
929.000 0.039 0.046
930.000 0.040 0.030
931.000 0.044 0.031
932.000 0.041 0.031
933.000 0.040 0.031
934.000 0.039 0.032
935.000 0.038 0.031
936.000 0.037 0.031
937.000 0.035 0.033
938.000 0.033 0.033
939.000 0.031 0.033
940.000 0.032 0.034
941.000 0.032 0.035
942.000 0.031 0.033
943.000 0.029 0.032
944.000 0.029 0.033
945.000 0.030 0.033
946.000 0.028 0.034
947.000 0.026 0.036
948.000 0.027 0.038
949.000 0.027 0.039
950.000 0.026 0.039
951.000 0.027 0.039
952.000 0.027 0.038
953.000 0.027 0.039
954.000 0.027 0.038
955.000 0.027 0.038
956.000 0.027 0.036
957.000 0.029 0.037
958.000 0.029 0.037
959.000 0.027 0.036
960.000 0.028 0.036
961.000 0.028 0.038
962.000 0.032 0.049
963.000 0.028 0.049
964.000 0.026 0.046
965.000 0.025 0.051
966.000 0.025 0.061
967.000 0.021 0.059
968.000 0.017 0.056
969.000 0.019 0.055
970.000 0.021 0.056
971.000 0.022 0.052
972.000 0.026 0.049
973.000 0.028 0.046
974.000 0.031 0.043
975.000 0.032 0.041
976.000 0.033 0.041
977.000 0.032 0.039
978.000 0.032 0.043
979.000 0.038 0.048
980.000 0.043 0.046
981.000 0.053 0.050
982.000 0.053 0.057
983.000 0.042 0.076
984.000 0.030 0.039
985.000 0.041 0.032
986.000 0.041 0.032
987.000 0.040 0.032
988.000 0.040 0.033
989.000 0.039 0.033
990.000 0.038 0.033
991.000 0.036 0.035
992.000 0.036 0.035
993.000 0.036 0.034
994.000 0.036 0.033
995.000 0.034 0.032
996.000 0.035 0.032
997.000 0.034 0.031
998.000 0.034 0.032
999.000 0.033 0.032
1000.000 0.034 0.032
1001.000 0.037 0.034
1002.000 0.079 0.065
1003.000 0.096 0.149
1004.000 0.030 0.230
1005.000 0.031 0.330
1006.000 0.015 0.474
1007.000 0.030 0.636
1008.000 0.024 0.861
1009.000 0.049 1.094
1010.000 0.130 1.167
1011.000 0.284 1.178
1012.000 0.501 1.190
1013.000 0.725 1.192
1014.000 0.948 1.181
1015.000 1.157 1.145
1016.000 1.179 1.067
1017.000 1.171 1.043
1018.000 1.167 0.993
1019.000 1.193 0.874
1020.000 1.193 0.743
1021.000 1.188 0.520
1022.000 1.191 0.276
1023.000 1.183 0.084
1024.000 1.163 0.034
1025.000 1.052 0.109
1026.000 0.977 0.155
1027.000 0.890 0.074
1028.000 0.744 0.040
1029.000 0.505 0.036
1030.000 0.283 0.026
1031.000 0.082 0.027
1032.000 0.024 0.080
1033.000 0.024 0.170
1034.000 0.003 0.301
1035.000 0.014 0.411
1036.000 0.016 0.628
1037.000 0.023 0.884
1038.000 0.022 1.075
1039.000 0.024 1.165
1040.000 0.046 1.173
1041.000 0.102 1.172
1042.000 0.232 1.180
1043.000 0.397 1.192
1044.000 0.621 1.181
1045.000 0.797 1.192
1046.000 1.001 1.181
1047.000 1.147 1.185
1048.000 1.172 1.163
1049.000 1.164 1.177
1050.000 1.166 1.173
1051.000 1.158 1.166
1052.000 1.150 1.108
1053.000 1.177 1.073
1054.000 1.174 1.014
1055.000 1.181 0.948
1056.000 1.186 0.855
1057.000 1.184 0.666
1058.000 1.175 0.409
1059.000 1.187 0.147
1060.000 1.183 0.027
1061.000 1.153 0.076
1062.000 1.076 0.122
1063.000 1.061 0.142
1064.000 1.184 0.121
1065.000 1.181 0.035
1066.000 1.179 0.038
1067.000 1.172 0.040
1068.000 1.165 0.041
1069.000 1.166 0.037
1070.000 1.168 0.035
1071.000 1.170 0.036
1072.000 1.171 0.039
1073.000 1.171 0.045
1074.000 1.170 0.051
1075.000 1.168 0.056
1076.000 1.125 0.048
1077.000 0.938 0.040
1078.000 0.673 0.026
1079.000 0.374 0.026
1080.000 0.123 0.039
1081.000 0.022 0.051
1082.000 0.032 0.033
1083.000 0.031 0.034
1084.000 0.029 0.032
1085.000 0.028 0.033
1086.000 0.028 0.033
1087.000 0.029 0.033
1088.000 0.029 0.034
1089.000 0.028 0.033
1090.000 0.029 0.033
1091.000 0.028 0.032
1092.000 0.028 0.032
1093.000 0.028 0.033
1094.000 0.028 0.033
1095.000 0.029 0.032
1096.000 0.028 0.033
1097.000 0.029 0.033
1098.000 0.028 0.034
1099.000 0.028 0.034
1100.000 0.033 0.039
1101.000 0.030 0.037
1102.000 0.052 0.067
1103.000 0.039 0.121
1104.000 0.019 0.234
1105.000 0.023 0.428
1106.000 0.029 0.697
1107.000 0.016 0.919
1108.000 0.031 1.102
1109.000 0.027 1.175
1110.000 0.045 1.169
1111.000 0.037 1.160
1112.000 0.035 1.141
1113.000 0.086 1.111
1114.000 0.140 1.171
1115.000 0.199 1.177
1116.000 0.271 1.159
1117.000 0.495 1.189
1118.000 0.749 1.174
1119.000 1.021 1.173
1120.000 1.165 1.143
1121.000 1.148 1.141
1122.000 1.108 1.178
1123.000 1.083 1.178
1124.000 1.075 1.170
1125.000 1.123 1.116
1126.000 1.180 1.049
1127.000 1.164 0.982
1128.000 1.184 0.820
1129.000 1.171 0.553
1130.000 1.164 0.334
1131.000 1.193 0.122
1132.000 1.189 0.037
1133.000 1.185 0.060
1134.000 1.139 0.052
1135.000 0.990 0.032
1136.000 0.761 0.045
1137.000 0.459 0.027
1138.000 0.222 0.017
1139.000 0.069 0.035
1140.000 0.027 0.090
1141.000 0.019 0.182
1142.000 0.012 0.364
1143.000 0.015 0.606
1144.000 0.026 0.915
1145.000 0.036 1.139
1146.000 0.024 1.157
1147.000 0.034 1.157
1148.000 0.102 1.179
1149.000 0.112 1.186
1150.000 0.083 1.178
1151.000 0.036 1.170
1152.000 0.035 1.155
1153.000 0.039 1.148
1154.000 0.040 1.140
1155.000 0.191 1.135
1156.000 0.377 1.164
1157.000 0.607 1.177
1158.000 0.856 1.173
1159.000 1.045 1.185
1160.000 1.164 1.170
1161.000 1.161 1.130
1162.000 1.174 1.040
1163.000 1.200 0.900
1164.000 1.174 0.729
1165.000 1.198 0.504
1166.000 1.196 0.297
1167.000 1.190 0.150
1168.000 1.185 0.032
1169.000 1.114 0.033
1170.000 1.011 0.024
1171.000 0.740 0.045
1172.000 0.442 0.048
1173.000 0.236 0.033
1174.000 0.053 0.037
1175.000 0.064 0.027
1176.000 0.079 0.029
1177.000 0.039 0.054
1178.000 0.023 0.154
1179.000 0.025 0.241
1180.000 0.020 0.387
1181.000 0.026 0.626
1182.000 0.018 0.890
1183.000 0.023 1.098
1184.000 0.057 1.170
1185.000 0.040 1.155
1186.000 0.028 1.165
1187.000 0.053 1.175
1188.000 0.081 1.147
1189.000 0.132 1.150
1190.000 0.330 1.180
1191.000 0.533 1.180
1192.000 0.762 1.184
1193.000 1.019 1.190
1194.000 1.167 1.167
1195.000 1.160 1.118
1196.000 1.163 1.034
1197.000 1.192 0.902
1198.000 1.165 0.791
1199.000 1.169 0.523
1200.000 1.200 0.284
1201.000 1.192 0.118
1202.000 1.188 0.056
1203.000 1.168 0.073
1204.000 1.112 0.034
1205.000 1.005 0.027
1206.000 0.858 0.021
1207.000 0.623 0.028
1208.000 0.395 0.029
1209.000 0.185 0.018
1210.000 0.045 0.067
1211.000 0.019 0.162
1212.000 0.005 0.261
1213.000 0.016 0.391
1214.000 0.026 0.533
1215.000 0.017 0.820
1216.000 0.041 1.036
1217.000 0.028 1.157
1218.000 0.027 1.151
1219.000 0.106 1.165
1220.000 0.261 1.173
1221.000 0.452 1.191
1222.000 0.702 1.187
1223.000 0.925 1.170
1224.000 1.086 1.184
1225.000 1.159 1.148
1226.000 1.170 1.022
1227.000 1.200 0.854
1228.000 1.178 0.665
1229.000 1.189 0.446
1230.000 1.200 0.234
1231.000 1.177 0.126
1232.000 1.169 0.041
1233.000 1.048 0.038
1234.000 0.853 0.041
1235.000 0.595 0.045
1236.000 0.334 0.015
1237.000 0.173 0.016
1238.000 0.088 0.027
1239.000 0.042 0.035
1240.000 0.022 0.069
1241.000 0.022 0.076
1242.000 0.032 0.089
1243.000 0.043 0.035
1244.000 0.048 0.034
1245.000 0.045 0.033
1246.000 0.046 0.032
1247.000 0.043 0.032
1248.000 0.042 0.032
1249.000 0.039 0.031
1250.000 0.038 0.031
1251.000 0.036 0.031
1252.000 0.035 0.030
1253.000 0.034 0.029
1254.000 0.034 0.030
1255.000 0.031 0.030
1256.000 0.031 0.030
1257.000 0.031 0.030
1258.000 0.031 0.029
1259.000 0.031 0.030
1260.000 0.031 0.029
1261.000 0.029 0.030
1262.000 0.029 0.030
1263.000 0.032 0.032
1264.000 0.034 0.033
1265.000 0.033 0.033
1266.000 0.041 0.037
1267.000 0.034 0.035
1268.000 0.031 0.034
1269.000 0.028 0.032
1270.000 0.028 0.033
1271.000 0.028 0.033
1272.000 0.029 0.032
1273.000 0.029 0.033
1274.000 0.029 0.033
1275.000 0.033 0.035
1276.000 0.031 0.036
1277.000 0.032 0.038
1278.000 0.031 0.037
1279.000 0.032 0.035
1280.000 0.033 0.034
1281.000 0.034 0.036
1282.000 0.031 0.036
1283.000 0.034 0.040
1284.000 0.032 0.038
1285.000 0.031 0.037
1286.000 0.027 0.036
1287.000 0.030 0.039
1288.000 0.030 0.038
1289.000 0.032 0.040
1290.000 0.034 0.041
1291.000 0.034 0.041
1292.000 0.034 0.039
1293.000 0.035 0.038
1294.000 0.038 0.038
1295.000 0.040 0.037
1296.000 0.039 0.038
1297.000 0.040 0.037
1298.000 0.039 0.034
1299.000 0.038 0.034
1300.000 0.040 0.038
1301.000 0.043 0.042
1302.000 0.040 0.038
1303.000 0.039 0.038
1304.000 0.036 0.038
1305.000 0.031 0.037
1306.000 0.029 0.037
1307.000 0.027 0.036
1308.000 0.026 0.035
1309.000 0.026 0.035
1310.000 0.027 0.035
1311.000 0.026 0.036
1312.000 0.023 0.035
1313.000 0.024 0.038
1314.000 0.026 0.038
1315.000 0.028 0.036
1316.000 0.029 0.037
1317.000 0.031 0.042
1318.000 0.030 0.044
1319.000 0.029 0.042
1320.000 0.027 0.042
1321.000 0.025 0.041
1322.000 0.025 0.041
1323.000 0.025 0.040
1324.000 0.026 0.037
1325.000 0.025 0.035
1326.000 0.024 0.035
1327.000 0.026 0.037
1328.000 0.026 0.035
1329.000 0.026 0.034
1330.000 0.026 0.035
1331.000 0.027 0.036
1332.000 0.026 0.037
1333.000 0.025 0.039
1334.000 0.023 0.042
1335.000 0.016 0.047
1336.000 0.015 0.069
1337.000 0.012 0.074
1338.000 0.011 0.076
1339.000 0.018 0.076
1340.000 0.020 0.078
1341.000 0.019 0.078
1342.000 0.018 0.078
1343.000 0.017 0.078
1344.000 0.017 0.078
1345.000 0.018 0.075
1346.000 0.019 0.073
1347.000 0.019 0.070
1348.000 0.021 0.067
1349.000 0.021 0.066
1350.000 0.021 0.065
1351.000 0.023 0.064
1352.000 0.022 0.061
1353.000 0.024 0.060
1354.000 0.024 0.059
1355.000 0.026 0.057
1356.000 0.026 0.054
1357.000 0.028 0.055
1358.000 0.029 0.054
1359.000 0.029 0.054
1360.000 0.030 0.054
1361.000 0.030 0.054
1362.000 0.027 0.054
1363.000 0.025 0.052
1364.000 0.029 0.051
1365.000 0.031 0.052
1366.000 0.032 0.052
1367.000 0.030 0.050
1368.000 0.031 0.049
1369.000 0.030 0.048
1370.000 0.030 0.049
1371.000 0.028 0.047
1372.000 0.029 0.048
1373.000 0.030 0.047
1374.000 0.030 0.046
1375.000 0.029 0.043
1376.000 0.028 0.039
1377.000 0.029 0.039
1378.000 0.027 0.039
1379.000 0.029 0.039
1380.000 0.033 0.041
1381.000 0.035 0.041
1382.000 0.036 0.044
1383.000 0.034 0.046
1384.000 0.034 0.051
1385.000 0.037 0.055
1386.000 0.040 0.055
1387.000 0.037 0.050
1388.000 0.039 0.044
1389.000 0.046 0.035
1390.000 0.054 0.033
1391.000 0.059 0.034
1392.000 0.061 0.033
1393.000 0.064 0.033
1394.000 0.066 0.031
1395.000 0.066 0.032
1396.000 0.065 0.032
1397.000 0.064 0.032
1398.000 0.064 0.033
1399.000 0.064 0.033
1400.000 0.062 0.033
1401.000 0.061 0.034
1402.000 0.061 0.032
1403.000 0.060 0.034
1404.000 0.059 0.035
1405.000 0.056 0.036
1406.000 0.054 0.039
1407.000 0.049 0.041
1408.000 0.033 0.045
1409.000 0.034 0.030
1410.000 0.037 0.032
1411.000 0.036 0.031
1412.000 0.036 0.032
1413.000 0.034 0.033
1414.000 0.032 0.032
1415.000 0.032 0.034
1416.000 0.033 0.034
1417.000 0.033 0.035
1418.000 0.031 0.036
1419.000 0.032 0.036
1420.000 0.032 0.036
1421.000 0.032 0.037
1422.000 0.032 0.036
1423.000 0.031 0.034
1424.000 0.030 0.034
1425.000 0.029 0.034
1426.000 0.030 0.035
1427.000 0.027 0.036
1428.000 0.025 0.036
1429.000 0.025 0.035
1430.000 0.027 0.036
1431.000 0.026 0.036
1432.000 0.030 0.039
1433.000 0.030 0.038
1434.000 0.031 0.037
1435.000 0.031 0.038
1436.000 0.033 0.044
1437.000 0.036 0.050
1438.000 0.044 0.055
1439.000 0.046 0.058
1440.000 0.047 0.062
1441.000 0.059 0.062
1442.000 0.129 0.080
1443.000 0.307 0.017
1444.000 0.458 0.046
1445.000 0.793 0.018
1446.000 1.098 0.026
1447.000 1.177 0.023
1448.000 1.171 0.027
1449.000 1.149 0.125
1450.000 1.191 0.321
1451.000 1.173 0.548
1452.000 1.177 0.820
1453.000 1.164 1.063
1454.000 1.119 1.187
1455.000 1.096 1.183
1456.000 1.037 1.176
1457.000 0.909 1.171
1458.000 0.755 1.178
1459.000 0.758 1.187
1460.000 0.899 1.176
1461.000 1.020 1.182
1462.000 1.109 1.193
1463.000 1.148 1.182
1464.000 1.162 1.182
1465.000 1.156 1.181
1466.000 1.143 1.166
1467.000 1.142 1.166
1468.000 1.133 1.165
1469.000 1.113 1.167
1470.000 1.051 1.185
1471.000 1.035 1.180
1472.000 1.035 1.181
1473.000 1.039 1.185
1474.000 1.043 1.186
1475.000 1.047 1.186
1476.000 1.047 1.186
1477.000 1.052 1.187
1478.000 1.056 1.188
1479.000 1.059 1.188
1480.000 1.062 1.190
1481.000 1.063 1.189
1482.000 1.061 1.187
1483.000 1.065 1.189
1484.000 1.063 1.185
1485.000 1.066 1.187
1486.000 1.067 1.187
1487.000 1.068 1.186
1488.000 1.070 1.187
1489.000 1.072 1.187
1490.000 1.075 1.186
1491.000 1.077 1.186
1492.000 1.079 1.186
1493.000 1.083 1.189
1494.000 1.085 1.189
1495.000 1.086 1.189
1496.000 1.084 1.190
1497.000 1.082 1.191
1498.000 1.080 1.189
1499.000 1.080 1.187
1500.000 1.080 1.189
1501.000 1.080 1.189
1502.000 1.079 1.187
1503.000 1.076 1.185
1504.000 1.076 1.187
1505.000 1.075 1.187
1506.000 1.060 1.179
1507.000 1.054 1.179
1508.000 1.005 1.153
1509.000 0.985 1.200
1510.000 1.032 1.193
1511.000 1.033 1.179
1512.000 1.031 1.181
1513.000 1.031 1.183
1514.000 1.027 1.183
1515.000 1.026 1.183
1516.000 1.026 1.182
1517.000 1.025 1.182
1518.000 1.025 1.183
1519.000 1.026 1.184
1520.000 1.028 1.186
1521.000 1.031 1.186
1522.000 1.032 1.187
1523.000 1.033 1.187
1524.000 1.034 1.187
1525.000 1.035 1.187
1526.000 1.037 1.188
1527.000 1.038 1.187
1528.000 1.037 1.188
1529.000 1.038 1.190
1530.000 1.037 1.188
1531.000 1.036 1.186
1532.000 1.034 1.184
1533.000 1.032 1.184
1534.000 1.028 1.183
1535.000 1.029 1.184
1536.000 1.030 1.184
1537.000 1.031 1.182
1538.000 1.033 1.181
1539.000 1.034 1.181
1540.000 1.034 1.182
1541.000 1.034 1.181
1542.000 1.035 1.181
1543.000 1.034 1.180
1544.000 1.029 1.176
1545.000 1.028 1.178
1546.000 1.031 1.179
1547.000 1.032 1.179
1548.000 1.034 1.181
1549.000 1.030 1.178
1550.000 1.030 1.177
1551.000 1.031 1.176
1552.000 1.030 1.175
1553.000 1.032 1.177
1554.000 1.031 1.177
1555.000 1.025 1.176
1556.000 1.021 1.171
1557.000 1.021 1.172
1558.000 1.016 1.170
1559.000 1.011 1.171
1560.000 1.021 1.184
1561.000 1.113 1.182
1562.000 1.151 1.177
1563.000 1.168 1.154
1564.000 1.169 1.139
1565.000 1.170 1.120
1566.000 1.167 1.115
1567.000 1.169 1.118
1568.000 1.170 1.118
1569.000 1.165 1.117
1570.000 1.165 1.118
1571.000 1.164 1.118
1572.000 1.164 1.119
1573.000 1.166 1.120
1574.000 1.164 1.121
1575.000 1.164 1.123
1576.000 1.164 1.125
1577.000 1.163 1.126
1578.000 1.164 1.128
1579.000 1.163 1.129
1580.000 1.162 1.131
1581.000 1.156 1.129
1582.000 1.139 1.128
1583.000 1.137 1.105
1584.000 1.130 1.083
1585.000 1.151 1.183
1586.000 1.132 1.172
1587.000 1.124 1.165
1588.000 1.107 1.145
1589.000 1.124 1.110
1590.000 1.171 1.151
1591.000 1.156 1.176
1592.000 1.152 1.176
1593.000 1.155 1.177
1594.000 1.154 1.176
1595.000 1.154 1.175
1596.000 1.155 1.175
1597.000 1.158 1.177
1598.000 1.160 1.176
1599.000 1.160 1.176
1600.000 1.161 1.177
1601.000 1.161 1.178
1602.000 1.160 1.179
1603.000 1.160 1.179
1604.000 1.161 1.179
1605.000 1.161 1.178
1606.000 1.162 1.178
1607.000 1.161 1.177
1608.000 1.162 1.176
1609.000 1.163 1.177
1610.000 1.164 1.176
1611.000 1.163 1.175
1612.000 1.164 1.175
1613.000 1.165 1.174
1614.000 1.166 1.173
1615.000 1.166 1.171
1616.000 1.165 1.171
1617.000 1.165 1.170
1618.000 1.165 1.169
1619.000 1.166 1.170
1620.000 1.167 1.168
1621.000 1.166 1.169
1622.000 1.165 1.168
1623.000 1.165 1.167
1624.000 1.166 1.169
1625.000 1.167 1.167
1626.000 1.166 1.167
1627.000 1.167 1.168
1628.000 1.166 1.169
1629.000 1.166 1.169
1630.000 1.166 1.168
1631.000 1.167 1.169
1632.000 1.167 1.168
1633.000 1.168 1.168
1634.000 1.167 1.169
1635.000 1.166 1.170
1636.000 1.165 1.172
1637.000 1.164 1.173
1638.000 1.165 1.174
1639.000 1.165 1.173
1640.000 1.165 1.170
1641.000 1.166 1.172
1642.000 1.166 1.172
1643.000 1.165 1.172
1644.000 1.165 1.171
1645.000 1.165 1.170
1646.000 1.167 1.171
1647.000 1.167 1.169
1648.000 1.166 1.169
1649.000 1.166 1.169
1650.000 1.166 1.171
1651.000 1.166 1.171
1652.000 1.165 1.171
1653.000 1.165 1.172
1654.000 1.165 1.173
1655.000 1.166 1.174
1656.000 1.164 1.175
1657.000 1.164 1.177
1658.000 1.164 1.178
1659.000 1.164 1.177
1660.000 1.165 1.174
1661.000 1.166 1.172
1662.000 1.165 1.172
1663.000 1.164 1.172
1664.000 1.161 1.170
1665.000 1.160 1.170
1666.000 1.159 1.170
1667.000 1.160 1.170
1668.000 1.158 1.170
1669.000 1.159 1.172
1670.000 1.158 1.172
1671.000 1.159 1.172
1672.000 1.160 1.174
1673.000 1.160 1.177
1674.000 1.162 1.179
1675.000 1.162 1.178
1676.000 1.162 1.178
1677.000 1.163 1.179
1678.000 1.161 1.179
1679.000 1.159 1.176
1680.000 1.160 1.174
1681.000 1.162 1.173
1682.000 1.158 1.171
1683.000 1.155 1.169
1684.000 1.148 1.165
1685.000 1.148 1.164
1686.000 1.147 1.156
1687.000 1.146 1.151
1688.000 1.142 1.161
1689.000 1.128 1.172
1690.000 1.113 1.167
1691.000 1.112 1.169
1692.000 1.164 1.177
1693.000 1.168 1.155
1694.000 1.167 1.153
1695.000 1.166 1.152
1696.000 1.166 1.152
1697.000 1.161 1.149
1698.000 1.152 1.142
1699.000 1.145 1.152
1700.000 1.134 1.182
1701.000 1.133 1.178
1702.000 1.133 1.174
1703.000 1.130 1.170
1704.000 1.131 1.169
1705.000 1.124 1.166
1706.000 1.117 1.163
1707.000 1.118 1.163
1708.000 1.117 1.165
1709.000 1.113 1.166
1710.000 1.109 1.165
1711.000 1.099 1.167
1712.000 1.072 1.164
1713.000 1.060 1.151
1714.000 1.079 1.187
1715.000 1.171 1.153
1716.000 1.170 1.128
1717.000 1.171 1.124
1718.000 1.170 1.122
1719.000 1.171 1.122
1720.000 1.170 1.121
1721.000 1.170 1.121
1722.000 1.170 1.120
1723.000 1.170 1.120
1724.000 1.171 1.119
1725.000 1.171 1.119
1726.000 1.172 1.120
1727.000 1.172 1.121
1728.000 1.172 1.122
1729.000 1.172 1.123
1730.000 1.173 1.124
1731.000 1.173 1.125
1732.000 1.172 1.125
1733.000 1.173 1.125
1734.000 1.173 1.127
1735.000 1.170 1.128
1736.000 1.171 1.129
1737.000 1.172 1.131
1738.000 1.174 1.134
1739.000 1.172 1.136
1740.000 1.171 1.137
1741.000 1.172 1.138
1742.000 1.175 1.137
1743.000 1.176 1.137
1744.000 1.177 1.139
1745.000 1.177 1.140
1746.000 1.176 1.140
1747.000 1.175 1.140
1748.000 1.175 1.139
1749.000 1.178 1.142
1750.000 1.177 1.143
1751.000 1.177 1.144
1752.000 1.170 1.148
1753.000 1.167 1.151
1754.000 1.166 1.158
1755.000 1.160 1.168
1756.000 1.158 1.170
1757.000 1.158 1.171
1758.000 1.159 1.172
1759.000 1.160 1.173
1760.000 1.161 1.174
1761.000 1.162 1.176
1762.000 1.164 1.177
1763.000 1.165 1.177
1764.000 1.166 1.177
1765.000 1.166 1.177
1766.000 1.168 1.176
1767.000 1.167 1.172
1768.000 1.170 1.157
1769.000 1.174 1.147
1770.000 1.174 1.140
1771.000 1.176 1.141
1772.000 1.176 1.141
1773.000 1.174 1.139
1774.000 1.176 1.139
1775.000 1.177 1.142
1776.000 1.178 1.144
1777.000 1.177 1.146
1778.000 1.178 1.147
1779.000 1.178 1.148
1780.000 1.176 1.150
1781.000 1.175 1.151
1782.000 1.174 1.150
1783.000 1.172 1.151
1784.000 1.172 1.153
1785.000 1.171 1.155
1786.000 1.171 1.156
1787.000 1.171 1.156
1788.000 1.171 1.155
1789.000 1.171 1.156
1790.000 1.169 1.158
1791.000 1.167 1.159
1792.000 1.166 1.160
1793.000 1.166 1.160
1794.000 1.168 1.159
1795.000 1.166 1.159
1796.000 1.165 1.159
1797.000 1.160 1.154
1798.000 1.161 1.150
1799.000 1.161 1.148
1800.000 1.159 1.145
1801.000 1.161 1.144
1802.000 1.161 1.142
1803.000 1.161 1.140
1804.000 1.141 1.137
1805.000 1.140 1.134
1806.000 1.140 1.110
1807.000 1.129 1.158
1808.000 1.123 1.176
1809.000 1.166 1.178
1810.000 1.157 1.181
1811.000 1.159 1.181
1812.000 1.160 1.180
1813.000 1.162 1.179
1814.000 1.162 1.177
1815.000 1.164 1.177
1816.000 1.164 1.176
1817.000 1.164 1.175
1818.000 1.165 1.175
1819.000 1.165 1.174
1820.000 1.165 1.176
1821.000 1.164 1.176
1822.000 1.163 1.175
1823.000 1.162 1.175
1824.000 1.162 1.177
1825.000 1.161 1.177
1826.000 1.161 1.179
1827.000 1.161 1.178
1828.000 1.160 1.179
1829.000 1.160 1.179
1830.000 1.156 1.177
1831.000 1.154 1.176
1832.000 1.152 1.175
1833.000 1.147 1.175
1834.000 1.145 1.176
1835.000 1.128 1.162
1836.000 1.105 1.167
1837.000 1.084 1.164
1838.000 1.099 1.183
1839.000 1.065 1.174
1840.000 1.015 1.160
1841.000 0.910 1.176
1842.000 0.675 1.196
1843.000 0.342 1.174
1844.000 0.058 1.175
1845.000 0.034 1.174
1846.000 0.038 1.166
1847.000 0.031 1.162
1848.000 0.023 1.147
1849.000 0.026 1.111
1850.000 0.043 1.021
1851.000 0.014 0.804
1852.000 0.013 0.485
1853.000 0.024 0.162
1854.000 0.057 0.026
1855.000 0.070 0.030
1856.000 0.071 0.028
1857.000 0.070 0.026
1858.000 0.069 0.026
1859.000 0.068 0.026
1860.000 0.097 0.030
1861.000 0.160 0.022
1862.000 0.257 0.042
1863.000 0.565 0.036
1864.000 0.892 0.024
1865.000 1.136 0.027
1866.000 1.187 0.041
1867.000 1.188 0.048
1868.000 1.180 0.040
1869.000 1.168 0.035
1870.000 1.173 0.036
1871.000 1.181 0.039
1872.000 1.172 0.029
1873.000 1.176 0.029
1874.000 1.177 0.030
1875.000 1.179 0.033
1876.000 1.182 0.034
1877.000 1.183 0.036
1878.000 1.184 0.036
1879.000 1.183 0.037
1880.000 1.183 0.036
1881.000 1.184 0.036
1882.000 1.183 0.036
1883.000 1.183 0.036
1884.000 1.184 0.036
1885.000 1.184 0.037
1886.000 1.184 0.037
1887.000 1.185 0.038
1888.000 1.186 0.039
1889.000 1.186 0.039
1890.000 1.187 0.039
1891.000 1.187 0.040
1892.000 1.188 0.039
1893.000 1.187 0.040
1894.000 1.187 0.039
1895.000 1.187 0.039
1896.000 1.187 0.038
1897.000 1.186 0.039
1898.000 1.185 0.038
1899.000 1.186 0.038
1900.000 1.186 0.038
1901.000 1.186 0.037
1902.000 1.186 0.037
1903.000 1.185 0.037
1904.000 1.187 0.038
1905.000 1.187 0.037
1906.000 1.184 0.037
1907.000 1.184 0.036
1908.000 1.184 0.037
1909.000 1.184 0.037
1910.000 1.184 0.037
1911.000 1.185 0.037
1912.000 1.185 0.037
1913.000 1.184 0.038
1914.000 1.185 0.038
1915.000 1.185 0.035
1916.000 1.186 0.036
1917.000 1.186 0.034
1918.000 1.187 0.033
1919.000 1.188 0.033
1920.000 1.186 0.035
1921.000 1.187 0.037
1922.000 1.186 0.039
1923.000 1.187 0.039
1924.000 1.186 0.038
1925.000 1.186 0.039
1926.000 1.185 0.038
1927.000 1.184 0.038
1928.000 1.184 0.037
1929.000 1.186 0.037
1930.000 1.185 0.039
1931.000 1.186 0.038
1932.000 1.186 0.038
1933.000 1.184 0.038
1934.000 1.183 0.038
1935.000 1.183 0.038
1936.000 1.183 0.039
1937.000 1.185 0.037
1938.000 1.185 0.036
1939.000 1.185 0.036
1940.000 1.185 0.038
1941.000 1.185 0.038
1942.000 1.185 0.038
1943.000 1.185 0.038
1944.000 1.185 0.038
1945.000 1.185 0.039
1946.000 1.185 0.039
1947.000 1.186 0.040
1948.000 1.186 0.040
1949.000 1.187 0.039
1950.000 1.186 0.039
1951.000 1.188 0.039
1952.000 1.188 0.039
1953.000 1.188 0.040
1954.000 1.188 0.039
1955.000 1.185 0.041
1956.000 1.184 0.040
1957.000 1.185 0.040
1958.000 1.187 0.041
1959.000 1.188 0.042
1960.000 1.188 0.042
1961.000 1.188 0.040
1962.000 1.188 0.040
1963.000 1.188 0.040
1964.000 1.188 0.040
1965.000 1.187 0.039
1966.000 1.186 0.039
1967.000 1.187 0.039
1968.000 1.187 0.038
1969.000 1.187 0.038
1970.000 1.188 0.038
1971.000 1.187 0.039
1972.000 1.187 0.040
1973.000 1.187 0.040
1974.000 1.187 0.039
1975.000 1.187 0.039
1976.000 1.186 0.041
1977.000 1.188 0.039
1978.000 1.186 0.039
1979.000 1.185 0.039
1980.000 1.185 0.037
1981.000 1.185 0.037
1982.000 1.184 0.035
1983.000 1.181 0.037
1984.000 1.182 0.037
1985.000 1.183 0.037
1986.000 1.185 0.038
1987.000 1.185 0.038
1988.000 1.184 0.038
1989.000 1.186 0.038
1990.000 1.187 0.039
1991.000 1.187 0.038
1992.000 1.187 0.039
1993.000 1.187 0.039
1994.000 1.187 0.038
1995.000 1.187 0.037
1996.000 1.188 0.038
1997.000 1.188 0.037
1998.000 1.188 0.038
1999.000 1.187 0.038
2000.000 1.186 0.039
2001.000 1.186 0.039
2002.000 1.186 0.039
2003.000 1.188 0.038
2004.000 1.187 0.038
2005.000 1.187 0.038
2006.000 1.188 0.036
2007.000 1.183 0.037
2008.000 1.183 0.038
2009.000 1.184 0.038
2010.000 1.184 0.037
2011.000 1.184 0.038
2012.000 1.180 0.067
2013.000 1.175 0.085
2014.000 1.177 0.078
2015.000 1.179 0.067
2016.000 1.188 0.056
2017.000 1.190 0.052
2018.000 1.190 0.052
2019.000 1.191 0.051
2020.000 1.190 0.050
2021.000 1.190 0.052
2022.000 1.189 0.052
2023.000 1.189 0.051
2024.000 1.188 0.052
2025.000 1.189 0.053
2026.000 1.190 0.052
2027.000 1.191 0.052
2028.000 1.190 0.052
2029.000 1.189 0.051
2030.000 1.190 0.052
2031.000 1.190 0.052
2032.000 1.190 0.050
2033.000 1.190 0.049
2034.000 1.190 0.047
2035.000 1.190 0.046
2036.000 1.189 0.047
2037.000 1.189 0.046
2038.000 1.189 0.045
2039.000 1.188 0.045
2040.000 1.188 0.043
2041.000 1.188 0.044
2042.000 1.189 0.044
2043.000 1.189 0.043
2044.000 1.189 0.043
2045.000 1.188 0.043
2046.000 1.188 0.043
2047.000 1.189 0.044
2048.000 1.190 0.043
2049.000 1.190 0.043
2050.000 1.189 0.042
2051.000 1.189 0.042
2052.000 1.188 0.043
2053.000 1.189 0.044
2054.000 1.189 0.043
2055.000 1.188 0.044
2056.000 1.189 0.044
2057.000 1.190 0.042
2058.000 1.189 0.040
2059.000 1.189 0.040
2060.000 1.188 0.041
2061.000 1.188 0.041
2062.000 1.189 0.040
2063.000 1.190 0.039
2064.000 1.189 0.040
2065.000 1.186 0.039
2066.000 1.186 0.037
2067.000 1.186 0.037
2068.000 1.187 0.036
2069.000 1.188 0.035
2070.000 1.188 0.034
2071.000 1.186 0.035
2072.000 1.183 0.034
2073.000 1.179 0.035
2074.000 1.180 0.033
2075.000 1.186 0.035
2076.000 1.187 0.033
2077.000 1.187 0.037
2078.000 1.184 0.045
2079.000 1.185 0.047
2080.000 1.186 0.047
2081.000 1.186 0.046
2082.000 1.186 0.046
2083.000 1.186 0.044
2084.000 1.186 0.043
2085.000 1.187 0.042
2086.000 1.187 0.041
2087.000 1.187 0.041
2088.000 1.187 0.039
2089.000 1.187 0.038
2090.000 1.186 0.038
2091.000 1.187 0.036
2092.000 1.186 0.036
2093.000 1.188 0.035
2094.000 1.188 0.035
2095.000 1.186 0.036
2096.000 1.182 0.034
2097.000 1.181 0.035
2098.000 1.184 0.034
2099.000 1.184 0.035
2100.000 1.185 0.035
2101.000 1.185 0.033
2102.000 1.183 0.032
2103.000 1.179 0.028
2104.000 1.175 0.024
2105.000 1.182 0.023
2106.000 1.186 0.035
2107.000 1.180 0.042
2108.000 1.184 0.043
2109.000 1.186 0.041
2110.000 1.186 0.044
2111.000 1.188 0.044
2112.000 1.189 0.044
2113.000 1.186 0.046
2114.000 1.186 0.043
2115.000 1.188 0.045
2116.000 1.187 0.047
2117.000 1.183 0.047
2118.000 1.178 0.045
2119.000 1.177 0.043
2120.000 1.182 0.047
2121.000 1.182 0.049
2122.000 1.183 0.048
2123.000 1.184 0.047
2124.000 1.186 0.048
2125.000 1.185 0.047
2126.000 1.185 0.047
2127.000 1.184 0.048
2128.000 1.186 0.047
2129.000 1.187 0.046
2130.000 1.187 0.045
2131.000 1.187 0.043
2132.000 1.187 0.044
2133.000 1.187 0.042
2134.000 1.184 0.043
2135.000 1.181 0.043
2136.000 1.180 0.043
2137.000 1.180 0.043
2138.000 1.181 0.042
2139.000 1.181 0.040
2140.000 1.179 0.037
2141.000 1.176 0.035
2142.000 1.178 0.032
2143.000 1.180 0.033
2144.000 1.179 0.034
2145.000 1.179 0.033
2146.000 1.179 0.034
2147.000 1.179 0.033
2148.000 1.177 0.031
2149.000 1.179 0.032
2150.000 1.180 0.033
2151.000 1.179 0.034
2152.000 1.179 0.032
2153.000 1.179 0.031
2154.000 1.181 0.033
2155.000 1.182 0.033
2156.000 1.181 0.032
2157.000 1.181 0.030
2158.000 1.180 0.034
2159.000 1.179 0.033
2160.000 1.178 0.032
2161.000 1.176 0.037
2162.000 1.176 0.038
2163.000 1.174 0.039
2164.000 1.176 0.037
2165.000 1.175 0.037
2166.000 1.170 0.037
2167.000 1.171 0.035
2168.000 1.174 0.037
2169.000 1.172 0.043
2170.000 1.168 0.046
2171.000 1.163 0.051
2172.000 1.172 0.062
2173.000 1.168 0.096
2174.000 1.178 0.048
2175.000 1.185 0.032
2176.000 1.186 0.035
2177.000 1.186 0.036
2178.000 1.186 0.036
2179.000 1.185 0.037
2180.000 1.185 0.036
2181.000 1.184 0.036
2182.000 1.183 0.037
2183.000 1.182 0.037
2184.000 1.182 0.037
2185.000 1.182 0.036
2186.000 1.183 0.033
2187.000 1.182 0.033
2188.000 1.181 0.032
2189.000 1.182 0.032
2190.000 1.181 0.032
2191.000 1.181 0.034
2192.000 1.181 0.033
2193.000 1.177 0.033
2194.000 1.177 0.032
2195.000 1.178 0.032
2196.000 1.179 0.031
2197.000 1.179 0.032
2198.000 1.180 0.032
2199.000 1.180 0.031
2200.000 1.178 0.033
2201.000 1.172 0.035
2202.000 1.160 0.043
2203.000 1.189 0.027
2204.000 1.192 0.051
2205.000 1.187 0.057
2206.000 1.185 0.057
2207.000 1.185 0.057
2208.000 1.182 0.061
2209.000 1.185 0.060
2210.000 1.186 0.061
2211.000 1.186 0.064
2212.000 1.186 0.075
2213.000 1.178 0.085
2214.000 1.174 0.114
2215.000 1.182 0.089
2216.000 1.184 0.056
2217.000 1.173 0.073
2218.000 1.173 0.171
2219.000 1.177 0.391
2220.000 1.160 0.763
2221.000 1.150 1.066
2222.000 1.068 1.192
2223.000 1.025 1.181
2224.000 0.970 1.165
2225.000 0.816 1.173
2226.000 0.473 1.159
2227.000 0.230 1.176
2228.000 0.041 1.170
2229.000 0.067 1.175
2230.000 0.048 1.146
2231.000 0.028 1.120
2232.000 0.026 1.108
2233.000 0.024 1.105
2234.000 0.024 1.093
2235.000 0.050 1.172
2236.000 0.068 1.181
2237.000 0.072 1.180
2238.000 0.070 1.179
2239.000 0.068 1.178
2240.000 0.064 1.179
2241.000 0.063 1.171
2242.000 0.047 1.163
2243.000 0.026 1.146
2244.000 0.027 1.145
2245.000 0.027 1.149
2246.000 0.035 1.150
2247.000 0.044 1.175
2248.000 0.178 1.179
2249.000 0.387 1.200
2250.000 0.630 1.200
2251.000 0.898 1.182
2252.000 1.084 1.188
2253.000 1.069 1.179
2254.000 1.054 1.175
2255.000 0.968 1.200
2256.000 0.904 1.196
2257.000 0.728 1.200
2258.000 0.617 1.192
2259.000 0.503 1.197
2260.000 0.714 1.183
2261.000 0.891 1.196
2262.000 0.976 1.190
2263.000 1.165 1.196
2264.000 1.169 1.170
2265.000 1.170 1.170
2266.000 1.172 1.171
2267.000 1.171 1.170
2268.000 1.172 1.171
2269.000 1.173 1.176
2270.000 1.173 1.178
2271.000 1.171 1.178
2272.000 1.169 1.179
2273.000 1.165 1.179
2274.000 1.162 1.179
2275.000 1.161 1.181
2276.000 1.160 1.181
2277.000 1.160 1.182
2278.000 1.160 1.182
2279.000 1.160 1.183
2280.000 1.160 1.184
2281.000 1.159 1.184
2282.000 1.159 1.184
2283.000 1.159 1.185
2284.000 1.158 1.185
2285.000 1.159 1.185
2286.000 1.160 1.185
2287.000 1.158 1.185
2288.000 1.159 1.185
2289.000 1.158 1.185
2290.000 1.159 1.185
2291.000 1.159 1.186
2292.000 1.159 1.186
2293.000 1.160 1.186
2294.000 1.160 1.186
2295.000 1.159 1.186
2296.000 1.158 1.186
2297.000 1.159 1.184
2298.000 1.160 1.185
2299.000 1.159 1.186
2300.000 1.160 1.187
2301.000 1.159 1.186
2302.000 1.161 1.186
2303.000 1.162 1.186
2304.000 1.161 1.187
2305.000 1.160 1.186
2306.000 1.159 1.186
2307.000 1.160 1.186
2308.000 1.160 1.185
2309.000 1.158 1.187
2310.000 1.158 1.186
2311.000 1.156 1.186
2312.000 1.156 1.187
2313.000 1.158 1.186
2314.000 1.158 1.186
2315.000 1.159 1.186
2316.000 1.160 1.185
2317.000 1.161 1.186
2318.000 1.160 1.186
2319.000 1.159 1.186
2320.000 1.159 1.186
2321.000 1.159 1.185
2322.000 1.160 1.185
2323.000 1.159 1.185
2324.000 1.159 1.185
2325.000 1.159 1.185
2326.000 1.159 1.186
2327.000 1.158 1.186
2328.000 1.158 1.187
2329.000 1.157 1.186
2330.000 1.157 1.186
2331.000 1.159 1.186
2332.000 1.159 1.186
2333.000 1.157 1.186
2334.000 1.158 1.186
2335.000 1.159 1.185
2336.000 1.159 1.184
2337.000 1.158 1.185
2338.000 1.156 1.186
2339.000 1.155 1.187
2340.000 1.156 1.187
2341.000 1.157 1.186
2342.000 1.159 1.186
2343.000 1.158 1.186
2344.000 1.160 1.186
2345.000 1.162 1.185
2346.000 1.162 1.183
2347.000 1.158 1.184
2348.000 1.159 1.185
2349.000 1.158 1.184
2350.000 1.160 1.186
2351.000 1.159 1.185
2352.000 1.160 1.186
2353.000 1.160 1.185
2354.000 1.161 1.185
2355.000 1.160 1.184
2356.000 1.160 1.184
2357.000 1.160 1.185
2358.000 1.158 1.186
2359.000 1.159 1.186
2360.000 1.159 1.185
2361.000 1.161 1.185
2362.000 1.160 1.185
2363.000 1.159 1.185
2364.000 1.158 1.185
2365.000 1.158 1.186
2366.000 1.158 1.185
2367.000 1.159 1.186
2368.000 1.158 1.186
2369.000 1.159 1.186
2370.000 1.158 1.186
2371.000 1.159 1.187
2372.000 1.158 1.186
2373.000 1.160 1.185
2374.000 1.160 1.185
2375.000 1.159 1.186
2376.000 1.159 1.185
2377.000 1.159 1.186
2378.000 1.160 1.186
2379.000 1.158 1.186
2380.000 1.158 1.186
2381.000 1.155 1.187
2382.000 1.156 1.188
2383.000 1.156 1.187
2384.000 1.157 1.187
2385.000 1.157 1.187
2386.000 1.157 1.188
2387.000 1.156 1.187
2388.000 1.158 1.187
2389.000 1.158 1.187
2390.000 1.157 1.188
2391.000 1.157 1.188
2392.000 1.159 1.188
2393.000 1.159 1.187
2394.000 1.158 1.187
2395.000 1.160 1.186
2396.000 1.159 1.186
2397.000 1.157 1.188
2398.000 1.157 1.188
2399.000 1.159 1.187
2400.000 1.159 1.186
2401.000 1.156 1.187
2402.000 1.157 1.189
2403.000 1.156 1.189
2404.000 1.156 1.188
2405.000 1.158 1.186
2406.000 1.157 1.188
2407.000 1.156 1.189
2408.000 1.157 1.188
2409.000 1.160 1.183
2410.000 1.152 1.177
2411.000 1.155 1.179
2412.000 1.156 1.183
2413.000 1.157 1.185
2414.000 1.158 1.186
2415.000 1.158 1.186
2416.000 1.158 1.186
2417.000 1.158 1.186
2418.000 1.158 1.186
2419.000 1.158 1.186
2420.000 1.158 1.186
2421.000 1.159 1.188
2422.000 1.159 1.188
2423.000 1.157 1.186
2424.000 1.158 1.183
2425.000 1.156 1.181
2426.000 1.157 1.183
2427.000 1.156 1.185
2428.000 1.156 1.185
2429.000 1.156 1.186
2430.000 1.157 1.186
2431.000 1.156 1.187
2432.000 1.156 1.186
2433.000 1.157 1.187
2434.000 1.159 1.187
2435.000 1.157 1.187
2436.000 1.158 1.187
2437.000 1.156 1.187
2438.000 1.155 1.187
2439.000 1.157 1.187
2440.000 1.158 1.183
2441.000 1.157 1.184
2442.000 1.157 1.186
2443.000 1.154 1.186
2444.000 1.156 1.188
2445.000 1.155 1.188
2446.000 1.154 1.187
2447.000 1.154 1.189
2448.000 1.155 1.188
2449.000 1.157 1.191
2450.000 1.156 1.187
2451.000 1.158 1.185
2452.000 1.158 1.185
2453.000 1.157 1.186
2454.000 1.158 1.186
2455.000 1.158 1.186
2456.000 1.158 1.187
2457.000 1.157 1.186
2458.000 1.158 1.186
2459.000 1.155 1.185
2460.000 1.154 1.187
2461.000 1.154 1.187
2462.000 1.154 1.187
2463.000 1.153 1.186
2464.000 1.154 1.186
2465.000 1.153 1.187
2466.000 1.152 1.187
2467.000 1.152 1.188
2468.000 1.153 1.189
2469.000 1.154 1.189
2470.000 1.155 1.186
2471.000 1.156 1.185
2472.000 1.158 1.185
2473.000 1.158 1.187
2474.000 1.158 1.190
2475.000 1.156 1.189
2476.000 1.154 1.187
2477.000 1.155 1.184
2478.000 1.155 1.185
2479.000 1.155 1.186
2480.000 1.153 1.187
2481.000 1.153 1.187
2482.000 1.154 1.187
2483.000 1.155 1.188
2484.000 1.155 1.187
2485.000 1.156 1.187
2486.000 1.159 1.187
2487.000 1.160 1.186
2488.000 1.159 1.186
2489.000 1.158 1.187
2490.000 1.158 1.187
2491.000 1.157 1.186
2492.000 1.159 1.185
2493.000 1.158 1.184
2494.000 1.158 1.183
2495.000 1.160 1.181
2496.000 1.161 1.178
2497.000 1.159 1.178
2498.000 1.159 1.181
2499.000 1.161 1.183
2500.000 1.160 1.182
2501.000 1.158 1.183
2502.000 1.158 1.184
2503.000 1.157 1.185
2504.000 1.157 1.185
2505.000 1.159 1.187
2506.000 1.160 1.187
2507.000 1.159 1.186
2508.000 1.158 1.185
2509.000 1.160 1.186
2510.000 1.159 1.184
2511.000 1.160 1.185
2512.000 1.160 1.184
2513.000 1.159 1.185
2514.000 1.159 1.185
2515.000 1.161 1.185
2516.000 1.160 1.184
2517.000 1.159 1.185
2518.000 1.159 1.184
2519.000 1.160 1.184
2520.000 1.159 1.184
2521.000 1.159 1.181
2522.000 1.160 1.175
2523.000 1.160 1.170
2524.000 1.162 1.172
2525.000 1.161 1.175
2526.000 1.162 1.179
2527.000 1.161 1.182
2528.000 1.162 1.184
2529.000 1.160 1.185
2530.000 1.159 1.185
2531.000 1.158 1.185
2532.000 1.160 1.184
2533.000 1.153 1.178
2534.000 1.152 1.177
2535.000 1.152 1.180
2536.000 1.151 1.183
2537.000 1.151 1.184
2538.000 1.150 1.183
2539.000 1.142 1.181
2540.000 1.125 1.186
2541.000 1.121 1.181
2542.000 1.112 1.177
2543.000 1.033 1.174
2544.000 0.918 1.193
2545.000 1.099 1.185
2546.000 1.152 1.173
2547.000 1.143 1.177
2548.000 1.145 1.182
2549.000 1.146 1.183
2550.000 1.146 1.184
2551.000 1.141 1.186
2552.000 1.132 1.184
2553.000 1.132 1.185
2554.000 1.126 1.186
2555.000 1.126 1.187
2556.000 1.125 1.188
2557.000 1.126 1.187
2558.000 1.127 1.185
2559.000 1.126 1.187
2560.000 1.125 1.188
2561.000 1.124 1.188
2562.000 1.123 1.189
2563.000 1.124 1.189
2564.000 1.125 1.189
2565.000 1.125 1.189
2566.000 1.125 1.189
2567.000 1.125 1.190
2568.000 1.124 1.190
2569.000 1.125 1.189
2570.000 1.126 1.187
2571.000 1.127 1.188
2572.000 1.127 1.189
2573.000 1.127 1.189
2574.000 1.126 1.189
2575.000 1.127 1.188
2576.000 1.130 1.189
2577.000 1.131 1.190
2578.000 1.134 1.190
2579.000 1.134 1.190
2580.000 1.137 1.190
2581.000 1.140 1.190
2582.000 1.143 1.190
2583.000 1.145 1.191
2584.000 1.147 1.191
2585.000 1.152 1.191
2586.000 1.152 1.190
2587.000 1.152 1.189
2588.000 1.154 1.191
2589.000 1.153 1.189
2590.000 1.153 1.187
2591.000 1.156 1.185
2592.000 1.156 1.182
2593.000 1.156 1.182
2594.000 1.155 1.183
2595.000 1.155 1.183
2596.000 1.156 1.184
2597.000 1.157 1.185
2598.000 1.156 1.186
2599.000 1.158 1.186
2600.000 1.158 1.185
2601.000 1.156 1.185
2602.000 1.158 1.185
2603.000 1.159 1.186
2604.000 1.159 1.186
2605.000 1.160 1.187
2606.000 1.161 1.186
2607.000 1.161 1.186
2608.000 1.160 1.184
2609.000 1.159 1.185
2610.000 1.159 1.186
2611.000 1.159 1.185
2612.000 1.160 1.185
2613.000 1.159 1.185
2614.000 1.158 1.185
2615.000 1.156 1.186
2616.000 1.156 1.186
2617.000 1.157 1.186
2618.000 1.156 1.186
2619.000 1.156 1.186
2620.000 1.154 1.185
2621.000 1.152 1.186
2622.000 1.153 1.185
2623.000 1.153 1.184
2624.000 1.151 1.185
2625.000 1.154 1.186
2626.000 1.151 1.187
2627.000 1.153 1.187
2628.000 1.153 1.187
2629.000 1.154 1.187
2630.000 1.156 1.186
2631.000 1.158 1.185
2632.000 1.159 1.187
2633.000 1.159 1.189
2634.000 1.161 1.189
2635.000 1.153 1.187
2636.000 1.150 1.186
2637.000 1.145 1.187
2638.000 1.144 1.188
2639.000 1.142 1.189
2640.000 1.142 1.189
2641.000 1.141 1.186
2642.000 1.138 1.186
2643.000 1.138 1.187
2644.000 1.138 1.187
2645.000 1.138 1.189
2646.000 1.138 1.190
2647.000 1.140 1.190
2648.000 1.139 1.190
2649.000 1.139 1.189
2650.000 1.139 1.189
2651.000 1.142 1.191
2652.000 1.142 1.190
2653.000 1.142 1.190
2654.000 1.143 1.191
2655.000 1.144 1.192
2656.000 1.142 1.191
2657.000 1.143 1.190
2658.000 1.144 1.191
2659.000 1.146 1.191
2660.000 1.146 1.190
2661.000 1.146 1.191
2662.000 1.148 1.191
2663.000 1.150 1.191
2664.000 1.151 1.188
2665.000 1.153 1.188
2666.000 1.155 1.188
2667.000 1.156 1.188
2668.000 1.157 1.187
2669.000 1.158 1.188
2670.000 1.157 1.189
2671.000 1.157 1.188
2672.000 1.160 1.187
2673.000 1.159 1.186
2674.000 1.159 1.187
2675.000 1.159 1.187
2676.000 1.158 1.187
2677.000 1.159 1.186
2678.000 1.158 1.187
2679.000 1.159 1.185
2680.000 1.156 1.183
2681.000 1.157 1.184
2682.000 1.155 1.185
2683.000 1.155 1.185
2684.000 1.152 1.186
2685.000 1.151 1.186
2686.000 1.151 1.187
2687.000 1.149 1.188
2688.000 1.149 1.189
2689.000 1.150 1.190
2690.000 1.152 1.190
2691.000 1.148 1.189
2692.000 1.150 1.190
2693.000 1.148 1.189
2694.000 1.150 1.188
2695.000 1.149 1.189
2696.000 1.148 1.188
2697.000 1.148 1.189
2698.000 1.149 1.189
2699.000 1.148 1.189
2700.000 1.148 1.189
2701.000 1.150 1.190
2702.000 1.151 1.189
2703.000 1.153 1.190
2704.000 1.154 1.189
2705.000 1.154 1.186
2706.000 1.155 1.186
2707.000 1.155 1.187
2708.000 1.151 1.186
2709.000 1.149 1.187
2710.000 1.145 1.187
2711.000 1.138 1.181
2712.000 1.131 1.182
2713.000 1.126 1.184
2714.000 1.125 1.185
2715.000 1.116 1.186
2716.000 1.142 1.191
2717.000 1.161 1.169
2718.000 1.165 1.153
2719.000 1.165 1.148
2720.000 1.166 1.159
2721.000 1.160 1.181
2722.000 1.153 1.177
2723.000 1.154 1.176
2724.000 1.156 1.177
2725.000 1.156 1.177
2726.000 1.157 1.177
2727.000 1.156 1.176
2728.000 1.159 1.176
2729.000 1.157 1.174
2730.000 1.155 1.175
2731.000 1.156 1.175
2732.000 1.154 1.172
2733.000 1.155 1.171
2734.000 1.154 1.172
2735.000 1.154 1.169
2736.000 1.156 1.166
2737.000 1.157 1.156
2738.000 1.163 1.180
2739.000 1.160 1.185
2740.000 1.159 1.184
2741.000 1.158 1.183
2742.000 1.160 1.185
2743.000 1.158 1.184
2744.000 1.159 1.185
2745.000 1.153 1.185
2746.000 1.149 1.183
2747.000 1.151 1.184
2748.000 1.153 1.185
2749.000 1.153 1.185
2750.000 1.156 1.185
2751.000 1.158 1.185
2752.000 1.160 1.185
2753.000 1.161 1.185
2754.000 1.160 1.184
2755.000 1.160 1.184
2756.000 1.160 1.183
2757.000 1.162 1.184
2758.000 1.163 1.184
2759.000 1.160 1.183
2760.000 1.158 1.185
2761.000 1.160 1.184
2762.000 1.162 1.183
2763.000 1.163 1.182
2764.000 1.152 1.178
2765.000 1.141 1.180
2766.000 1.098 1.192
2767.000 1.054 1.174
2768.000 1.009 1.171
2769.000 0.933 1.197
2770.000 1.042 1.154
2771.000 1.147 1.149
2772.000 1.118 1.187
2773.000 1.106 1.178
2774.000 1.104 1.178
2775.000 1.104 1.180
2776.000 1.104 1.181
2777.000 1.101 1.179
2778.000 1.104 1.180
2779.000 1.109 1.180
2780.000 1.113 1.181
2781.000 1.116 1.182
2782.000 1.119 1.184
2783.000 1.121 1.185
2784.000 1.123 1.184
2785.000 1.125 1.183
2786.000 1.123 1.180
2787.000 1.124 1.180
2788.000 1.127 1.180
2789.000 1.123 1.178
2790.000 1.121 1.179
2791.000 1.119 1.176
2792.000 1.122 1.175
2793.000 1.123 1.172
2794.000 1.109 1.172
2795.000 1.089 1.171
2796.000 1.079 1.168
2797.000 1.076 1.161
2798.000 1.055 1.147
2799.000 1.085 1.071
2800.000 1.185 0.946
2801.000 1.195 0.944
2802.000 1.179 0.970
2803.000 1.153 0.992
2804.000 1.167 0.894
2805.000 1.184 0.803
2806.000 1.148 0.810
2807.000 1.130 0.757
2808.000 1.148 0.668
2809.000 1.125 0.736
2810.000 1.131 0.858
2811.000 1.117 1.046
2812.000 1.158 1.135
2813.000 1.169 1.172
2814.000 1.160 1.183
2815.000 1.158 1.184
2816.000 1.160 1.183
2817.000 1.161 1.181
2818.000 1.160 1.181
2819.000 1.162 1.181
2820.000 1.163 1.179
2821.000 1.162 1.179
2822.000 1.164 1.179
2823.000 1.164 1.179
2824.000 1.164 1.179
2825.000 1.162 1.179
2826.000 1.163 1.179
2827.000 1.163 1.180
2828.000 1.162 1.179
2829.000 1.161 1.181
2830.000 1.161 1.181
2831.000 1.159 1.180
2832.000 1.160 1.180
2833.000 1.158 1.180
2834.000 1.154 1.180
2835.000 1.156 1.181
2836.000 1.158 1.181
2837.000 1.157 1.182
2838.000 1.156 1.183
2839.000 1.157 1.183
2840.000 1.158 1.184
2841.000 1.159 1.183
2842.000 1.161 1.183
2843.000 1.162 1.181
2844.000 1.161 1.181
2845.000 1.161 1.180
2846.000 1.162 1.181
2847.000 1.157 1.181
2848.000 1.157 1.181
2849.000 1.158 1.182
2850.000 1.160 1.182
2851.000 1.160 1.181
2852.000 1.159 1.182
2853.000 1.159 1.182
2854.000 1.160 1.182
2855.000 1.159 1.182
2856.000 1.155 1.181
2857.000 1.155 1.182
2858.000 1.154 1.183
2859.000 1.154 1.182
2860.000 1.152 1.183
2861.000 1.153 1.183
2862.000 1.152 1.183
2863.000 1.151 1.184
2864.000 1.152 1.185
2865.000 1.152 1.186
2866.000 1.150 1.185
2867.000 1.149 1.183
2868.000 1.147 1.184
2869.000 1.147 1.184
2870.000 1.147 1.183
2871.000 1.147 1.183
2872.000 1.147 1.184
2873.000 1.147 1.184
2874.000 1.147 1.184
2875.000 1.147 1.184
2876.000 1.147 1.184
2877.000 1.147 1.184
2878.000 1.147 1.184
2879.000 1.147 1.184
2880.000 1.147 1.184
2881.000 1.147 1.184
2882.000 1.147 1.184
2883.000 1.147 1.184
2884.000 1.147 1.184
2885.000 1.147 1.184
2886.000 1.147 1.184
2887.000 1.147 1.184
2888.000 1.147 1.184
2889.000 1.147 1.184
2890.000 1.146 1.184
2891.000 1.147 1.184
2892.000 1.147 1.184
2893.000 1.147 1.183
2894.000 1.147 1.184
2895.000 1.147 1.184
2896.000 1.146 1.184
2897.000 1.146 1.184
2898.000 1.146 1.184
2899.000 1.147 1.184
2900.000 1.147 1.184
2901.000 1.147 1.184
2902.000 1.147 1.184
2903.000 1.146 1.184
2904.000 1.147 1.184
2905.000 1.147 1.184
2906.000 1.147 1.184
2907.000 1.147 1.184
2908.000 1.146 1.184
2909.000 1.146 1.184
2910.000 1.146 1.184
2911.000 1.147 1.184
2912.000 1.146 1.183
2913.000 1.147 1.184
2914.000 1.146 1.184
2915.000 1.146 1.184
2916.000 1.147 1.184
2917.000 1.146 1.184
2918.000 1.146 1.184
2919.000 1.146 1.184
2920.000 1.147 1.184
2921.000 1.147 1.184
2922.000 1.147 1.184
2923.000 1.146 1.184
2924.000 1.147 1.184
2925.000 1.146 1.184
2926.000 1.147 1.184
2927.000 1.147 1.184
2928.000 1.147 1.185
2929.000 1.147 1.187
2930.000 1.147 1.187
2931.000 1.146 1.187
2932.000 1.146 1.188
2933.000 1.147 1.187
2934.000 1.148 1.188
2935.000 1.148 1.188
2936.000 1.149 1.187
2937.000 1.150 1.187
2938.000 1.149 1.186
2939.000 1.149 1.187
2940.000 1.149 1.187
2941.000 1.148 1.187
2942.000 1.148 1.187
2943.000 1.148 1.187
2944.000 1.148 1.187
2945.000 1.148 1.187
2946.000 1.148 1.187
2947.000 1.149 1.187
2948.000 1.151 1.187
2949.000 1.151 1.189
2950.000 1.151 1.188
2951.000 1.151 1.187
2952.000 1.153 1.186
2953.000 1.152 1.186
2954.000 1.155 1.186
2955.000 1.154 1.186
2956.000 1.154 1.186
2957.000 1.152 1.185
2958.000 1.151 1.186
2959.000 1.152 1.187
2960.000 1.151 1.187
2961.000 1.151 1.186
2962.000 1.151 1.186
2963.000 1.151 1.186
2964.000 1.151 1.186
2965.000 1.151 1.185
2966.000 1.150 1.186
2967.000 1.152 1.186
2968.000 1.150 1.186
2969.000 1.150 1.186
2970.000 1.150 1.188
2971.000 1.151 1.187
2972.000 1.151 1.186
2973.000 1.149 1.186
2974.000 1.147 1.186
2975.000 1.147 1.186
2976.000 1.147 1.185
2977.000 1.146 1.186
2978.000 1.146 1.186
2979.000 1.145 1.187
2980.000 1.145 1.187
2981.000 1.144 1.188
2982.000 1.145 1.189
2983.000 1.145 1.188
2984.000 1.144 1.188
2985.000 1.145 1.190
2986.000 1.144 1.187
2987.000 1.145 1.186
2988.000 1.145 1.187
2989.000 1.145 1.188
2990.000 1.144 1.187
2991.000 1.146 1.188
2992.000 1.147 1.187
2993.000 1.148 1.187
2994.000 1.148 1.187
2995.000 1.148 1.188
2996.000 1.147 1.187
2997.000 1.147 1.188
2998.000 1.148 1.189
2999.000 1.147 1.189
3000.000 1.147 1.188
3001.000 1.147 1.188
3002.000 1.146 1.186
3003.000 1.145 1.187
3004.000 1.146 1.188
3005.000 1.145 1.188
3006.000 1.144 1.188
3007.000 1.144 1.188
3008.000 1.146 1.189
3009.000 1.144 1.189
3010.000 1.145 1.188
3011.000 1.147 1.187
3012.000 1.148 1.185
3013.000 1.147 1.185
3014.000 1.149 1.186
3015.000 1.149 1.187
3016.000 1.152 1.187
3017.000 1.153 1.186
3018.000 1.155 1.184
3019.000 1.154 1.183
3020.000 1.154 1.185
3021.000 1.155 1.186
3022.000 1.157 1.187
3023.000 1.158 1.186
3024.000 1.157 1.184
3025.000 1.158 1.185
3026.000 1.158 1.185
3027.000 1.157 1.185
3028.000 1.156 1.186
3029.000 1.154 1.183
3030.000 1.152 1.177
3031.000 1.154 1.182
3032.000 1.159 1.185
3033.000 1.160 1.183
3034.000 1.160 1.182
3035.000 1.160 1.184
3036.000 1.154 1.183
3037.000 1.154 1.183
3038.000 1.153 1.183
3039.000 1.153 1.184
3040.000 1.153 1.184
3041.000 1.154 1.183
3042.000 1.154 1.183
3043.000 1.152 1.185
3044.000 1.152 1.186
3045.000 1.153 1.186
3046.000 1.154 1.186
3047.000 1.154 1.185
3048.000 1.155 1.185
3049.000 1.155 1.185
3050.000 1.155 1.185
3051.000 1.156 1.186
3052.000 1.156 1.185
3053.000 1.152 1.184
3054.000 1.157 1.186
3055.000 1.154 1.186
3056.000 1.154 1.186
3057.000 1.156 1.185
3058.000 1.156 1.182
3059.000 1.157 1.182
3060.000 1.158 1.184
3061.000 1.158 1.184
3062.000 1.159 1.183
3063.000 1.159 1.183
3064.000 1.160 1.182
3065.000 1.162 1.177
3066.000 1.162 1.175
3067.000 1.162 1.178
3068.000 1.156 1.179
3069.000 1.153 1.179
3070.000 1.152 1.182
3071.000 1.152 1.182
3072.000 1.151 1.183
3073.000 1.151 1.185
3074.000 1.151 1.185
3075.000 1.151 1.184
3076.000 1.152 1.185
3077.000 1.152 1.184
3078.000 1.154 1.185
3079.000 1.153 1.184
3080.000 1.153 1.184
3081.000 1.150 1.181
3082.000 1.142 1.179
3083.000 1.159 1.182
3084.000 1.152 1.184
3085.000 1.150 1.181
3086.000 1.152 1.183
3087.000 1.150 1.183
3088.000 1.151 1.183
3089.000 1.152 1.182
3090.000 1.151 1.182
3091.000 1.151 1.182
3092.000 1.151 1.182
3093.000 1.153 1.182
3094.000 1.153 1.182
3095.000 1.153 1.183
3096.000 1.154 1.184
3097.000 1.155 1.184
3098.000 1.156 1.184
3099.000 1.158 1.185
3100.000 1.157 1.183
3101.000 1.157 1.182
3102.000 1.158 1.181
3103.000 1.159 1.182
3104.000 1.159 1.183
3105.000 1.160 1.183
3106.000 1.162 1.182
3107.000 1.161 1.184
3108.000 1.157 1.183
3109.000 1.158 1.183
3110.000 1.157 1.185
3111.000 1.155 1.184
3112.000 1.155 1.184
3113.000 1.152 1.182
3114.000 1.155 1.184
3115.000 1.157 1.183
3116.000 1.159 1.182
3117.000 1.159 1.182
3118.000 1.158 1.181
3119.000 1.159 1.182
3120.000 1.160 1.180
3121.000 1.161 1.179
3122.000 1.162 1.180
3123.000 1.159 1.179
3124.000 1.161 1.181
3125.000 1.161 1.181
3126.000 1.160 1.184
3127.000 1.163 1.182
3128.000 1.158 1.179
3129.000 1.159 1.178
3130.000 1.159 1.177
3131.000 1.159 1.181
3132.000 1.154 1.192
3133.000 1.148 1.188
3134.000 1.147 1.185
3135.000 1.146 1.181
3136.000 1.146 1.179
3137.000 1.146 1.178
3138.000 1.146 1.179
3139.000 1.146 1.178
3140.000 1.148 1.180
3141.000 1.147 1.177
3142.000 1.149 1.175
3143.000 1.151 1.174
3144.000 1.154 1.176
3145.000 1.148 1.172
3146.000 1.135 1.162
3147.000 1.113 1.156
3148.000 1.156 1.090
3149.000 1.168 0.884
3150.000 1.191 0.853
3151.000 1.177 0.884
3152.000 1.164 1.105
3153.000 1.173 1.166
3154.000 1.170 1.155
3155.000 1.170 1.157
3156.000 1.167 1.157
3157.000 1.169 1.158
3158.000 1.169 1.158
3159.000 1.170 1.159
3160.000 1.170 1.159
3161.000 1.170 1.159
3162.000 1.170 1.159
3163.000 1.170 1.159
3164.000 1.170 1.159
3165.000 1.170 1.159
3166.000 1.171 1.159
3167.000 1.169 1.161
3168.000 1.168 1.162
3169.000 1.168 1.163
3170.000 1.168 1.164
3171.000 1.168 1.165
3172.000 1.169 1.165
3173.000 1.169 1.166
3174.000 1.169 1.167
3175.000 1.169 1.167
3176.000 1.167 1.170
3177.000 1.165 1.172
3178.000 1.165 1.172
3179.000 1.165 1.173
3180.000 1.165 1.173
3181.000 1.165 1.174
3182.000 1.167 1.175
3183.000 1.165 1.175
3184.000 1.164 1.176
3185.000 1.164 1.177
3186.000 1.163 1.176
3187.000 1.164 1.177
3188.000 1.163 1.177
3189.000 1.164 1.178
3190.000 1.165 1.177
3191.000 1.163 1.177
3192.000 1.164 1.178
3193.000 1.161 1.179
3194.000 1.162 1.179
3195.000 1.162 1.179
3196.000 1.162 1.180
3197.000 1.157 1.177
3198.000 1.159 1.175
3199.000 1.160 1.174
3200.000 1.162 1.167
3201.000 1.166 1.166
3202.000 1.168 1.164
3203.000 1.147 1.181
3204.000 1.097 1.090
3205.000 1.176 0.992
3206.000 1.198 0.870
3207.000 1.168 0.874
3208.000 1.177 0.750
3209.000 1.183 0.484
3210.000 1.184 0.231
3211.000 1.183 0.040
3212.000 1.181 0.039
3213.000 1.179 0.032
3214.000 1.174 0.041
3215.000 1.172 0.055
3216.000 1.174 0.052
3217.000 1.176 0.054
3218.000 1.175 0.060
3219.000 1.170 0.104
3220.000 1.189 0.154
3221.000 1.178 0.203
3222.000 1.192 0.168
3223.000 1.186 0.041
3224.000 1.170 0.032
3225.000 1.166 0.044
3226.000 1.169 0.086
3227.000 1.178 0.142
3228.000 1.166 0.182
3229.000 1.194 0.193
3230.000 1.167 0.041
3231.000 1.173 0.026
3232.000 1.165 0.032
3233.000 1.170 0.061
3234.000 1.167 0.093
3235.000 1.190 0.234
3236.000 1.193 0.405
3237.000 1.178 0.638
3238.000 1.184 0.943
3239.000 1.170 1.138
3240.000 1.145 1.187
3241.000 1.144 1.187
3242.000 1.145 1.187
3243.000 1.150 1.187
3244.000 1.154 1.188
3245.000 1.157 1.187
3246.000 1.159 1.187
3247.000 1.158 1.187
3248.000 1.160 1.186
3249.000 1.160 1.186
3250.000 1.159 1.185
3251.000 1.159 1.183
3252.000 1.160 1.184
3253.000 1.160 1.185
3254.000 1.161 1.183
3255.000 1.161 1.182
3256.000 1.160 1.182
3257.000 1.160 1.184
3258.000 1.159 1.184
3259.000 1.160 1.184
3260.000 1.160 1.183
3261.000 1.159 1.184
3262.000 1.159 1.184
3263.000 1.159 1.185
3264.000 1.161 1.184
3265.000 1.161 1.183
3266.000 1.160 1.183
3267.000 1.159 1.182
3268.000 1.160 1.183
3269.000 1.160 1.183
3270.000 1.160 1.184
3271.000 1.160 1.184
3272.000 1.160 1.183
3273.000 1.160 1.183
3274.000 1.160 1.183
3275.000 1.160 1.182
3276.000 1.158 1.183
3277.000 1.160 1.184
3278.000 1.159 1.185
3279.000 1.159 1.184
3280.000 1.158 1.184
3281.000 1.159 1.185
3282.000 1.160 1.184
3283.000 1.159 1.185
3284.000 1.159 1.186
3285.000 1.158 1.184
3286.000 1.156 1.184
3287.000 1.159 1.184
3288.000 1.160 1.184
3289.000 1.158 1.184
3290.000 1.156 1.185
3291.000 1.154 1.185
3292.000 1.155 1.187
3293.000 1.156 1.187
3294.000 1.156 1.185
3295.000 1.158 1.186
3296.000 1.159 1.184
3297.000 1.158 1.186
3298.000 1.157 1.185
3299.000 1.159 1.185
3300.000 1.160 1.185
3301.000 1.159 1.184
3302.000 1.160 1.183
3303.000 1.159 1.183
3304.000 1.160 1.184
3305.000 1.161 1.183
3306.000 1.159 1.181
3307.000 1.160 1.182
3308.000 1.160 1.183
3309.000 1.158 1.184
3310.000 1.160 1.183
3311.000 1.161 1.183
3312.000 1.158 1.181
3313.000 1.158 1.182
3314.000 1.156 1.181
3315.000 1.156 1.182
3316.000 1.156 1.181
3317.000 1.153 1.180
3318.000 1.151 1.179
3319.000 1.154 1.181
3320.000 1.153 1.182
3321.000 1.152 1.182
3322.000 1.152 1.182
3323.000 1.152 1.184
3324.000 1.154 1.184
3325.000 1.150 1.183
3326.000 1.155 1.185
3327.000 1.152 1.184
3328.000 1.156 1.186
3329.000 1.155 1.184
3330.000 1.153 1.182
3331.000 1.149 1.181
3332.000 1.149 1.183
3333.000 1.149 1.185
3334.000 1.152 1.187
3335.000 1.152 1.186
3336.000 1.153 1.185
3337.000 1.154 1.185
3338.000 1.156 1.186
3339.000 1.158 1.188
3340.000 1.159 1.186
3341.000 1.157 1.184
3342.000 1.157 1.182
3343.000 1.156 1.182
3344.000 1.156 1.183
3345.000 1.157 1.183
3346.000 1.159 1.184
3347.000 1.158 1.183
3348.000 1.159 1.182
3349.000 1.159 1.181
3350.000 1.160 1.182
3351.000 1.158 1.184
3352.000 1.159 1.186
3353.000 1.158 1.183
3354.000 1.161 1.182
3355.000 1.157 1.177
3356.000 1.156 1.176
3357.000 1.155 1.179
3358.000 1.152 1.180
3359.000 1.148 1.180
3360.000 1.148 1.180
3361.000 1.149 1.183
3362.000 1.151 1.184
3363.000 1.153 1.183
3364.000 1.153 1.184
3365.000 1.151 1.185
3366.000 1.150 1.182
3367.000 1.152 1.183
3368.000 1.155 1.186
3369.000 1.135 1.193
3370.000 1.128 1.187
3371.000 1.130 1.187
3372.000 1.125 1.185
3373.000 1.125 1.182
3374.000 1.125 1.180
3375.000 1.125 1.181
3376.000 1.122 1.179
3377.000 1.124 1.178
3378.000 1.124 1.180
3379.000 1.120 1.180
3380.000 1.113 1.176
3381.000 1.079 1.185
3382.000 1.032 1.168
3383.000 0.819 1.191
3384.000 0.558 1.170
3385.000 0.227 1.170
3386.000 0.043 1.173
3387.000 0.040 1.176
3388.000 0.035 1.172
3389.000 0.028 1.161
3390.000 0.025 1.161
3391.000 0.024 1.159
3392.000 0.026 1.152
3393.000 0.025 1.151
3394.000 0.023 1.152
3395.000 0.024 1.152
3396.000 0.022 1.154
3397.000 0.023 1.154
3398.000 0.022 1.155
3399.000 0.023 1.156
3400.000 0.023 1.158
3401.000 0.022 1.159
3402.000 0.024 1.159
3403.000 0.025 1.159
3404.000 0.025 1.159
3405.000 0.025 1.160
3406.000 0.025 1.160
3407.000 0.028 1.160
3408.000 0.029 1.160
3409.000 0.028 1.160
3410.000 0.028 1.162
3411.000 0.027 1.163
3412.000 0.027 1.161
3413.000 0.029 1.161
3414.000 0.029 1.161
3415.000 0.029 1.160
3416.000 0.029 1.161
3417.000 0.028 1.162
3418.000 0.028 1.160
3419.000 0.028 1.160
3420.000 0.027 1.162
3421.000 0.028 1.161
3422.000 0.029 1.161
3423.000 0.029 1.161
3424.000 0.031 1.162
3425.000 0.042 1.163
3426.000 0.048 1.163
3427.000 0.045 1.168
3428.000 0.043 1.168
3429.000 0.040 1.166
3430.000 0.035 1.163
3431.000 0.035 1.162
3432.000 0.031 1.164
3433.000 0.030 1.160
3434.000 0.028 1.161
3435.000 0.029 1.160
3436.000 0.029 1.159
3437.000 0.029 1.158
3438.000 0.028 1.158
3439.000 0.027 1.159
3440.000 0.026 1.159
3441.000 0.027 1.160
3442.000 0.029 1.161
3443.000 0.029 1.161
3444.000 0.028 1.159
3445.000 0.027 1.159
3446.000 0.026 1.158
3447.000 0.025 1.157
3448.000 0.028 1.157
3449.000 0.030 1.157
3450.000 0.031 1.155
3451.000 0.028 1.155
3452.000 0.029 1.152
3453.000 0.027 1.151
3454.000 0.026 1.151
3455.000 0.024 1.152
3456.000 0.026 1.154
3457.000 0.027 1.151
3458.000 0.026 1.153
3459.000 0.028 1.150
3460.000 0.030 1.151
3461.000 0.032 1.150
3462.000 0.029 1.151
3463.000 0.030 1.149
3464.000 0.030 1.151
3465.000 0.032 1.144
3466.000 0.035 1.127
3467.000 0.039 1.109
3468.000 0.041 1.078
3469.000 0.014 0.943
3470.000 0.005 0.895
3471.000 0.080 0.806
3472.000 0.055 0.585
3473.000 0.030 0.372
3474.000 0.014 0.124
3475.000 0.031 0.029
3476.000 0.023 0.064
3477.000 0.039 0.058
3478.000 0.063 0.031
3479.000 0.082 0.028
3480.000 0.087 0.028
3481.000 0.089 0.026
3482.000 0.094 0.028
3483.000 0.125 0.028
3484.000 0.021 0.058
3485.000 0.040 0.030
3486.000 0.044 0.030
3487.000 0.053 0.033
3488.000 0.066 0.033
3489.000 0.070 0.034
3490.000 0.082 0.035
3491.000 0.119 0.040
3492.000 0.217 0.019
3493.000 0.432 0.028
3494.000 0.770 0.018
3495.000 1.080 0.031
3496.000 1.175 0.018
3497.000 1.182 0.044
3498.000 1.185 0.033
3499.000 1.183 0.084
3500.000 1.193 0.220
3501.000 1.178 0.207
3502.000 1.179 0.036
3503.000 1.189 0.040
3504.000 1.184 0.042
3505.000 1.184 0.037
3506.000 1.183 0.039
3507.000 1.183 0.038
3508.000 1.183 0.034
3509.000 1.182 0.034
3510.000 1.182 0.033
3511.000 1.182 0.034
3512.000 1.181 0.035
3513.000 1.182 0.034
3514.000 1.181 0.034
3515.000 1.180 0.034
3516.000 1.178 0.034
3517.000 1.178 0.033
3518.000 1.178 0.033
3519.000 1.180 0.034
3520.000 1.181 0.034
3521.000 1.181 0.033
3522.000 1.181 0.034
3523.000 1.168 0.035
3524.000 1.165 0.033
3525.000 1.163 0.032
3526.000 1.154 0.049
3527.000 1.172 0.106
3528.000 1.189 0.189
3529.000 1.166 0.345
3530.000 1.067 0.465
3531.000 0.838 0.255
3532.000 0.536 0.182
3533.000 0.396 0.028
3534.000 0.173 0.040
3535.000 0.061 0.046
3536.000 0.016 0.118
3537.000 0.003 0.328
3538.000 0.002 0.522
3539.000 0.004 0.758
3540.000 0.025 0.942
3541.000 0.022 1.106
3542.000 0.030 1.169
3543.000 0.032 1.161
3544.000 0.036 1.160
3545.000 0.036 1.162
3546.000 0.034 1.164
3547.000 0.034 1.167
3548.000 0.037 1.169
3549.000 0.038 1.170
3550.000 0.037 1.170
3551.000 0.038 1.171
3552.000 0.038 1.170
3553.000 0.039 1.170
3554.000 0.038 1.170
3555.000 0.039 1.171
3556.000 0.039 1.172
3557.000 0.041 1.171
3558.000 0.042 1.172
3559.000 0.041 1.171
3560.000 0.042 1.170
3561.000 0.042 1.171
3562.000 0.043 1.171
3563.000 0.043 1.171
3564.000 0.041 1.171
3565.000 0.041 1.171
3566.000 0.041 1.170
3567.000 0.040 1.170
3568.000 0.041 1.169
3569.000 0.041 1.170
3570.000 0.042 1.171
3571.000 0.043 1.172
3572.000 0.041 1.170
3573.000 0.041 1.169
3574.000 0.038 1.168
3575.000 0.036 1.166
3576.000 0.035 1.165
3577.000 0.034 1.165
3578.000 0.035 1.166
3579.000 0.037 1.166
3580.000 0.037 1.165
3581.000 0.034 1.164
3582.000 0.032 1.164
3583.000 0.031 1.163
3584.000 0.031 1.164
3585.000 0.031 1.162
3586.000 0.032 1.164
3587.000 0.033 1.163
3588.000 0.033 1.163
3589.000 0.033 1.164
3590.000 0.032 1.164
3591.000 0.031 1.162
3592.000 0.031 1.162
3593.000 0.030 1.161
3594.000 0.029 1.163
3595.000 0.030 1.162
3596.000 0.030 1.162
3597.000 0.030 1.162
3598.000 0.029 1.162
3599.000 0.030 1.161
3600.000 0.026 1.160
