time X0 Y0 X1 Y1 X2 Y2 X3 Y3 X4 Y4 X5 Y5 X6 Y6 X7 Y7 X8 Y8 X9 Y9
183 0.0985 0.7375 0.117 0.29 0.097 0.252 0.159 0.328 0.122 0.961 0.126 0.809 0.068 0.357 0.058 0.362 0.078 0.285 0.104 0.35
184 0.072 0.64 0.131 0.132 0.087 0.129 0.137 0.134 0.1 0.836 0.079 0.723 0.093 0.223 0.06 0.227 0.068 0.177 0.118 0.228
185 0.075 0.546 0.144 0.045 0.107 0.061 0.147 0.054 0.073 0.689 0.079 0.619 0.141 0.075 0.13 0.107 0.076 0.065 0.163 0.091
186 0.058 0.402 0.22 0.05 0.136 0.072 0.244 0.05 0.09 0.556 0.066 0.468 0.207 0.054 0.185 0.093 0.105 0.038 0.255 0.063
187 0.068 0.268 0.343 0.059 0.267 0.099 0.405 0.055 0.082 0.413 0.054 0.295 0.343 0.086 0.287 0.079 0.248 0.034 0.409 0.077
188 0.082 0.181 0.526 0.097 0.326 0.154 0.589 0.067 0.064 0.251 0.056 0.17 0.473 0.104 0.391 0.079 0.363 0.061 0.578 0.091
189 0.068 0.125 0.69 0.126 0.381 0.172 0.725 0.05 0.076 0.146 0.067 0.09 0.629 0.094 0.551 0.071 0.483 0.057 0.734 0.071
190 0.055 0.062 0.885 0.128 0.59 0.111 0.867 0.056 0.104 0.055 0.11 0.05 0.801 0.077 0.713 0.084 0.679 0.073 0.91 0.103
191 0.086 0.045 1.019 0.16 0.791 0.092 0.963 0.107 0.181 0.054 0.292 0.064 0.914 0.097 0.889 0.072 0.853 0.067 1.056 0.124
192 0.222 0.065 1.137 0.198 0.963 0.118 1.094 0.128 0.341 0.045 0.43 0.071 1.046 0.158 1.071 0.076 1.016 0.101 1.156 0.189
193 0.354 0.065 1.151 0.351 1.079 0.219 1.152 0.244 0.522 0.059 0.626 0.104 1.133 0.337 1.148 0.137 1.115 0.281 1.153 0.282
194 0.514 0.057 1.144 0.493 1.085 0.375 1.147 0.4 0.73 0.088 0.799 0.132 1.099 0.494 1.144 0.296 1.071 0.453 1.09 0.483
195 0.663 0.08 1.097 0.662 1.064 0.495 1.114 0.535 0.889 0.158 0.929 0.16 1.085 0.658 1.143 0.447 1.022 0.559 1.042 0.643
196 0.84 0.107 1.099 0.815 1.034 0.68 1.092 0.669 1.013 0.181 1.014 0.363 1.085 0.847 1.124 0.616 1.003 0.702 1.019 0.79
197 0.965 0.168 1.154 0.932 1.001 0.739 1.048 0.863 1.084 0.332 1.076 0.592 1.136 0.988 1.117 0.824 1.006 0.862 1.098 0.981
198 1.082 0.292 1.132 1.089 1.023 0.924 1.054 1.04 1.09 0.509 1.096 0.827 1.1 1.121 1.103 1.029 1.025 1.029 1.07 1.142
199 1.122 0.462 1.046 1.124 0.991 1.066 0.944 1.096 1.091 0.686 1.079 1.021 1.014 1.144 1.004 1.084 0.939 1.107 0.919 1.148
200 1.127 0.628 0.949 1.127 0.861 1.063 0.804 1.078 1.046 0.86 0.963 1.094 0.844 1.145 0.85 1.097 0.792 1.097 0.753 1.13
201 1.098 0.788 0.772 1.132 0.761 1.013 0.658 1.058 0.938 0.998 0.84 1.109 0.682 1.146 0.72 1.097 0.663 1.124 0.61 1.101
202 1.009 0.94 0.581 1.143 0.613 1.094 0.534 1.073 0.798 1.07 0.69 1.141 0.532 1.143 0.575 1.087 0.512 1.154 0.498 1.084
203 0.927 1.046 0.434 1.151 0.44 1.119 0.379 1.081 0.673 1.123 0.53 1.153 0.36 1.121 0.419 1.096 0.338 1.155 0.362 1.075
204 0.786 1.123 0.278 1.144 0.328 1.137 0.291 1.049 0.538 1.105 0.37 1.153 0.24 1.149 0.296 1.118 0.221 1.138 0.209 1.116
205 0.64 1.161 0.152 1.125 0.244 1.161 0.143 1.082 0.39 1.058 0.313 1.058 0.14 1.163 0.16 1.13 0.092 1.127 0.072 1.106
206 0.489 1.154 0.089 1.016 0.144 1.12 0.1 0.979 0.27 1.018 0.201 1.018 0.076 1.093 0.143 1.006 0.073 1.03 0.079 1.014
207 0.333 1.126 0.076 0.943 0.121 1.041 0.092 0.847 0.145 0.981 0.123 0.852 0.111 1.061 0.097 0.921 0.071 0.985 0.08 0.868
208 0.196 1.066 0.081 0.797 0.079 0.962 0.094 0.707 0.069 0.86 0.133 0.693 0.083 1.041 0.104 0.737 0.069 0.907 0.075 0.702
209 0.094 0.986 0.071 0.691 0.091 0.821 0.115 0.569 0.128 0.735 0.152 0.551 0.079 0.894 0.086 0.644 0.077 0.79 0.106 0.563
210 0.07 0.868 0.103 0.541 0.132 0.645 0.104 0.495 0.167 0.605 0.148 0.396 0.104 0.758 0.157 0.525 0.068 0.622 0.127 0.42
211 0.074 0.738 0.183 0.467 0.129 0.495 0.14 0.382 0.22 0.525 0.152 0.257 0.126 0.567 0.169 0.393 0.092 0.518 0.217 0.349
212 0.211 0.683 0.246 0.308 0.168 0.339 0.139 0.28 0.231 0.369 0.266 0.195 0.094 0.566 0.272 0.201 0.07 0.371 0.308 0.204
213 0.316 0.65 0.399 0.183 0.286 0.172 0.245 0.116 0.457 0.202 0.417 0.108 0.099 0.344 0.408 0.12 0.074 0.25 0.475 0.154
214 0.402 0.436 0.561 0.131 0.459 0.084 0.397 0.064 0.624 0.131 0.603 0.063 0.116 0.253 0.587 0.079 0.12 0.224 0.637 0.113
215 0.594 0.237 0.733 0.097 0.669 0.066 0.526 0.088 0.814 0.102 0.833 0.054 0.22 0.164 0.754 0.057 0.216 0.128 0.829 0.086
216 0.815 0.134 0.936 0.106 0.862 0.106 0.759 0.098 0.999 0.139 1.048 0.045 0.368 0.087 0.961 0.069 0.335 0.063 1.015 0.09
217 1.036 0.143 1.099 0.11 1.038 0.115 0.965 0.133 1.116 0.092 1.148 0.068 0.516 0.073 1.132 0.083 0.447 0.049 1.158 0.083
218 1.158 0.186 1.171 0.18 1.155 0.17 1.117 0.199 1.153 0.151 1.15 0.073 0.625 0.077 1.126 0.066 0.571 0.047 1.178 0.071
219 1.142 0.337 1.153 0.322 1.127 0.285 1.117 0.308 1.148 0.236 1.155 0.185 0.682 0.057 1.128 0.212 0.684 0.036 1.156 0.091
220 1.148 0.495 1.145 0.464 1.089 0.44 1.113 0.491 1.151 0.357 1.151 0.317 0.837 0.067 1.121 0.366 0.804 0.043 1.159 0.253
221 1.133 0.643 1.163 0.601 1.104 0.581 1.119 0.636 1.159 0.491 1.137 0.432 0.934 0.093 1.137 0.525 0.892 0.047 1.154 0.386
222 1.121 0.768 1.161 0.752 1.039 0.725 1.057 0.763 1.141 0.613 1.124 0.602 0.933 0.128 1.1 0.677 0.976 0.052 1.147 0.534
223 1.035 0.922 1.125 0.868 0.989 0.894 1.028 0.904 1.145 0.779 1.12 0.789 0.961 0.173 1.087 0.861 1.048 0.057 1.147 0.711
224 1.046 1.039 1.117 0.982 0.912 1.014 0.914 1.028 1.133 0.968 1.098 0.928 1.067 0.131 1.116 0.981 1.119 0.07 1.151 0.87
225 1.002 1.133 1.114 1.108 0.792 1.016 0.773 1.083 1.084 1.066 1.002 1.052 1.137 0.059 1.019 1.119 1.178 0.081 1.14 1.035
226 0.759 1.132 0.938 1.144 0.684 1.089 0.754 1.117 0.952 1.103 0.809 1.079 1.16 0.139 0.851 1.124 1.175 0.164 1.047 1.121
227 0.662 1.146 0.752 1.154 0.579 1.146 0.589 1.138 0.821 1.094 0.644 1.105 1.177 0.237 0.731 1.102 1.14 0.264 0.889 1.144
228 0.484 1.137 0.587 1.139 0.438 1.149 0.439 1.125 0.695 1.105 0.472 1.092 1.174 0.286 0.559 1.103 1.161 0.334 0.705 1.156
229 0.34 1.129 0.378 1.139 0.267 1.15 0.279 1.127 0.533 1.105 0.338 1.061 1.163 0.351 0.375 1.089 1.095 0.465 0.512 1.157
230 0.184 1.148 0.184 1.16 0.1 1.159 0.119 1.143 0.385 1.101 0.182 1.08 1.146 0.448 0.192 1.113 1.058 0.549 0.332 1.161
231 0.083 1.086 0.179 1.168 0.083 1.157 0.065 1.099 0.248 1.145 0.086 1.073 1.119 0.549 0.108 1.074 1.039 0.643 0.186 1.153
232 0.075 0.963 0.109 1.135 0.097 1.071 0.122 1.035 0.135 1.1 0.101 0.943 1.116 0.674 0.115 0.949 1.009 0.741 0.12 1.063
233 0.074 0.834 0.109 1.075 0.059 0.927 0.133 0.898 0.137 1.029 0.079 0.818 1.099 0.773 0.09 0.799 0.945 0.773 0.071 0.911
234 0.063 0.729 0.085 0.935 0.099 0.814 0.166 0.764 0.113 0.891 0.133 0.712 1.033 0.849 0.092 0.686 0.95 0.742 0.08 0.788
235 0.102 0.645 0.11 0.81 0.133 0.727 0.171 0.661 0.159 0.77 0.145 0.577 1.002 0.887 0.096 0.56 0.885 0.648 0.083 0.68
236 0.098 0.506 0.115 0.675 0.101 0.603 0.168 0.564 0.178 0.626 0.13 0.516 0.953 0.91 0.078 0.5 0.757 0.632 0.073 0.603
237 0.139 0.404 0.101 0.559 0.111 0.501 0.132 0.492 0.157 0.541 0.173 0.441 0.844 0.864 0.111 0.383 0.693 0.637 0.102 0.488
238 0.136 0.386 0.106 0.497 0.116 0.475 0.162 0.415 0.168 0.429 0.185 0.389 0.737 0.811 0.108 0.294 0.658 0.716 0.092 0.469
239 0.083 0.294 0.107 0.502 0.063 0.428 0.181 0.324 0.189 0.404 0.133 0.254 0.676 0.784 0.075 0.213 0.643 0.79 0.085 0.333
240 0.064 0.149 0.086 0.393 0.074 0.334 0.134 0.164 0.16 0.247 0.115 0.146 0.594 0.793 0.059 0.097 0.525 0.754 0.068 0.179
241 0.074 0.063 0.121 0.232 0.083 0.173 0.139 0.068 0.171 0.092 0.147 0.047 0.49 0.761 0.058 0.049 0.419 0.744 0.131 0.091
242 0.168 0.05 0.219 0.107 0.203 0.1 0.197 0.059 0.279 0.051 0.181 0.052 0.374 0.719 0.128 0.073 0.329 0.679 0.187 0.063
243 0.26 0.075 0.352 0.081 0.318 0.138 0.358 0.045 0.412 0.084 0.266 0.044 0.309 0.645 0.142 0.083 0.271 0.619 0.283 0.063
244 0.387 0.094 0.49 0.077 0.451 0.133 0.468 0.051 0.553 0.069 0.365 0.052 0.269 0.528 0.26 0.075 0.204 0.581 0.425 0.078
245 0.536 0.129 0.644 0.119 0.609 0.149 0.65 0.069 0.694 0.076 0.464 0.107 0.166 0.519 0.395 0.057 0.16 0.532 0.528 0.06
246 0.695 0.174 0.808 0.143 0.774 0.154 0.825 0.096 0.845 0.071 0.63 0.078 0.088 0.525 0.55 0.127 0.088 0.543 0.725 0.073
247 0.875 0.106 0.973 0.128 0.907 0.119 0.994 0.123 0.997 0.096 0.811 0.076 0.07 0.499 0.71 0.124 0.078 0.527 0.897 0.075
248 1.018 0.165 1.126 0.178 1.056 0.111 1.149 0.147 1.155 0.123 1.015 0.083 0.087 0.414 0.898 0.109 0.117 0.468 1.048 0.111
249 1.145 0.289 1.159 0.29 1.165 0.147 1.18 0.279 1.174 0.188 1.139 0.085 0.075 0.339 1.131 0.262 0.127 0.377 1.162 0.195
250 1.134 0.431 1.155 0.446 1.127 0.292 1.158 0.394 1.173 0.313 1.138 0.282 0.066 0.252 1.124 0.41 0.083 0.279 1.154 0.353
251 1.072 0.563 1.134 0.599 1.084 0.457 1.15 0.535 1.143 0.512 1.173 0.392 0.096 0.163 1.11 0.517 0.064 0.21 1.101 0.498
252 1.048 0.671 1.065 0.692 1.019 0.594 1.145 0.643 1.129 0.641 1.138 0.54 0.147 0.116 1.076 0.643 0.158 0.145 1.01 0.626
253 0.957 0.756 0.981 0.798 0.966 0.721 1.047 0.786 1.047 0.765 1.125 0.666 0.218 0.077 1.043 0.757 0.222 0.109 0.922 0.754
254 0.937 0.969 0.925 0.986 0.907 0.839 1.046 0.915 1.009 0.877 1.087 0.739 0.273 0.069 0.995 0.857 0.35 0.068 0.897 0.936
255 1.004 1.072 0.981 1.107 0.936 0.995 1.056 0.974 1.078 0.936 1.155 0.915 0.334 0.054 1.014 0.885 0.423 0.091 0.938 1.08
256 1.093 1.091 1.079 1.124 0.97 1.024 1.115 1.069 1.129 1.074 1.128 1.031 0.424 0.09 1.067 0.916 0.492 0.128 1.03 1.067
257 1.139 1.016 1.104 1.102 1.051 1.064 1.145 1.016 1.162 1.031 1.148 0.981 0.513 0.109 1.139 0.928 0.571 0.222 1.116 0.98
258 1.115 0.941 1.151 1.043 1.129 0.969 1.169 0.927 1.157 0.977 1.138 0.84 0.623 0.166 1.145 0.809 0.664 0.295 1.085 0.905
259 1.069 0.782 1.11 0.915 1.103 0.84 1.15 0.851 1.169 0.886 1.082 0.709 0.722 0.26 1.132 0.697 0.72 0.358 1.083 0.738
260 1.017 0.667 1.082 0.816 1.087 0.674 1.147 0.701 1.132 0.719 1.03 0.586 0.78 0.337 1.106 0.632 0.737 0.398 1.003 0.614
261 1.021 0.495 1.055 0.665 1.048 0.502 1.09 0.564 1.098 0.617 1.016 0.445 0.838 0.39 1.084 0.483 0.726 0.453 0.946 0.48
262 1.077 0.335 0.962 0.519 1.092 0.349 1.092 0.442 1.091 0.533 1.046 0.314 0.875 0.444 1.126 0.373 0.715 0.48 0.919 0.442
263 1.137 0.231 0.933 0.45 1.153 0.215 1.09 0.273 1.113 0.412 1.135 0.205 0.99 0.358 1.169 0.226 0.786 0.34 1.019 0.34
264 1.142 0.099 0.973 0.364 1.159 0.093 1.162 0.151 1.146 0.251 1.126 0.086 1.106 0.241 1.179 0.09 0.988 0.263 1.103 0.176
265 1.07 0.084 1.009 0.268 1.114 0.091 1.143 0.112 1.163 0.158 1.085 0.05 1.148 0.161 1.127 0.106 1.085 0.132 1.11 0.145
266 1.043 0.064 1.024 0.191 1.043 0.08 1.129 0.061 1.139 0.116 1.032 0.049 1.13 0.177 1.093 0.057 1.011 0.123 1.038 0.135
267 0.95 0.053 0.971 0.167 0.994 0.108 1.014 0.069 1.087 0.106 0.919 0.053 1.052 0.144 0.984 0.07 0.924 0.095 0.961 0.146
268 0.803 0.057 0.887 0.119 0.827 0.081 0.882 0.061 1.047 0.109 0.745 0.049 0.997 0.095 0.819 0.039 0.785 0.081 0.793 0.11
269 0.647 0.057 0.694 0.074 0.63 0.08 0.768 0.066 0.965 0.089 0.575 0.058 0.859 0.102 0.682 0.045 0.581 0.106 0.622 0.116
270 0.526 0.043 0.556 0.152 0.508 0.054 0.587 0.075 0.829 0.096 0.462 0.05 0.707 0.116 0.542 0.031 0.442 0.053 0.474 0.12
271 0.4 0.061 0.434 0.144 0.393 0.059 0.417 0.078 0.685 0.111 0.336 0.072 0.552 0.129 0.421 0.04 0.309 0.067 0.359 0.12
272 0.27 0.08 0.28 0.164 0.276 0.056 0.307 0.065 0.551 0.144 0.224 0.059 0.411 0.187 0.278 0.031 0.199 0.109 0.254 0.13
273 0.103 0.079 0.224 0.092 0.184 0.071 0.219 0.047 0.417 0.175 0.107 0.068 0.231 0.189 0.192 0.032 0.083 0.11 0.078 0.148
274 0.089 0.067 0.123 0.071 0.131 0.052 0.123 0.038 0.288 0.186 0.082 0.049 0.109 0.121 0.123 0.026 0.062 0.069 0.094 0.095
275 0.075 0.095 0.106 0.095 0.149 0.085 0.091 0.069 0.196 0.163 0.054 0.082 0.097 0.147 0.17 0.061 0.04 0.071 0.065 0.13
276 0.072 0.161 0.09 0.193 0.168 0.115 0.108 0.139 0.152 0.153 0.076 0.151 0.081 0.219 0.153 0.099 0.041 0.175 0.076 0.226
277 0.053 0.225 0.09 0.265 0.224 0.259 0.122 0.221 0.168 0.326 0.093 0.21 0.129 0.367 0.12 0.142 0.055 0.306 0.094 0.347
278 0.059 0.367 0.099 0.383 0.177 0.459 0.119 0.384 0.158 0.49 0.09 0.322 0.143 0.501 0.103 0.2 0.058 0.44 0.094 0.493
279 0.061 0.516 0.068 0.519 0.169 0.565 0.093 0.556 0.118 0.672 0.118 0.462 0.096 0.659 0.159 0.358 0.055 0.59 0.077 0.643
280 0.074 0.637 0.08 0.68 0.185 0.707 0.118 0.775 0.138 0.842 0.106 0.614 0.093 0.851 0.165 0.503 0.064 0.729 0.087 0.8
281 0.082 0.765 0.089 0.846 0.199 0.847 0.115 0.938 0.18 0.957 0.105 0.796 0.14 0.982 0.18 0.659 0.067 0.849 0.081 0.953
282 0.062 0.863 0.113 1.01 0.209 0.969 0.113 1.089 0.211 1.044 0.104 0.995 0.152 1.089 0.164 0.818 0.068 1.025 0.094 1.068
283 0.087 0.988 0.189 1.109 0.22 1.056 0.111 1.154 0.202 1.146 0.092 1.129 0.189 1.16 0.155 0.943 0.072 1.116 0.118 1.141
284 0.126 1.046 0.224 1.142 0.237 1.12 0.197 1.13 0.252 1.145 0.177 1.12 0.252 1.157 0.156 1.032 0.186 1.067 0.215 1.125
285 0.18 1.073 0.321 1.154 0.341 1.101 0.304 1.122 0.353 1.108 0.271 1.101 0.349 1.128 0.169 1.033 0.262 1.047 0.312 1.096
286 0.243 1.089 0.442 1.151 0.459 1.125 0.413 1.15 0.487 1.134 0.366 1.142 0.487 1.143 0.263 1.082 0.325 1.067 0.38 1.099
287 0.307 1.081 0.567 1.146 0.593 1.049 0.521 1.122 0.627 1.099 0.5 1.135 0.636 1.116 0.358 1.122 0.461 1.058 0.544 1.052
288 0.394 1.052 0.738 1.117 0.761 1.065 0.625 1.104 0.817 1.094 0.632 1.141 0.807 1.124 0.391 1.158 0.638 1.048 0.672 1.02
289 0.522 1.059 0.894 1.106 0.91 1.077 0.792 1.116 0.943 1.12 0.74 1.148 0.981 1.135 0.445 1.152 0.792 1.086 0.836 1.035
290 0.636 1.093 1.007 1.131 1.04 1.122 0.942 1.132 1.075 1.112 0.834 1.118 1.094 1.123 0.576 1.125 0.901 1.096 0.916 1.067
291 0.807 1.102 1.103 1.101 1.119 1.103 1.048 1.099 1.147 1.002 0.92 1.023 1.131 1.062 0.699 1.071 1.006 1.02 1.108 1.0
292 0.936 1.051 1.058 1.015 1.072 0.963 1.023 0.971 1.14 0.972 0.964 0.928 1.088 0.964 0.818 1.021 1.026 0.917 1.083 0.938
293 1.007 1.003 1.047 0.916 1.049 0.821 0.964 0.901 1.096 0.843 0.954 0.817 1.069 0.828 0.872 1.054 1.001 0.802 1.079 0.802
294 1.032 0.919 1.025 0.867 1.008 0.705 1.024 0.794 1.049 0.777 0.961 0.692 1.029 0.675 0.885 0.795 0.994 0.721 1.017 0.65
295 1.028 0.826 0.959 0.69 0.933 0.568 1.006 0.666 1.017 0.621 0.89 0.579 0.987 0.542 0.832 0.759 0.864 0.657 0.961 0.54
296 1.016 0.728 0.825 0.688 0.819 0.517 0.831 0.672 0.869 0.604 0.816 0.586 0.902 0.581 0.764 0.692 0.777 0.631 0.857 0.553
297 0.946 0.654 0.696 0.723 0.699 0.553 0.765 0.706 0.788 0.666 0.746 0.595 0.789 0.616 0.613 0.674 0.645 0.638 0.796 0.589
298 0.85 0.619 0.523 0.696 0.59 0.532 0.643 0.746 0.728 0.693 0.655 0.619 0.636 0.682 0.453 0.69 0.534 0.635 0.699 0.585
299 0.742 0.601 0.358 0.631 0.513 0.597 0.451 0.753 0.558 0.65 0.535 0.603 0.458 0.71 0.293 0.623 0.405 0.596 0.57 0.513
300 0.65 0.569 0.196 0.524 0.364 0.593 0.309 0.673 0.385 0.613 0.393 0.591 0.228 0.646 0.15 0.531 0.319 0.567 0.371 0.493
301 0.523 0.562 0.079 0.463 0.251 0.538 0.162 0.66 0.219 0.586 0.276 0.527 0.079 0.58 0.084 0.552 0.163 0.513 0.164 0.443
302 0.396 0.562 0.089 0.549 0.115 0.621 0.075 0.734 0.078 0.639 0.174 0.508 0.066 0.739 0.07 0.613 0.092 0.584 0.118 0.553
303 0.283 0.617 0.073 0.558 0.136 0.707 0.098 0.903 0.073 0.767 0.115 0.589 0.081 0.923 0.108 0.749 0.071 0.591 0.086 0.566
304 0.204 0.684 0.15 0.598 0.147 0.92 0.136 1.053 0.069 0.908 0.128 0.903 0.072 1.043 0.118 0.905 0.087 0.741 0.115 0.74
305 0.185 0.813 0.199 0.748 0.139 1.1 0.111 1.147 0.068 1.059 0.132 0.969 0.082 1.127 0.095 0.968 0.084 0.914 0.114 0.92
306 0.168 0.917 0.234 0.909 0.122 1.124 0.155 1.155 0.092 1.068 0.116 1.059 0.113 1.15 0.084 1.028 0.081 0.997 0.081 1.016
307 0.17 1.013 0.335 0.994 0.237 1.138 0.294 1.113 0.202 1.125 0.206 1.118 0.154 1.142 0.164 1.112 0.208 1.055 0.108 1.073
308 0.279 1.045 0.393 1.07 0.359 1.132 0.386 1.108 0.316 1.159 0.331 1.15 0.255 1.136 0.316 1.12 0.273 1.084 0.183 1.052
309 0.389 1.046 0.49 1.085 0.488 1.132 0.509 1.111 0.461 1.162 0.459 1.148 0.343 1.135 0.372 1.134 0.385 1.115 0.235 1.111
310 0.521 1.04 0.606 1.048 0.663 1.114 0.632 1.067 0.62 1.155 0.623 1.137 0.427 1.134 0.539 1.125 0.486 1.083 0.289 1.137
311 0.652 1.052 0.686 0.969 0.793 1.126 0.778 1.094 0.705 1.111 0.767 1.097 0.439 1.176 0.619 1.137 0.628 1.09 0.372 1.133
312 0.733 1.041 0.739 0.873 0.952 1.128 0.849 1.1 0.757 1.096 0.823 1.133 0.558 1.124 0.608 1.112 0.752 1.103 0.416 1.144
313 0.781 0.952 0.778 0.838 0.922 1.061 0.865 0.986 0.827 0.939 0.871 1.058 0.561 1.127 0.635 1.121 0.808 0.979 0.494 1.14
314 0.849 0.898 0.86 0.847 0.947 0.98 0.944 0.936 0.875 0.904 0.852 0.986 0.677 1.031 0.692 1.047 0.84 0.913 0.549 1.108
315 0.965 0.85 0.898 0.784 1.001 0.927 1.001 0.898 0.998 0.896 0.846 1.009 0.824 0.973 0.777 1.03 0.973 0.911 0.651 1.062
316 1.047 0.867 0.996 0.773 1.082 1.001 1.12 0.843 1.104 0.853 0.898 1.107 0.976 0.849 0.865 1.068 1.113 0.911 0.732 1.054
317 1.103 1.031 1.128 0.872 1.087 1.094 1.153 0.911 1.124 0.959 0.954 1.139 1.077 0.929 0.879 1.129 1.135 1.029 0.824 1.097
318 1.024 1.129 1.09 1.05 1.014 1.134 1.141 1.024 1.056 1.069 0.983 1.136 0.978 1.11 0.963 1.121 1.139 1.087 0.894 1.118
319 1.066 1.116 1.037 1.073 1.024 1.096 1.078 1.125 1.024 1.082 0.982 1.131 0.959 1.08 0.954 1.111 1.129 1.145 0.923 1.077
320 1.047 1.091 1.07 1.026 0.996 1.098 1.083 1.049 1.033 1.052 1.016 1.156 0.992 1.004 0.988 1.064 1.114 1.048 0.946 1.101
321 1.122 1.038 1.099 0.916 1.058 1.048 1.118 0.948 1.054 0.948 1.032 1.063 0.95 0.96 1.029 0.975 1.147 0.951 0.991 1.066
322 1.186 1.005 1.125 0.791 1.121 0.965 1.113 0.886 1.036 0.846 1.063 1.022 1.04 0.889 1.036 0.931 1.152 0.964 1.046 0.992
323 1.128 1.063 1.182 0.736 1.137 0.879 1.16 0.8 1.097 0.729 1.102 0.987 1.051 0.748 1.113 0.824 1.163 0.848 1.092 0.864
324 1.101 0.956 1.158 0.665 1.182 0.779 1.159 0.685 1.158 0.641 1.141 0.936 1.081 0.641 1.103 0.692 1.162 0.73 1.136 0.778
325 1.109 0.874 1.144 0.534 1.17 0.712 1.131 0.542 1.141 0.509 1.153 0.853 1.099 0.559 1.105 0.626 1.167 0.613 1.11 0.691
326 1.104 0.756 1.143 0.399 1.181 0.592 1.072 0.356 1.118 0.368 1.162 0.773 1.036 0.438 1.116 0.495 1.128 0.47 1.172 0.611
327 1.073 0.644 1.141 0.247 1.141 0.424 1.127 0.236 1.126 0.242 1.146 0.662 1.02 0.328 1.087 0.271 1.156 0.275 1.176 0.484
328 0.983 0.565 1.16 0.099 1.158 0.241 1.118 0.072 1.128 0.123 1.118 0.5 1.078 0.154 1.096 0.122 1.158 0.104 1.176 0.363
329 0.892 0.514 1.143 0.033 1.115 0.129 0.99 0.043 0.993 0.057 1.087 0.338 0.972 0.054 0.99 0.056 1.029 0.048 1.159 0.267
330 0.82 0.526 1.035 0.042 0.997 0.085 0.927 0.031 0.897 0.075 1.042 0.225 0.82 0.054 0.852 0.078 0.953 0.052 1.168 0.18
331 0.779 0.451 0.972 0.06 0.908 0.083 0.765 0.08 0.772 0.156 1.007 0.155 0.722 0.124 0.742 0.171 0.941 0.038 1.162 0.118
332 0.761 0.353 0.831 0.066 0.726 0.078 0.667 0.062 0.705 0.207 0.953 0.109 0.614 0.156 0.669 0.219 0.832 0.052 1.075 0.072
333 0.72 0.226 0.639 0.062 0.588 0.054 0.504 0.069 0.632 0.21 0.839 0.1 0.475 0.085 0.532 0.185 0.687 0.056 0.973 0.041
334 0.722 0.187 0.445 0.05 0.439 0.041 0.411 0.073 0.426 0.105 0.734 0.089 0.35 0.057 0.404 0.119 0.62 0.07 0.927 0.037
335 0.737 0.139 0.315 0.058 0.303 0.049 0.256 0.068 0.312 0.083 0.652 0.08 0.245 0.05 0.323 0.162 0.455 0.071 0.782 0.049
336 0.611 0.04 0.228 0.045 0.169 0.119 0.113 0.115 0.146 0.153 0.572 0.067 0.133 0.086 0.288 0.186 0.294 0.065 0.73 0.088
337 0.454 0.068 0.109 0.115 0.073 0.149 0.066 0.075 0.078 0.244 0.425 0.067 0.052 0.064 0.168 0.165 0.151 0.081 0.646 0.108
338 0.34 0.069 0.089 0.188 0.045 0.196 0.042 0.179 0.05 0.263 0.217 0.086 0.067 0.125 0.074 0.219 0.076 0.155 0.532 0.11
339 0.228 0.095 0.129 0.306 0.049 0.34 0.073 0.293 0.088 0.375 0.121 0.273 0.075 0.196 0.074 0.349 0.103 0.296 0.436 0.173
340 0.144 0.148 0.138 0.464 0.069 0.473 0.08 0.402 0.104 0.495 0.091 0.357 0.063 0.356 0.084 0.494 0.104 0.455 0.371 0.206
341 0.106 0.27 0.16 0.543 0.081 0.606 0.065 0.566 0.138 0.632 0.133 0.492 0.079 0.505 0.124 0.626 0.129 0.578 0.305 0.2
342 0.107 0.431 0.209 0.683 0.091 0.742 0.074 0.709 0.204 0.743 0.113 0.608 0.082 0.656 0.108 0.751 0.106 0.711 0.239 0.281
343 0.121 0.57 0.163 0.766 0.138 0.834 0.083 0.781 0.181 0.807 0.107 0.69 0.097 0.764 0.169 0.834 0.112 0.8 0.211 0.455
344 0.083 0.653 0.163 0.858 0.118 0.934 0.085 0.952 0.152 0.925 0.1 0.676 0.11 0.828 0.141 0.937 0.109 0.924 0.142 0.563
345 0.097 0.795 0.126 0.974 0.112 1.058 0.083 1.076 0.123 1.019 0.132 0.799 0.084 0.892 0.117 1.085 0.098 1.055 0.116 0.676
346 0.086 0.904 0.071 1.093 0.113 1.155 0.084 1.157 0.138 1.117 0.13 1.0 0.089 1.028 0.125 1.158 0.102 1.155 0.125 0.801
347 0.11 1.002 0.089 1.132 0.183 1.158 0.07 1.155 0.22 1.113 0.173 1.109 0.132 1.115 0.23 1.14 0.105 1.132 0.221 0.86
348 0.183 1.063 0.18 1.149 0.282 1.158 0.183 1.163 0.354 1.037 0.305 1.128 0.265 1.161 0.356 1.054 0.219 1.107 0.258 0.788
349 0.257 1.003 0.236 1.097 0.4 1.118 0.334 1.141 0.334 0.833 0.422 1.104 0.351 1.162 0.405 0.942 0.242 1.056 0.346 0.714
350 0.295 0.886 0.314 1.033 0.428 1.015 0.294 1.154 0.371 0.74 0.455 0.984 0.426 1.086 0.445 0.829 0.325 1.028 0.457 0.728
351 0.416 0.858 0.395 0.982 0.427 0.886 0.336 1.085 0.497 0.758 0.465 0.886 0.474 0.992 0.576 0.798 0.381 0.914 0.586 0.744
352 0.545 0.811 0.472 0.94 0.536 0.895 0.407 1.016 0.594 0.807 0.587 0.87 0.579 0.906 0.615 0.862 0.474 0.868 0.621 0.846
353 0.599 0.934 0.593 0.989 0.604 0.977 0.517 1.015 0.653 0.875 0.641 0.923 0.674 0.971 0.695 0.96 0.553 0.951 0.699 0.913
354 0.585 1.016 0.598 1.088 0.632 1.109 0.536 1.097 0.726 1.03 0.675 1.064 0.633 1.093 0.73 1.088 0.569 1.065 0.737 1.029
355 0.57 1.054 0.618 1.134 0.633 1.136 0.543 1.14 0.679 1.142 0.65 1.127 0.636 1.119 0.74 1.154 0.532 1.086 0.768 1.123
356 0.454 1.053 0.514 1.116 0.558 1.132 0.47 1.138 0.648 1.129 0.603 1.105 0.55 1.086 0.737 1.141 0.487 1.122 0.721 1.125
357 0.417 1.01 0.395 1.099 0.403 1.09 0.379 1.127 0.511 1.094 0.476 1.148 0.443 1.064 0.799 1.064 0.393 1.092 0.541 1.121
358 0.382 0.909 0.352 1.131 0.376 1.036 0.292 1.15 0.473 1.077 0.465 1.088 0.378 0.971 0.878 1.043 0.325 1.075 0.87 1.03
359 0.402 0.848 0.202 1.119 0.386 0.911 0.196 1.13 0.441 0.992 0.444 1.051 0.334 0.904 0.973 1.05 0.228 1.011 0.929 0.992
360 0.438 0.834 0.097 1.016 0.503 0.934 0.101 1.067 0.62 0.882 0.436 1.018 0.463 0.871 1.071 1.075 0.193 0.944 1.015 1.006
361 0.574 0.858 0.162 0.863 0.718 0.942 0.096 0.949 0.835 0.928 0.513 1.013 0.663 0.877 1.033 1.039 0.307 0.861 1.041 0.998
362 0.72 0.913 0.345 0.868 0.884 0.983 0.217 0.879 0.948 0.967 0.621 0.997 0.856 0.895 0.918 1.047 0.561 0.853 0.955 0.977
363 0.859 0.969 0.576 0.925 0.9 0.974 0.383 0.895 0.982 0.951 0.728 1.003 0.883 0.954 0.977 1.005 0.787 0.926 1.001 0.946
364 0.912 0.92 0.791 0.944 0.972 0.941 0.582 0.922 0.981 0.848 0.822 1.035 0.967 0.836 0.988 0.928 0.888 0.905 1.098 0.841
365 0.949 0.805 0.928 0.865 0.946 0.885 0.78 0.932 1.039 0.763 0.909 1.016 1.029 0.708 1.021 0.774 0.95 0.733 1.113 0.721
366 0.909 0.683 0.969 0.793 1.007 0.763 0.904 0.809 1.022 0.636 0.991 0.941 1.048 0.621 0.988 0.69 0.991 0.607 1.064 0.601
367 0.869 0.573 1.007 0.637 1.035 0.632 0.896 0.655 0.999 0.556 1.02 0.808 1.048 0.473 0.896 0.54 0.96 0.525 1.097 0.46
368 0.825 0.477 0.998 0.499 1.081 0.492 0.833 0.529 1.04 0.456 1.031 0.662 1.043 0.351 0.842 0.449 0.923 0.423 1.108 0.349
369 0.728 0.427 0.987 0.331 1.106 0.354 0.767 0.441 1.02 0.29 1.044 0.509 1.013 0.228 0.737 0.372 0.915 0.35 1.072 0.206
370 0.679 0.403 0.956 0.189 1.079 0.213 0.727 0.429 0.952 0.144 1.022 0.354 0.946 0.13 0.639 0.322 0.922 0.223 1.006 0.168
371 0.646 0.332 0.858 0.162 0.989 0.106 0.696 0.39 0.813 0.162 0.95 0.26 0.749 0.139 0.563 0.312 0.788 0.195 0.889 0.13
372 0.558 0.284 0.713 0.22 0.829 0.087 0.633 0.325 0.62 0.191 0.835 0.241 0.611 0.209 0.5 0.368 0.62 0.236 0.758 0.195
373 0.466 0.313 0.595 0.213 0.611 0.119 0.525 0.317 0.502 0.172 0.723 0.245 0.452 0.265 0.401 0.322 0.513 0.248 0.635 0.177
374 0.341 0.342 0.465 0.229 0.408 0.166 0.399 0.252 0.373 0.215 0.602 0.249 0.336 0.308 0.291 0.319 0.425 0.24 0.534 0.186
375 0.32 0.434 0.398 0.193 0.245 0.238 0.256 0.307 0.223 0.297 0.51 0.235 0.225 0.353 0.151 0.379 0.272 0.305 0.457 0.254
376 0.231 0.519 0.254 0.256 0.157 0.295 0.127 0.388 0.078 0.372 0.429 0.222 0.094 0.421 0.056 0.354 0.219 0.334 0.333 0.287
377 0.149 0.521 0.152 0.314 0.118 0.403 0.109 0.512 0.071 0.489 0.318 0.199 0.115 0.539 0.062 0.415 0.168 0.394 0.189 0.369
378 0.131 0.536 0.067 0.403 0.136 0.53 0.078 0.614 0.072 0.557 0.224 0.246 0.098 0.642 0.093 0.463 0.135 0.498 0.138 0.468
379 0.114 0.684 0.106 0.452 0.085 0.602 0.084 0.688 0.073 0.67 0.141 0.384 0.097 0.728 0.067 0.572 0.152 0.544 0.148 0.525
380 0.178 0.761 0.179 0.548 0.08 0.708 0.167 0.783 0.104 0.794 0.13 0.487 0.133 0.812 0.085 0.656 0.145 0.645 0.126 0.582
381 0.214 0.862 0.192 0.667 0.093 0.857 0.173 0.912 0.137 0.944 0.12 0.546 0.151 0.931 0.14 0.776 0.198 0.713 0.176 0.681
382 0.24 1.012 0.221 0.727 0.139 0.97 0.247 1.041 0.192 1.047 0.115 0.604 0.214 1.054 0.204 0.9 0.255 0.89 0.174 0.754
383 0.263 1.107 0.275 0.83 0.153 1.094 0.273 1.135 0.196 1.131 0.141 0.674 0.236 1.119 0.269 1.051 0.252 0.961 0.165 0.852
384 0.247 1.136 0.295 0.908 0.214 1.106 0.27 1.155 0.201 1.149 0.199 0.814 0.229 1.119 0.271 1.111 0.297 1.024 0.199 0.943
385 0.174 1.148 0.342 0.967 0.206 1.086 0.273 1.15 0.133 1.135 0.244 0.951 0.177 1.131 0.308 1.139 0.341 1.069 0.252 0.993
386 0.187 1.141 0.367 1.043 0.164 1.065 0.197 1.102 0.134 1.079 0.24 1.039 0.145 1.127 0.308 1.138 0.354 1.101 0.28 1.056
387 0.155 1.135 0.367 1.1 0.152 1.064 0.196 1.107 0.122 1.077 0.215 1.087 0.157 1.117 0.247 1.146 0.269 1.118 0.212 1.103
388 0.151 1.148 0.349 1.15 0.12 1.036 0.139 1.113 0.107 1.092 0.176 1.07 0.081 1.12 0.175 1.16 0.225 1.162 0.167 1.11
389 0.097 1.146 0.367 1.107 0.157 0.994 0.11 1.113 0.096 1.052 0.145 1.053 0.1 1.132 0.153 1.168 0.296 1.141 0.131 1.139
390 0.136 1.139 0.339 1.101 0.297 1.029 0.26 1.1 0.092 1.021 0.209 1.018 0.089 1.035 0.291 1.152 0.316 1.065 0.279 1.121
391 0.208 1.143 0.407 1.103 0.316 1.026 0.328 1.04 0.183 1.031 0.271 1.053 0.11 1.104 0.382 1.129 0.377 1.05 0.336 1.055
392 0.265 1.143 0.439 1.036 0.322 1.006 0.356 1.058 0.313 0.961 0.305 1.114 0.173 1.132 0.463 1.113 0.465 0.977 0.454 1.012
393 0.332 1.143 0.454 1.022 0.377 0.91 0.392 0.998 0.354 0.903 0.402 1.109 0.292 1.128 0.514 1.094 0.379 0.904 0.522 0.989
394 0.408 1.126 0.422 0.924 0.442 0.859 0.342 0.897 0.29 0.848 0.47 1.037 0.28 1.155 0.515 1.006 0.447 0.823 0.494 0.923
395 0.47 1.116 0.475 0.907 0.457 0.845 0.42 0.845 0.218 0.801 0.487 0.974 0.296 1.134 0.539 0.903 0.546 0.851 0.557 0.859
396 0.53 1.144 0.541 0.903 0.601 0.852 0.584 0.804 0.42 0.843 0.559 0.955 0.407 0.995 0.642 0.928 0.66 0.844 0.675 0.857
397 0.564 1.149 0.657 0.896 0.732 0.801 0.75 0.786 0.572 0.885 0.68 0.966 0.657 0.917 0.729 0.908 0.773 0.863 0.793 0.884
398 0.621 1.129 0.821 0.882 0.785 0.758 0.859 0.764 0.752 0.917 0.797 0.987 0.782 0.911 0.875 0.849 0.868 0.79 0.892 0.779
399 0.711 1.127 0.907 0.792 0.879 0.677 0.91 0.67 0.798 0.711 0.874 1.0 0.872 0.752 0.981 0.735 0.966 0.72 0.964 0.653
400 0.818 1.061 1.005 0.729 0.923 0.569 0.981 0.527 0.831 0.691 0.953 0.946 0.947 0.577 1.049 0.638 1.032 0.593 1.027 0.535
401 0.907 0.969 1.08 0.596 1.014 0.401 1.082 0.365 0.924 0.66 0.991 0.797 1.038 0.403 1.09 0.48 1.06 0.456 1.11 0.393
402 0.943 0.826 1.105 0.403 1.075 0.303 1.169 0.203 0.972 0.513 1.038 0.592 1.151 0.238 1.148 0.321 1.133 0.261 1.166 0.245
403 0.944 0.675 1.084 0.231 1.077 0.173 1.09 0.079 0.929 0.405 1.066 0.415 1.119 0.126 1.168 0.183 1.085 0.142 1.15 0.135
404 0.929 0.505 0.937 0.113 0.962 0.093 0.907 0.075 0.863 0.353 0.984 0.279 1.061 0.076 1.063 0.122 0.942 0.083 1.111 0.06
405 0.91 0.358 0.793 0.11 0.796 0.077 0.724 0.081 0.756 0.312 0.854 0.228 0.898 0.054 0.953 0.062 0.776 0.092 0.99 0.058
406 0.857 0.229 0.663 0.061 0.693 0.054 0.568 0.078 0.649 0.28 0.723 0.202 0.749 0.061 0.821 0.044 0.623 0.074 0.954 0.074
407 0.72 0.162 0.529 0.066 0.549 0.067 0.431 0.069 0.534 0.227 0.572 0.168 0.637 0.074 0.699 0.062 0.514 0.087 0.791 0.065
408 0.569 0.17 0.35 0.051 0.42 0.071 0.286 0.075 0.414 0.186 0.413 0.166 0.519 0.048 0.583 0.062 0.348 0.084 0.614 0.086
409 0.416 0.169 0.247 0.077 0.311 0.061 0.175 0.144 0.269 0.185 0.311 0.152 0.409 0.05 0.416 0.067 0.231 0.114 0.436 0.097
410 0.303 0.185 0.17 0.127 0.191 0.1 0.079 0.251 0.202 0.249 0.221 0.14 0.268 0.048 0.252 0.101 0.157 0.194 0.265 0.094
411 0.234 0.241 0.055 0.253 0.116 0.105 0.083 0.415 0.186 0.325 0.139 0.167 0.112 0.074 0.157 0.17 0.065 0.295 0.148 0.09
412 0.23 0.338 0.113 0.427 0.057 0.156 0.133 0.487 0.182 0.453 0.089 0.214 0.067 0.081 0.167 0.323 0.129 0.455 0.087 0.082
413 0.249 0.456 0.174 0.603 0.084 0.316 0.178 0.653 0.246 0.572 0.115 0.308 0.055 0.236 0.158 0.463 0.214 0.625 0.092 0.244
414 0.349 0.588 0.189 0.652 0.088 0.442 0.254 0.787 0.341 0.736 0.153 0.504 0.069 0.379 0.288 0.555 0.248 0.75 0.175 0.429
415 0.394 0.662 0.334 0.751 0.146 0.619 0.286 0.89 0.379 0.678 0.241 0.65 0.087 0.501 0.349 0.634 0.268 0.813 0.259 0.541
416 0.442 0.744 0.361 0.936 0.217 0.755 0.346 0.975 0.412 0.763 0.326 0.786 0.132 0.658 0.374 0.664 0.34 0.925 0.358 0.584
417 0.437 0.951 0.416 1.064 0.264 0.896 0.391 1.13 0.41 0.918 0.34 0.931 0.177 0.838 0.416 0.763 0.386 1.074 0.397 0.625
418 0.548 1.137 0.553 1.151 0.303 1.042 0.478 1.146 0.346 1.01 0.351 1.055 0.251 1.013 0.432 0.911 0.436 1.104 0.415 0.725
419 0.689 1.071 0.763 1.086 0.326 1.127 0.621 1.1 0.348 1.063 0.41 1.1 0.294 1.033 0.392 1.028 0.558 1.097 0.491 0.794
420 0.841 1.081 0.932 1.071 0.372 1.126 0.754 1.082 0.415 1.083 0.566 1.07 0.324 1.072 0.464 1.083 0.746 1.044 0.619 0.872
421 0.98 1.053 1.026 1.083 0.46 1.145 0.976 1.089 0.516 1.082 0.747 1.06 0.478 1.074 0.649 1.069 0.899 1.074 0.74 0.944
422 1.06 1.0 1.085 1.036 0.611 1.137 1.081 1.009 0.689 1.066 0.92 1.054 0.648 1.055 0.809 1.089 1.021 1.056 0.885 0.982
423 1.063 0.85 1.125 0.91 0.772 1.121 1.103 0.895 0.907 1.042 1.015 1.042 0.79 1.025 0.965 1.086 1.056 0.933 0.964 0.944
424 1.082 0.781 1.141 0.811 0.917 1.091 1.142 0.753 1.039 1.034 1.102 0.969 0.883 1.001 1.064 1.062 1.1 0.841 0.984 0.853
425 1.024 0.745 1.06 0.778 1.016 0.969 1.097 0.751 1.112 0.882 1.097 0.84 0.985 0.961 1.124 0.924 1.024 0.757 1.006 0.745
426 1.011 0.711 0.985 0.752 1.027 0.865 1.045 0.653 1.018 0.761 1.072 0.736 1.002 0.805 1.113 0.761 0.962 0.742 0.961 0.682
427 0.929 0.611 0.864 0.684 1.024 0.77 1.049 0.572 0.933 0.641 1.027 0.643 0.94 0.718 1.05 0.654 0.872 0.649 0.893 0.623
428 0.825 0.548 0.815 0.65 0.966 0.684 1.062 0.506 0.854 0.566 0.948 0.556 0.923 0.623 0.981 0.571 0.788 0.564 0.772 0.511
429 0.758 0.519 0.71 0.578 0.906 0.617 0.989 0.416 0.803 0.497 0.839 0.516 0.826 0.561 0.86 0.487 0.664 0.503 0.606 0.516
430 0.617 0.476 0.487 0.493 0.848 0.578 0.884 0.353 0.66 0.458 0.744 0.424 0.616 0.505 0.744 0.403 0.489 0.476 0.439 0.411
431 0.407 0.266 0.359 0.457 0.755 0.502 0.848 0.291 0.528 0.377 0.721 0.388 0.468 0.401 0.542 0.348 0.337 0.335 0.364 0.306
432 0.337 0.128 0.213 0.23 0.65 0.419 0.754 0.235 0.421 0.245 0.525 0.283 0.369 0.258 0.403 0.228 0.253 0.169 0.316 0.154
433 0.225 0.039 0.152 0.059 0.501 0.352 0.662 0.184 0.363 0.141 0.42 0.199 0.268 0.11 0.3 0.134 0.178 0.046 0.227 0.055
434 0.089 0.078 0.074 0.187 0.38 0.271 0.594 0.147 0.266 0.059 0.379 0.185 0.149 0.117 0.211 0.079 0.076 0.068 0.099 0.131
435 0.091 0.219 0.071 0.378 0.266 0.259 0.449 0.158 0.164 0.086 0.202 0.243 0.075 0.283 0.105 0.146 0.048 0.202 0.068 0.307
436 0.087 0.34 0.108 0.556 0.208 0.321 0.334 0.153 0.092 0.158 0.145 0.418 0.087 0.441 0.073 0.262 0.06 0.38 0.114 0.476
437 0.117 0.472 0.141 0.736 0.2 0.42 0.264 0.233 0.112 0.351 0.171 0.536 0.127 0.583 0.081 0.389 0.072 0.537 0.152 0.647
438 0.126 0.628 0.146 0.929 0.206 0.524 0.205 0.359 0.125 0.521 0.202 0.696 0.144 0.791 0.095 0.543 0.079 0.774 0.103 0.849
439 0.117 0.827 0.228 1.064 0.215 0.644 0.174 0.505 0.146 0.675 0.201 0.872 0.193 0.971 0.115 0.7 0.091 1.0 0.138 1.024
440 0.178 0.999 0.39 1.142 0.241 0.774 0.2 0.637 0.175 0.841 0.264 1.026 0.328 1.086 0.138 0.856 0.179 1.132 0.252 1.135
441 0.323 1.075 0.549 1.126 0.273 0.92 0.2 0.789 0.235 0.998 0.399 1.088 0.498 1.099 0.189 0.997 0.357 1.159 0.435 1.149
442 0.466 1.104 0.752 1.111 0.318 1.011 0.18 0.899 0.393 1.063 0.554 1.074 0.689 1.078 0.286 1.065 0.535 1.133 0.595 1.122
443 0.635 1.091 0.958 1.084 0.426 1.056 0.22 1.025 0.535 1.082 0.735 1.041 0.871 1.092 0.411 1.087 0.695 1.12 0.755 1.108
444 0.806 1.077 1.084 1.025 0.563 1.05 0.383 1.058 0.685 1.091 0.925 1.041 1.033 1.024 0.557 1.093 0.88 1.096 0.937 1.092
445 0.973 1.032 1.146 0.874 0.721 1.039 0.556 1.047 0.837 1.074 1.063 0.979 1.127 0.889 0.694 1.102 1.042 1.043 1.053 1.07
446 1.09 0.955 1.141 0.707 0.83 1.059 0.721 1.036 0.987 1.004 1.124 0.849 1.11 0.712 0.823 1.077 1.115 0.898 1.149 0.945
447 1.106 0.802 1.132 0.486 0.961 1.025 0.832 1.052 1.068 0.884 1.13 0.67 1.125 0.538 0.838 1.106 1.116 0.717 1.142 0.759
448 1.1 0.647 1.156 0.285 1.038 0.892 0.937 1.046 1.11 0.778 1.133 0.503 1.148 0.389 0.925 1.1 1.143 0.597 1.126 0.633
449 1.116 0.526 1.173 0.104 1.1 0.759 1.032 0.942 1.119 0.649 1.144 0.339 1.163 0.18 0.999 1.03 1.143 0.425 1.12 0.439
450 1.116 0.377 1.17 0.065 1.114 0.611 1.075 0.753 1.095 0.485 1.159 0.166 1.171 0.113 1.023 0.885 1.155 0.233 1.141 0.218
451 1.11 0.216 1.148 0.088 1.12 0.451 1.109 0.59 1.101 0.322 1.068 0.087 1.169 0.093 1.04 0.725 1.141 0.132 1.102 0.103
452 1.014 0.121 1.049 0.049 1.127 0.29 1.094 0.418 1.121 0.19 0.914 0.078 1.08 0.05 1.062 0.573 0.97 0.088 0.988 0.063
453 0.88 0.101 0.925 0.068 1.083 0.155 1.022 0.275 1.012 0.147 0.721 0.076 0.964 0.059 1.056 0.429 0.781 0.09 0.841 0.097
454 0.747 0.095 0.79 0.051 0.956 0.114 0.898 0.184 0.86 0.114 0.523 0.064 0.847 0.044 1.009 0.304 0.598 0.075 0.649 0.097
455 0.6 0.099 0.598 0.054 0.813 0.078 0.716 0.173 0.715 0.116 0.374 0.124 0.706 0.056 0.92 0.206 0.404 0.117 0.452 0.096
456 0.453 0.148 0.445 0.077 0.681 0.073 0.632 0.179 0.582 0.117 0.255 0.276 0.565 0.057 0.775 0.162 0.327 0.27 0.385 0.125
457 0.343 0.273 0.36 0.168 0.582 0.079 0.609 0.169 0.453 0.163 0.166 0.435 0.425 0.096 0.67 0.141 0.237 0.416 0.272 0.282
458 0.254 0.426 0.284 0.299 0.46 0.1 0.561 0.215 0.374 0.259 0.131 0.611 0.342 0.128 0.572 0.155 0.158 0.558 0.197 0.422
459 0.194 0.609 0.194 0.536 0.36 0.122 0.503 0.265 0.331 0.336 0.127 0.796 0.262 0.266 0.486 0.18 0.111 0.716 0.135 0.621
460 0.171 0.786 0.16 0.699 0.273 0.25 0.41 0.357 0.256 0.499 0.125 0.921 0.195 0.43 0.398 0.251 0.101 0.895 0.156 0.829
461 0.149 0.937 0.168 0.907 0.203 0.429 0.321 0.467 0.232 0.644 0.129 1.077 0.163 0.604 0.347 0.357 0.165 1.038 0.161 1.014
462 0.208 1.066 0.247 1.079 0.188 0.625 0.279 0.545 0.247 0.796 0.279 1.158 0.161 0.802 0.294 0.446 0.295 1.147 0.234 1.119
463 0.335 1.118 0.427 1.123 0.207 0.798 0.249 0.662 0.269 0.972 0.398 1.158 0.237 0.995 0.258 0.553 0.465 1.12 0.347 1.135
464 0.456 1.136 0.591 1.098 0.271 0.962 0.249 0.795 0.391 1.058 0.576 1.151 0.373 1.116 0.238 0.675 0.608 1.12 0.485 1.126
465 0.644 1.132 0.748 1.085 0.4 1.067 0.233 0.905 0.542 1.094 0.79 1.141 0.542 1.135 0.261 0.811 0.801 1.105 0.657 1.121
466 0.816 1.123 0.934 1.07 0.553 1.106 0.19 0.97 0.696 1.084 0.981 1.142 0.725 1.111 0.235 0.926 0.977 1.11 0.835 1.112
467 0.991 1.127 1.109 1.03 0.726 1.114 0.24 1.034 0.861 1.075 1.121 1.091 0.899 1.114 0.202 0.991 1.125 1.077 0.988 1.086
468 1.093 1.089 1.137 0.896 0.906 1.101 0.389 1.057 0.99 1.069 1.156 0.994 1.046 1.089 0.284 1.045 1.138 0.947 1.094 1.02
469 1.138 0.92 1.141 0.724 1.04 1.056 0.503 1.029 1.069 1.042 1.15 0.847 1.136 0.978 0.424 1.037 1.142 0.817 1.117 0.866
470 1.134 0.777 1.15 0.627 1.116 0.94 0.647 1.007 1.109 0.903 1.138 0.7 1.156 0.82 0.527 1.037 1.155 0.685 1.12 0.732
471 1.134 0.615 1.122 0.465 1.156 0.794 0.788 0.971 1.125 0.777 1.158 0.554 1.163 0.64 0.699 0.989 1.133 0.512 1.107 0.587
472 1.121 0.474 1.122 0.296 1.168 0.644 0.87 0.856 1.116 0.619 1.16 0.41 1.157 0.461 0.822 0.902 1.153 0.336 1.111 0.457
473 1.114 0.323 1.127 0.128 1.161 0.458 0.957 0.822 1.121 0.467 1.153 0.269 1.176 0.283 0.932 0.863 1.131 0.214 1.123 0.29
474 1.109 0.208 1.029 0.099 1.159 0.287 0.999 0.712 1.112 0.294 1.139 0.13 1.153 0.216 1.0 0.786 1.167 0.117 1.072 0.129
475 0.971 0.139 0.959 0.103 1.154 0.167 1.037 0.569 1.081 0.182 1.055 0.121 1.12 0.134 1.021 0.66 1.124 0.059 1.025 0.069
476 0.844 0.094 0.902 0.059 1.07 0.1 1.045 0.449 0.995 0.156 0.959 0.071 0.995 0.107 1.009 0.535 0.998 0.042 0.907 0.054
477 0.685 0.058 0.78 0.069 0.936 0.068 1.005 0.324 0.885 0.152 0.836 0.065 0.829 0.11 0.964 0.385 0.851 0.046 0.771 0.05
478 0.566 0.098 0.641 0.045 0.82 0.059 0.999 0.239 0.781 0.142 0.695 0.074 0.691 0.139 0.906 0.266 0.7 0.043 0.579 0.071
479 0.388 0.097 0.519 0.047 0.673 0.045 1.001 0.179 0.683 0.127 0.551 0.073 0.539 0.139 0.87 0.148 0.548 0.042 0.414 0.064
480 0.227 0.089 0.383 0.05 0.541 0.048 0.992 0.125 0.589 0.108 0.429 0.074 0.373 0.097 0.916 0.1 0.385 0.041 0.293 0.132
481 0.203 0.089 0.204 0.067 0.418 0.076 1.011 0.125 0.492 0.106 0.312 0.091 0.229 0.131 0.977 0.112 0.241 0.037 0.191 0.141
482 0.126 0.14 0.099 0.115 0.321 0.077 1.022 0.126 0.367 0.117 0.187 0.096 0.178 0.179 1.004 0.086 0.105 0.05 0.102 0.227
483 0.059 0.346 0.054 0.23 0.227 0.097 1.067 0.12 0.225 0.162 0.099 0.204 0.098 0.368 0.881 0.129 0.049 0.102 0.05 0.47
484 0.056 0.548 0.07 0.438 0.155 0.183 1.12 0.116 0.167 0.317 0.097 0.381 0.1 0.611 0.739 0.151 0.052 0.284 0.083 0.683
485 0.089 0.751 0.082 0.63 0.125 0.353 1.169 0.128 0.141 0.495 0.113 0.546 0.156 0.834 0.616 0.245 0.058 0.437 0.113 0.85
486 0.154 0.933 0.104 0.817 0.107 0.52 1.156 0.086 0.116 0.642 0.136 0.729 0.24 0.997 0.523 0.189 0.069 0.583 0.222 1.01
487 0.339 0.999 0.181 0.953 0.11 0.67 1.129 0.073 0.124 0.791 0.21 0.875 0.361 1.051 0.388 0.178 0.084 0.73 0.388 1.124
488 0.489 1.073 0.387 1.045 0.151 0.813 1.08 0.055 0.181 0.927 0.346 0.972 0.525 1.134 0.246 0.216 0.107 0.857 0.521 1.155
489 0.647 1.094 0.587 1.092 0.225 0.943 1.036 0.049 0.293 1.029 0.481 1.042 0.68 1.094 0.195 0.347 0.223 1.0 0.694 1.13
490 0.814 1.045 0.773 1.1 0.331 1.029 0.992 0.048 0.44 1.077 0.633 1.056 0.865 1.058 0.242 0.506 0.382 1.052 0.845 1.12
491 0.999 1.049 0.938 1.133 0.465 1.075 0.941 0.05 0.601 1.105 0.832 1.066 1.028 1.074 0.316 0.65 0.561 1.05 0.985 1.101
492 1.127 1.008 1.092 1.12 0.589 1.076 0.876 0.054 0.831 1.056 1.018 1.07 1.149 1.009 0.437 0.743 0.623 1.049 1.095 1.085
493 1.134 0.836 1.115 1.03 0.697 1.068 0.802 0.044 1.018 1.033 1.089 0.867 1.156 0.956 0.527 0.83 0.838 1.003 1.143 1.003
494 1.122 0.669 1.112 0.887 0.838 1.044 0.738 0.054 1.071 0.889 1.09 0.667 1.151 0.799 0.477 0.92 1.02 0.921 1.132 0.809
495 1.143 0.598 1.114 0.718 0.962 0.953 0.677 0.041 1.064 0.708 1.104 0.524 1.154 0.622 0.321 0.923 1.091 0.799 1.129 0.653
496 1.13 0.53 1.08 0.54 1.051 0.807 0.596 0.048 1.076 0.559 1.124 0.514 1.159 0.523 0.2 0.951 1.119 0.672 1.112 0.531
497 1.115 0.414 1.031 0.391 1.075 0.639 0.519 0.052 1.072 0.444 1.103 0.382 1.176 0.478 0.15 1.017 1.068 0.541 1.089 0.413
498 1.068 0.299 0.994 0.214 1.069 0.495 0.437 0.051 1.015 0.331 1.056 0.253 1.129 0.398 0.187 1.104 1.032 0.423 0.997 0.285
499 1.089 0.199 0.977 0.112 1.035 0.349 0.353 0.042 0.964 0.229 1.038 0.108 1.098 0.223 0.312 1.092 1.034 0.27 0.986 0.162
500 1.029 0.084 0.938 0.038 1.028 0.215 0.331 0.047 0.934 0.112 0.957 0.045 1.089 0.087 0.417 1.088 1.007 0.155 0.928 0.076
501 0.98 0.032 0.933 0.046 1.0 0.125 0.253 0.032 0.857 0.092 0.955 0.073 0.99 0.044 0.536 1.073 0.928 0.106 0.911 0.069
502 0.93 0.047 0.839 0.045 0.948 0.135 0.183 0.041 0.834 0.078 0.852 0.062 0.977 0.072 0.628 0.975 0.845 0.115 0.846 0.095
503 0.843 0.057 0.668 0.073 0.86 0.103 0.142 0.036 0.634 0.078 0.806 0.065 0.878 0.049 0.726 0.91 0.729 0.12 0.729 0.081
504 0.744 0.068 0.516 0.138 0.731 0.08 0.093 0.045 0.503 0.071 0.707 0.042 0.816 0.054 0.804 0.935 0.59 0.184 0.633 0.077
505 0.614 0.08 0.343 0.149 0.591 0.115 0.069 0.111 0.353 0.08 0.567 0.054 0.723 0.121 0.885 0.985 0.469 0.126 0.474 0.087
506 0.518 0.056 0.166 0.134 0.464 0.104 0.118 0.137 0.211 0.085 0.399 0.048 0.546 0.16 0.883 1.092 0.283 0.084 0.319 0.079
507 0.386 0.051 0.142 0.138 0.34 0.104 0.086 0.095 0.131 0.055 0.248 0.042 0.325 0.163 0.809 1.126 0.155 0.118 0.188 0.094
508 0.278 0.062 0.122 0.117 0.238 0.08 0.047 0.112 0.081 0.053 0.127 0.087 0.18 0.134 0.762 1.063 0.105 0.087 0.115 0.097
509 0.191 0.065 0.066 0.127 0.191 0.066 0.056 0.174 0.057 0.075 0.1 0.066 0.115 0.104 0.774 0.99 0.097 0.057 0.108 0.086
510 0.133 0.068 0.053 0.111 0.16 0.12 0.041 0.141 0.053 0.068 0.063 0.085 0.142 0.135 0.778 0.909 0.073 0.061 0.092 0.083
511 0.116 0.125 0.058 0.15 0.115 0.198 0.047 0.159 0.044 0.099 0.076 0.137 0.083 0.173 0.694 0.778 0.078 0.086 0.092 0.099
512 0.107 0.251 0.054 0.235 0.123 0.267 0.059 0.269 0.051 0.191 0.094 0.208 0.092 0.27 0.614 0.678 0.054 0.081 0.103 0.067
513 0.074 0.384 0.056 0.363 0.099 0.425 0.066 0.463 0.048 0.303 0.1 0.358 0.082 0.454 0.488 0.594 0.094 0.136 0.123 0.136
514 0.082 0.539 0.077 0.511 0.149 0.532 0.09 0.622 0.071 0.407 0.121 0.53 0.138 0.589 0.363 0.485 0.131 0.273 0.149 0.238
515 0.086 0.657 0.1 0.618 0.166 0.721 0.107 0.763 0.126 0.516 0.11 0.723 0.123 0.751 0.259 0.39 0.17 0.454 0.174 0.353
516 0.079 0.77 0.103 0.728 0.102 0.836 0.084 0.953 0.139 0.692 0.094 0.868 0.103 0.905 0.176 0.505 0.155 0.637 0.174 0.451
517 0.13 0.904 0.119 0.856 0.085 0.948 0.068 1.041 0.162 0.842 0.058 1.035 0.098 1.038 0.143 0.682 0.145 0.793 0.152 0.58
518 0.143 1.021 0.114 0.971 0.105 1.077 0.085 1.136 0.172 0.999 0.067 1.102 0.116 1.143 0.123 0.848 0.151 0.935 0.159 0.761
519 0.134 1.094 0.1 1.051 0.139 1.132 0.07 1.158 0.147 1.044 0.078 1.119 0.139 1.132 0.104 0.979 0.075 1.01 0.167 0.928
520 0.147 1.089 0.11 1.07 0.128 1.141 0.073 1.132 0.181 1.076 0.123 1.091 0.156 1.116 0.15 1.025 0.086 1.05 0.183 1.047
521 0.231 1.102 0.164 1.123 0.242 1.166 0.097 1.094 0.254 1.132 0.223 1.106 0.265 1.146 0.262 1.049 0.076 1.066 0.27 1.083
522 0.316 1.142 0.22 1.134 0.383 1.157 0.172 1.112 0.388 1.139 0.283 1.131 0.414 1.159 0.385 1.077 0.149 1.118 0.406 1.131
523 0.433 1.145 0.313 1.128 0.522 1.157 0.285 1.15 0.584 1.118 0.417 1.124 0.584 1.148 0.541 1.053 0.217 1.131 0.582 1.11
524 0.575 1.11 0.468 1.115 0.637 1.144 0.394 1.129 0.761 1.109 0.482 1.159 0.749 1.147 0.688 1.01 0.293 1.138 0.766 1.092
525 0.739 1.109 0.618 1.11 0.827 1.137 0.517 1.123 0.962 1.127 0.654 1.127 0.943 1.145 0.838 0.977 0.432 1.104 0.942 1.078
526 0.906 1.115 0.772 1.088 1.012 1.136 0.588 1.079 1.084 1.081 0.784 1.125 1.089 1.111 0.968 0.958 0.551 1.061 1.037 1.054
527 1.028 1.085 0.944 1.074 1.129 1.094 0.795 1.089 1.148 1.009 0.933 1.13 1.153 1.016 1.067 0.906 0.676 1.049 1.123 1.005
528 1.078 0.989 1.041 1.047 1.157 0.93 0.948 1.064 1.152 0.826 1.036 1.133 1.168 0.838 1.09 0.802 0.814 1.061 1.134 0.889
529 1.1 0.842 1.101 0.953 1.157 0.773 1.031 1.062 1.114 0.669 1.083 1.083 1.157 0.661 1.054 0.702 0.942 1.064 1.114 0.732
530 1.106 0.723 1.098 0.776 1.153 0.599 1.045 1.032 1.119 0.528 1.101 0.906 1.13 0.527 0.998 0.604 1.027 1.044 1.101 0.576
531 1.112 0.556 1.127 0.64 1.139 0.426 1.031 1.031 1.115 0.353 1.118 0.738 1.13 0.343 0.97 0.516 1.075 1.106 1.085 0.413
532 1.104 0.423 1.119 0.484 1.155 0.236 1.054 1.052 1.103 0.182 1.116 0.588 1.143 0.163 1.015 0.432 1.1 1.138 1.081 0.225
533 1.072 0.338 1.106 0.44 1.129 0.084 0.986 1.058 1.058 0.051 1.109 0.496 1.078 0.074 1.064 0.309 1.14 1.1 1.034 0.064
534 1.025 0.197 1.142 0.335 1.019 0.068 1.052 1.092 0.958 0.058 1.072 0.364 0.993 0.063 1.067 0.181 1.103 1.023 0.911 0.05
535 0.944 0.127 1.122 0.2 0.905 0.075 1.101 0.975 0.786 0.076 1.068 0.213 0.88 0.054 0.983 0.104 1.086 0.875 0.782 0.06
536 0.807 0.148 1.124 0.099 0.719 0.093 1.067 0.811 0.655 0.081 1.003 0.098 0.694 0.066 0.824 0.093 1.044 0.721 0.628 0.053
537 0.65 0.168 1.012 0.061 0.549 0.1 1.039 0.677 0.521 0.117 0.875 0.055 0.52 0.07 0.687 0.094 1.003 0.574 0.486 0.075
538 0.507 0.186 0.967 0.053 0.448 0.152 0.992 0.56 0.418 0.165 0.694 0.062 0.369 0.143 0.549 0.108 0.961 0.447 0.362 0.097
539 0.425 0.215 0.85 0.075 0.396 0.249 0.978 0.455 0.32 0.208 0.565 0.067 0.224 0.18 0.405 0.137 1.007 0.369 0.221 0.153
540 0.326 0.271 0.708 0.063 0.277 0.311 0.999 0.393 0.277 0.284 0.489 0.032 0.244 0.245 0.256 0.143 1.031 0.298 0.126 0.211
541 0.393 0.413 0.641 0.062 0.31 0.371 1.011 0.287 0.271 0.368 0.365 0.102 0.241 0.304 0.205 0.238 1.011 0.233 0.19 0.344
542 0.528 0.559 0.516 0.065 0.412 0.461 1.021 0.209 0.27 0.466 0.275 0.183 0.216 0.412 0.243 0.373 1.008 0.195 0.142 0.463
543 0.595 0.656 0.431 0.099 0.511 0.596 0.996 0.144 0.293 0.621 0.214 0.34 0.28 0.624 0.277 0.51 0.918 0.127 0.261 0.651
544 0.54 0.786 0.301 0.146 0.523 0.76 0.908 0.148 0.458 0.73 0.238 0.509 0.402 0.802 0.374 0.638 0.653 0.223 0.359 0.826
545 0.527 0.925 0.229 0.235 0.543 0.864 0.79 0.213 0.483 0.881 0.289 0.681 0.53 0.965 0.45 0.768 0.44 0.408 0.512 0.972
546 0.658 1.034 0.177 0.348 0.678 1.025 0.643 0.222 0.463 0.985 0.379 0.862 0.649 1.12 0.525 0.91 0.381 0.679 0.642 1.103
547 0.792 1.055 0.094 0.443 0.852 1.082 0.521 0.217 0.593 1.061 0.518 0.981 0.867 1.125 0.654 1.01 0.449 0.884 0.76 1.142
548 0.908 1.016 0.117 0.513 0.953 1.092 0.409 0.253 0.782 1.057 0.691 1.03 1.033 1.122 0.809 1.017 0.622 0.995 0.927 1.115
549 1.061 1.024 0.169 0.517 1.107 1.04 0.321 0.335 0.98 1.078 0.868 1.047 1.119 1.057 0.979 1.04 0.813 1.039 1.088 1.119
550 1.14 0.929 0.193 0.605 1.157 0.93 0.282 0.463 1.076 1.029 0.996 1.036 1.15 1.02 1.128 0.923 0.952 1.033 1.113 1.035
551 1.146 0.784 0.176 0.699 1.152 0.821 0.259 0.606 1.131 0.915 1.097 0.966 1.145 0.854 1.104 0.809 1.072 1.003 1.153 0.89
552 1.114 0.639 0.141 0.787 1.135 0.655 0.199 0.726 1.116 0.779 1.133 0.867 1.145 0.705 1.081 0.65 1.144 0.89 1.127 0.764
553 1.125 0.493 0.162 0.813 1.142 0.523 0.17 0.804 1.132 0.658 1.12 0.724 1.156 0.569 1.092 0.506 1.162 0.729 1.095 0.617
554 1.123 0.368 0.197 0.816 1.149 0.39 0.245 0.829 1.128 0.527 1.1 0.569 1.125 0.429 1.063 0.379 1.152 0.553 1.076 0.476
555 1.094 0.237 0.237 0.886 1.149 0.209 0.297 0.911 1.119 0.351 1.095 0.4 1.147 0.257 1.079 0.232 1.153 0.382 1.034 0.336
556 1.092 0.128 0.239 0.974 1.105 0.082 0.233 0.992 1.134 0.2 1.062 0.244 1.171 0.107 1.067 0.092 1.165 0.225 1.006 0.191
557 1.011 0.064 0.187 1.017 1.039 0.037 0.191 1.035 1.106 0.089 1.061 0.122 1.076 0.061 1.009 0.052 1.135 0.088 0.994 0.087
558 0.964 0.063 0.12 1.026 0.98 0.044 0.2 1.1 1.055 0.109 1.003 0.071 1.029 0.045 0.969 0.05 1.076 0.081 0.906 0.051
559 0.868 0.073 0.118 1.078 0.962 0.048 0.206 1.138 0.969 0.123 0.974 0.103 1.04 0.049 0.942 0.083 1.02 0.086 0.811 0.073
560 0.819 0.137 0.164 1.144 0.878 0.068 0.204 1.131 0.867 0.104 0.848 0.089 1.055 0.089 0.854 0.071 0.953 0.077 0.815 0.1
561 0.901 0.262 0.246 1.139 0.883 0.101 0.279 1.139 0.891 0.154 0.799 0.08 0.933 0.086 0.83 0.071 0.926 0.125 0.761 0.074
562 0.743 0.498 0.316 1.135 0.828 0.246 0.324 1.154 0.782 0.444 0.796 0.052 0.913 0.206 0.874 0.091 0.846 0.291 0.772 0.2
563 0.62 0.688 0.407 1.133 0.725 0.422 0.373 1.157 0.67 0.604 0.784 0.261 0.837 0.344 0.853 0.243 0.733 0.473 0.699 0.371
564 0.554 0.868 0.475 1.123 0.642 0.585 0.46 1.155 0.582 0.805 0.707 0.497 0.777 0.508 0.739 0.44 0.657 0.653 0.647 0.523
565 0.519 1.025 0.512 1.113 0.635 0.766 0.527 1.154 0.552 1.015 0.664 0.721 0.732 0.7 0.612 0.636 0.594 0.869 0.599 0.762
566 0.535 1.113 0.566 1.14 0.61 0.964 0.595 1.136 0.617 1.135 0.648 0.983 0.698 0.935 0.628 0.844 0.608 1.087 0.577 0.916
567 0.592 1.147 0.657 1.13 0.638 1.11 0.698 1.143 0.717 1.15 0.729 1.133 0.71 1.104 0.671 1.057 0.692 1.119 0.617 1.037
568 0.686 1.149 0.761 1.158 0.698 1.123 0.778 1.144 0.79 1.161 0.889 1.131 0.839 1.102 0.75 1.093 0.795 1.114 0.677 1.084
569 0.768 1.144 0.87 1.115 0.781 1.126 0.878 1.122 0.93 1.141 1.011 1.103 0.93 1.113 0.856 1.069 0.914 1.101 0.783 1.079
570 0.908 1.142 0.941 1.135 0.912 1.117 0.967 1.137 1.046 1.146 1.084 1.125 1.053 1.088 0.965 1.038 1.021 1.068 0.907 1.078
571 1.023 1.107 1.032 1.119 1.03 1.094 1.037 1.126 1.051 1.139 1.125 1.119 1.121 1.093 1.01 1.032 1.134 1.054 1.009 1.075
572 1.059 1.047 1.075 1.07 1.138 1.035 1.127 1.075 1.109 1.134 1.145 1.071 1.142 1.037 1.119 0.98 1.16 1.033 1.048 1.03
573 1.129 0.915 1.099 0.987 1.127 0.897 1.145 1.077 1.122 1.092 1.165 0.924 1.148 0.883 1.151 0.863 1.175 0.899 1.073 0.926
574 1.104 0.762 1.106 0.886 1.109 0.718 1.152 0.977 1.125 1.071 1.154 0.846 1.12 0.699 1.146 0.702 1.165 0.749 1.066 0.818
575 1.103 0.607 1.094 0.781 1.085 0.578 1.152 0.851 1.105 0.953 1.149 0.691 1.115 0.517 1.148 0.529 1.165 0.609 1.122 0.719
576 1.151 0.421 1.122 0.655 1.119 0.404 1.15 0.715 1.088 0.835 1.157 0.509 1.138 0.346 1.158 0.341 1.162 0.44 1.157 0.591
577 1.167 0.215 1.135 0.498 1.139 0.227 1.153 0.574 1.085 0.707 1.145 0.342 1.142 0.178 1.168 0.169 1.158 0.3 1.137 0.425
578 1.126 0.091 1.131 0.331 1.136 0.115 1.142 0.426 1.074 0.496 1.146 0.161 1.111 0.046 1.165 0.068 1.17 0.154 1.128 0.249
579 0.976 0.067 1.096 0.183 1.077 0.068 1.106 0.294 1.025 0.337 1.064 0.072 1.03 0.041 1.11 0.069 1.107 0.137 0.956 0.111
580 0.829 0.086 0.963 0.151 0.928 0.057 1.026 0.207 0.995 0.216 0.933 0.098 0.893 0.058 1.002 0.05 0.987 0.12 0.792 0.136
581 0.639 0.05 0.809 0.119 0.721 0.06 1.002 0.142 0.949 0.121 0.761 0.091 0.695 0.054 0.87 0.044 0.888 0.104 0.608 0.068
582 0.445 0.031 0.673 0.095 0.549 0.099 0.982 0.092 0.907 0.095 0.585 0.084 0.502 0.055 0.72 0.062 0.77 0.092 0.425 0.045
583 0.296 0.078 0.529 0.084 0.401 0.092 0.887 0.096 0.761 0.091 0.412 0.052 0.302 0.088 0.58 0.055 0.629 0.105 0.264 0.065
584 0.148 0.06 0.396 0.068 0.241 0.088 0.771 0.109 0.637 0.13 0.277 0.048 0.127 0.127 0.444 0.054 0.531 0.102 0.115 0.1
585 0.052 0.118 0.259 0.078 0.128 0.105 0.651 0.133 0.53 0.14 0.149 0.069 0.076 0.159 0.317 0.068 0.401 0.099 0.05 0.125
586 0.044 0.154 0.164 0.131 0.06 0.159 0.527 0.151 0.379 0.143 0.093 0.135 0.076 0.237 0.217 0.097 0.263 0.132 0.047 0.234
587 0.06 0.296 0.155 0.265 0.056 0.316 0.401 0.191 0.267 0.181 0.11 0.317 0.079 0.415 0.155 0.157 0.196 0.232 0.056 0.375
588 0.077 0.392 0.137 0.411 0.1 0.508 0.304 0.233 0.19 0.22 0.128 0.49 0.088 0.541 0.139 0.288 0.197 0.391 0.06 0.511
589 0.096 0.5 0.115 0.5 0.103 0.659 0.222 0.3 0.107 0.257 0.134 0.508 0.134 0.674 0.138 0.416 0.211 0.484 0.073 0.644
590 0.073 0.614 0.115 0.673 0.128 0.764 0.161 0.4 0.093 0.317 0.164 0.6 0.125 0.78 0.128 0.518 0.217 0.62 0.087 0.819
591 0.103 0.735 0.201 0.827 0.136 0.846 0.15 0.55 0.163 0.434 0.157 0.739 0.136 0.868 0.136 0.653 0.191 0.74 0.135 0.913
592 0.105 0.848 0.246 0.982 0.114 0.948 0.128 0.681 0.212 0.573 0.135 0.871 0.195 0.995 0.15 0.766 0.224 0.847 0.219 0.998
593 0.101 0.951 0.309 1.111 0.172 1.065 0.136 0.796 0.241 0.735 0.151 0.988 0.194 1.103 0.145 0.87 0.273 0.943 0.281 1.122
594 0.122 1.044 0.395 1.146 0.293 1.12 0.144 0.905 0.27 0.876 0.144 1.052 0.272 1.143 0.17 0.985 0.298 1.027 0.316 1.141
595 0.17 1.104 0.498 1.12 0.461 1.092 0.163 0.99 0.292 1.019 0.241 1.085 0.332 1.082 0.202 1.06 0.444 1.07 0.419 1.145
596 0.252 1.153 0.615 1.132 0.617 1.085 0.18 1.042 0.371 1.092 0.276 1.127 0.355 1.109 0.251 1.091 0.547 1.048 0.595 1.103
597 0.37 1.155 0.781 1.119 0.783 1.085 0.238 1.092 0.511 1.056 0.364 1.141 0.536 1.115 0.346 1.073 0.735 1.049 0.755 1.064
598 0.544 1.128 0.939 1.147 0.928 1.103 0.344 1.086 0.635 0.976 0.495 1.143 0.702 1.091 0.492 1.048 0.888 1.053 0.917 1.044
599 0.729 1.108 1.069 1.131 1.062 1.116 0.452 1.081 0.785 0.97 0.567 1.15 0.831 1.109 0.472 1.004 0.986 1.134 1.082 1.094
600 0.881 1.102 1.162 1.05 1.141 1.01 0.582 1.071 0.943 0.96 0.704 1.136 0.945 1.077 0.509 1.046 1.109 1.063 1.152 1.013
601 0.983 1.116 1.151 0.944 1.137 0.861 0.737 1.03 1.069 0.906 0.819 1.108 1.028 1.052 0.639 1.04 1.119 0.9 1.145 0.854
602 1.05 1.038 1.158 0.823 1.146 0.713 0.828 1.033 1.126 0.82 0.831 1.091 1.087 0.954 0.734 1.037 1.157 0.763 1.132 0.693
603 1.127 0.834 1.142 0.66 1.143 0.578 1.09 0.906 1.127 0.607 0.844 1.059 1.11 0.713 0.809 1.054 1.129 0.599 1.139 0.521
604 1.071 0.785 1.083 0.574 1.137 0.448 0.932 0.944 1.155 0.503 0.869 1.089 1.107 0.705 0.858 1.0 1.111 0.476 1.128 0.402
605 1.07 0.622 0.994 0.427 1.128 0.374 0.994 0.74 1.078 0.429 0.945 1.077 1.103 0.562 0.885 0.935 1.045 0.421 1.082 0.369
606 1.013 0.51 0.952 0.45 1.08 0.329 1.008 0.587 0.976 0.426 1.007 1.114 1.104 0.45 0.896 0.887 0.991 0.363 0.996 0.336
607 0.948 0.464 0.855 0.455 1.071 0.253 0.879 0.483 0.884 0.438 1.039 1.032 0.988 0.449 0.93 0.823 0.866 0.387 1.035 0.391
608 0.88 0.466 0.719 0.497 1.055 0.202 0.701 0.554 0.768 0.46 1.033 0.97 0.862 0.399 0.918 0.817 0.736 0.461 0.947 0.372
609 0.854 0.75 0.751 0.599 0.981 0.21 0.734 0.645 0.804 0.514 1.017 0.91 0.773 0.44 0.85 0.778 0.682 0.493 0.871 0.42
610 0.915 0.794 0.912 0.714 0.925 0.266 0.83 0.808 0.82 0.617 0.978 0.846 0.731 0.479 0.969 0.842 0.756 0.665 0.89 0.603
611 0.97 0.802 1.06 0.779 0.862 0.255 0.969 0.875 0.902 0.698 1.041 0.8 0.787 0.595 1.019 0.81 0.87 0.77 0.945 0.746
612 1.025 0.764 1.142 0.661 0.827 0.237 1.072 0.868 0.968 0.741 1.107 0.723 0.868 0.641 1.09 0.859 0.958 0.785 1.011 0.745
613 1.143 0.745 1.14 0.502 0.818 0.182 1.048 0.827 0.998 0.784 1.12 0.645 0.938 0.698 1.141 0.874 1.05 0.809 1.085 0.734
614 1.12 0.678 1.017 0.264 0.92 0.192 0.897 0.909 1.049 0.681 1.099 0.557 1.023 0.643 1.141 0.703 1.06 0.787 1.117 0.591
615 1.138 0.548 0.97 0.177 0.911 0.116 0.689 1.016 0.988 0.574 0.997 0.42 0.985 0.469 1.113 0.578 1.033 0.642 1.062 0.423
616 1.066 0.32 0.924 0.087 0.757 0.08 0.65 0.852 0.924 0.463 0.973 0.22 0.946 0.312 1.09 0.5 0.972 0.534 0.992 0.203
617 0.937 0.132 0.805 0.069 0.636 0.135 0.686 0.667 0.913 0.324 0.887 0.072 0.89 0.164 1.105 0.417 0.886 0.374 0.915 0.055
618 0.754 0.14 0.646 0.128 0.468 0.128 0.685 0.483 0.848 0.211 0.716 0.133 0.724 0.146 1.112 0.334 0.801 0.203 0.785 0.069
619 0.64 0.115 0.475 0.093 0.308 0.057 0.607 0.312 0.73 0.223 0.561 0.114 0.583 0.159 1.046 0.27 0.691 0.173 0.614 0.08
620 0.508 0.097 0.308 0.076 0.157 0.098 0.448 0.214 0.646 0.16 0.371 0.106 0.389 0.13 0.913 0.234 0.605 0.172 0.464 0.058
621 0.393 0.117 0.144 0.115 0.069 0.222 0.302 0.191 0.481 0.16 0.22 0.136 0.224 0.187 0.762 0.222 0.438 0.127 0.301 0.088
622 0.262 0.187 0.078 0.15 0.074 0.446 0.207 0.203 0.356 0.216 0.102 0.14 0.108 0.3 0.657 0.14 0.289 0.167 0.147 0.117
623 0.15 0.382 0.084 0.293 0.08 0.641 0.114 0.338 0.256 0.296 0.055 0.166 0.09 0.521 0.508 0.157 0.236 0.288 0.094 0.214
624 0.099 0.623 0.097 0.428 0.088 0.829 0.094 0.508 0.222 0.426 0.062 0.315 0.099 0.716 0.369 0.232 0.182 0.419 0.058 0.338
625 0.094 0.816 0.111 0.53 0.105 1.002 0.113 0.666 0.202 0.555 0.092 0.45 0.105 0.917 0.274 0.315 0.166 0.568 0.098 0.463
626 0.127 1.006 0.114 0.684 0.11 1.14 0.112 0.845 0.208 0.686 0.079 0.618 0.125 1.065 0.205 0.439 0.151 0.745 0.094 0.621
627 0.215 1.128 0.173 0.817 0.159 1.145 0.141 1.009 0.21 0.816 0.097 0.813 0.267 1.146 0.166 0.575 0.156 0.908 0.121 0.779
628 0.338 1.128 0.267 0.943 0.276 1.144 0.27 1.065 0.304 0.868 0.132 0.94 0.415 1.147 0.165 0.721 0.235 1.017 0.225 0.86
629 0.503 1.12 0.375 1.005 0.434 1.138 0.427 1.061 0.444 0.891 0.255 0.998 0.574 1.146 0.189 0.859 0.354 1.071 0.348 0.891
630 0.65 1.129 0.497 0.996 0.537 1.104 0.577 1.043 0.559 0.814 0.424 0.991 0.731 1.134 0.324 0.917 0.493 1.062 0.468 0.899
631 0.805 1.131 0.602 0.933 0.708 1.12 0.715 1.044 0.611 0.723 0.56 0.944 0.888 1.146 0.463 0.922 0.607 1.041 0.539 0.837
632 0.949 1.122 0.746 0.966 0.872 1.11 0.85 1.022 0.714 0.649 0.722 0.904 1.027 1.142 0.57 0.927 0.755 1.043 0.597 0.772
633 1.073 1.121 0.945 0.938 1.014 1.107 0.97 0.987 0.828 0.577 0.859 0.92 1.11 1.08 0.697 0.908 0.863 1.005 0.707 0.709
634 1.062 1.008 1.094 0.896 1.064 0.964 1.053 0.955 0.935 0.527 0.926 0.857 1.111 0.925 0.822 0.897 0.958 0.918 0.804 0.647
635 1.097 0.879 1.074 0.688 1.112 0.834 1.07 0.793 1.061 0.502 0.993 0.725 1.081 0.738 0.915 0.846 1.035 0.796 0.909 0.59
636 1.155 0.79 1.101 0.446 1.143 0.74 1.123 0.638 1.099 0.374 1.049 0.666 1.108 0.551 0.974 0.74 1.063 0.696 1.006 0.523
637 1.159 0.65 1.067 0.272 1.135 0.616 1.125 0.484 1.052 0.243 1.074 0.551 1.092 0.371 1.039 0.676 1.079 0.622 1.048 0.398
638 1.114 0.48 1.023 0.171 1.145 0.415 1.097 0.329 1.05 0.112 1.057 0.412 1.056 0.205 1.082 0.583 1.064 0.497 1.049 0.231
639 1.092 0.375 0.989 0.053 1.119 0.196 1.062 0.167 1.016 0.048 1.024 0.311 0.972 0.081 1.085 0.467 1.042 0.365 1.022 0.108
640 1.09 0.266 0.975 0.047 1.021 0.054 0.98 0.061 1.029 0.037 0.979 0.23 0.958 0.049 1.085 0.349 1.026 0.258 0.969 0.061
641 1.095 0.179 0.948 0.084 0.964 0.132 0.956 0.132 0.955 0.053 0.928 0.135 0.919 0.11 1.087 0.246 1.067 0.172 0.951 0.118
642 1.118 0.109 0.865 0.054 1.06 0.102 0.896 0.138 0.904 0.061 0.847 0.121 0.823 0.075 1.108 0.163 1.049 0.139 1.0 0.072
643 1.15 0.07 0.789 0.085 1.135 0.052 0.796 0.121 0.862 0.055 0.783 0.139 0.747 0.128 1.15 0.089 1.128 0.095 1.098 0.044
644 1.156 0.041 0.812 0.093 1.153 0.03 0.87 0.098 0.943 0.13 0.745 0.115 0.666 0.132 1.164 0.061 1.153 0.045 1.124 0.048
645 1.123 0.076 0.957 0.127 1.093 0.032 0.984 0.094 1.026 0.079 0.798 0.068 0.691 0.08 1.159 0.094 1.081 0.096 1.064 0.047
646 1.069 0.104 1.034 0.108 1.06 0.041 0.987 0.048 1.048 0.09 0.954 0.095 0.9 0.094 1.088 0.085 1.06 0.135 1.043 0.057
647 1.018 0.161 0.991 0.088 1.035 0.056 0.967 0.045 0.99 0.065 0.963 0.067 0.959 0.036 1.051 0.072 1.043 0.172 1.013 0.038
648 0.946 0.134 0.909 0.06 1.012 0.057 0.888 0.057 0.966 0.045 0.878 0.078 0.871 0.058 1.043 0.062 1.096 0.117 0.97 0.033
649 0.889 0.135 0.883 0.052 1.002 0.105 0.812 0.097 0.899 0.048 0.868 0.137 0.784 0.077 1.119 0.063 1.128 0.083 0.983 0.066
650 0.776 0.127 0.853 0.062 1.034 0.15 0.735 0.138 0.948 0.091 0.776 0.144 0.721 0.096 1.084 0.079 1.163 0.064 0.999 0.095
651 0.661 0.1 0.804 0.089 1.036 0.187 0.601 0.139 0.919 0.208 0.699 0.209 0.595 0.097 1.023 0.104 1.141 0.124 1.03 0.143
652 0.548 0.085 0.716 0.131 0.852 0.224 0.492 0.163 0.741 0.203 0.648 0.235 0.466 0.094 0.992 0.161 1.108 0.168 0.904 0.207
653 0.434 0.102 0.605 0.14 0.662 0.182 0.407 0.21 0.588 0.218 0.544 0.232 0.359 0.099 0.749 0.126 1.003 0.167 0.756 0.167
654 0.35 0.103 0.503 0.118 0.504 0.185 0.296 0.179 0.472 0.153 0.439 0.209 0.279 0.082 0.556 0.111 0.802 0.147 0.629 0.167
655 0.298 0.103 0.382 0.094 0.407 0.164 0.252 0.106 0.319 0.07 0.359 0.201 0.225 0.1 0.407 0.062 0.624 0.134 0.49 0.113
656 0.189 0.126 0.243 0.054 0.307 0.13 0.154 0.058 0.205 0.064 0.3 0.21 0.134 0.042 0.333 0.033 0.454 0.102 0.343 0.055
657 0.113 0.107 0.149 0.053 0.192 0.143 0.069 0.075 0.142 0.07 0.225 0.219 0.077 0.049 0.272 0.026 0.309 0.091 0.233 0.049
658 0.066 0.166 0.086 0.071 0.081 0.183 0.042 0.137 0.088 0.136 0.124 0.212 0.063 0.094 0.235 0.036 0.19 0.132 0.124 0.093
659 0.055 0.281 0.053 0.172 0.068 0.326 0.052 0.237 0.086 0.261 0.083 0.304 0.06 0.219 0.18 0.053 0.118 0.262 0.117 0.211
660 0.06 0.45 0.06 0.267 0.075 0.478 0.051 0.331 0.051 0.367 0.111 0.443 0.067 0.331 0.117 0.125 0.106 0.391 0.14 0.344
661 0.063 0.586 0.074 0.371 0.094 0.592 0.062 0.427 0.055 0.505 0.143 0.571 0.097 0.429 0.105 0.246 0.128 0.535 0.125 0.506
662 0.058 0.697 0.1 0.473 0.104 0.679 0.072 0.572 0.048 0.607 0.155 0.691 0.111 0.549 0.131 0.377 0.063 0.63 0.144 0.606
663 0.076 0.799 0.104 0.587 0.123 0.769 0.168 0.701 0.058 0.714 0.128 0.785 0.18 0.664 0.153 0.494 0.088 0.712 0.203 0.67
664 0.113 0.876 0.101 0.628 0.108 0.843 0.209 0.834 0.066 0.827 0.219 0.887 0.183 0.695 0.146 0.598 0.102 0.683 0.226 0.752
665 0.134 0.963 0.142 0.756 0.235 0.826 0.278 0.838 0.095 0.952 0.222 0.886 0.252 0.759 0.11 0.648 0.167 0.773 0.338 0.756
666 0.152 1.075 0.157 0.882 0.316 0.819 0.328 0.866 0.139 1.06 0.218 0.884 0.356 0.774 0.179 0.653 0.224 0.814 0.564 0.537
667 0.236 1.149 0.179 1.019 0.414 0.781 0.416 0.861 0.243 1.091 0.261 0.953 0.534 0.594 0.331 0.598 0.324 0.832 0.719 0.35
668 0.299 1.14 0.266 1.101 0.605 0.531 0.557 0.697 0.362 1.05 0.317 0.974 0.706 0.394 0.481 0.545 0.442 0.696 0.863 0.17
669 0.419 1.123 0.373 1.116 0.758 0.347 0.682 0.415 0.466 1.008 0.44 0.864 0.796 0.251 0.613 0.415 0.553 0.531 1.007 0.079
670 0.537 1.112 0.507 1.039 0.841 0.148 0.818 0.236 0.576 0.946 0.561 0.71 0.961 0.155 0.661 0.306 0.664 0.403 1.146 0.051
671 0.652 1.101 0.611 0.959 0.988 0.079 0.997 0.134 0.698 0.843 0.706 0.564 1.106 0.139 0.748 0.2 0.77 0.277 1.119 0.144
672 0.731 1.03 0.713 0.842 1.018 0.239 0.972 0.308 0.805 0.784 0.8 0.477 1.077 0.144 0.857 0.164 0.894 0.215 1.094 0.142
673 0.829 1.002 0.825 0.763 1.029 0.374 0.894 0.414 0.901 0.747 0.903 0.446 0.967 0.312 0.916 0.209 0.894 0.323 0.99 0.296
674 0.927 1.043 0.947 0.724 1.012 0.665 0.906 0.594 1.007 0.724 0.965 0.646 0.971 0.493 0.918 0.315 0.894 0.541 0.986 0.497
675 1.026 1.035 1.027 0.794 1.093 0.801 0.954 0.738 1.045 0.851 1.032 0.779 1.027 0.623 0.928 0.413 1.019 0.721 1.037 0.663
676 1.034 1.055 1.055 0.954 1.127 0.915 0.984 0.866 1.087 0.975 1.086 0.928 1.099 0.716 0.988 0.538 1.09 0.859 1.115 0.821
677 1.055 1.118 1.029 1.071 1.128 1.071 0.982 0.971 1.087 1.055 1.05 1.048 1.135 0.835 1.044 0.707 1.146 1.001 1.108 0.961
678 1.061 1.106 1.04 1.103 1.133 1.131 0.992 1.039 1.113 1.122 1.043 1.072 1.151 0.969 1.087 0.838 1.122 1.096 1.087 1.075
679 1.035 1.125 1.007 1.122 1.162 1.054 1.01 1.098 1.061 1.127 1.053 1.086 1.12 1.0 1.106 0.95 1.146 1.045 1.072 1.018
680 0.996 1.104 0.994 1.092 1.165 1.018 0.911 1.066 1.156 1.113 1.011 1.087 1.114 0.998 1.15 0.946 1.15 1.037 1.09 1.04
681 0.876 1.132 0.924 1.07 1.145 1.046 0.834 1.123 1.079 1.143 1.043 1.054 1.068 0.977 1.174 0.894 1.103 1.115 1.083 1.049
682 0.758 1.136 0.808 1.078 1.088 1.013 0.726 1.123 1.005 1.141 0.973 1.115 0.95 1.035 1.154 0.98 1.031 1.084 1.07 1.06
683 0.674 1.136 0.68 1.058 0.969 0.968 0.672 1.113 0.938 1.155 0.846 1.134 0.785 1.086 1.131 1.07 0.94 1.1 0.981 1.09
684 0.652 1.136 0.611 1.074 0.84 0.961 0.603 1.128 0.877 1.174 0.729 1.114 0.66 1.089 1.093 1.148 0.86 1.119 0.88 1.138
685 0.508 1.16 0.519 1.103 0.668 0.891 0.504 1.149 0.807 1.168 0.621 1.126 0.527 1.136 0.973 1.13 0.747 1.128 0.754 1.135
686 0.345 1.153 0.465 1.06 0.559 0.966 0.36 1.132 0.728 1.163 0.533 1.153 0.392 1.135 0.898 1.085 0.59 1.136 0.679 1.157
687 0.188 1.151 0.362 1.069 0.47 1.024 0.275 1.145 0.669 1.17 0.419 1.141 0.3 1.121 0.887 0.964 0.462 1.137 0.608 1.157
688 0.072 1.126 0.261 1.109 0.363 1.048 0.123 1.125 0.577 1.157 0.299 1.146 0.151 1.095 1.001 0.891 0.318 1.163 0.486 1.145
689 0.074 1.082 0.154 1.06 0.231 1.04 0.088 1.037 0.438 1.158 0.198 1.123 0.076 0.976 1.131 0.877 0.17 1.157 0.327 1.16
690 0.099 1.0 0.123 0.993 0.105 0.91 0.092 0.933 0.301 1.16 0.122 1.061 0.092 0.866 1.156 0.965 0.083 1.1 0.198 1.153
691 0.083 0.894 0.114 0.862 0.106 0.802 0.069 0.843 0.177 1.131 0.087 0.953 0.094 0.749 1.175 1.043 0.071 0.989 0.127 1.109
692 0.113 0.784 0.145 0.725 0.106 0.699 0.081 0.76 0.133 1.089 0.097 0.835 0.122 0.611 1.181 1.024 0.089 0.856 0.096 0.975
693 0.17 0.7 0.165 0.576 0.074 0.58 0.078 0.667 0.089 0.964 0.082 0.722 0.099 0.486 1.179 0.966 0.122 0.754 0.081 0.849
694 0.175 0.583 0.123 0.458 0.064 0.456 0.081 0.553 0.066 0.821 0.065 0.606 0.061 0.346 1.133 0.827 0.128 0.655 0.065 0.743
695 0.094 0.518 0.1 0.283 0.047 0.308 0.067 0.407 0.042 0.726 0.073 0.455 0.048 0.197 1.134 0.673 0.12 0.577 0.093 0.675
696 0.055 0.415 0.084 0.114 0.052 0.191 0.088 0.286 0.056 0.649 0.067 0.291 0.087 0.063 1.132 0.6 0.087 0.508 0.064 0.64
697 0.063 0.298 0.131 0.065 0.047 0.125 0.121 0.178 0.054 0.596 0.07 0.145 0.218 0.04 1.147 0.504 0.076 0.389 0.054 0.535
698 0.093 0.242 0.324 0.064 0.146 0.051 0.273 0.167 0.058 0.442 0.137 0.084 0.381 0.067 1.148 0.335 0.092 0.281 0.056 0.381
699 0.173 0.155 0.584 0.102 0.345 0.083 0.424 0.187 0.058 0.319 0.261 0.109 0.624 0.106 1.033 0.233 0.172 0.214 0.063 0.267
700 0.346 0.118 0.828 0.159 0.588 0.093 0.612 0.193 0.048 0.215 0.477 0.11 0.862 0.138 0.891 0.187 0.329 0.17 0.051 0.155
701 0.527 0.075 0.91 0.102 0.849 0.095 0.799 0.194 0.034 0.109 0.69 0.095 1.029 0.111 0.981 0.168 0.5 0.136 0.031 0.069
702 0.712 0.07 1.024 0.064 1.018 0.034 0.927 0.187 0.126 0.031 0.876 0.073 1.147 0.118 1.082 0.079 0.687 0.121 0.059 0.031
703 0.881 0.069 1.112 0.133 1.14 0.047 1.014 0.18 0.246 0.018 1.025 0.072 1.14 0.294 1.148 0.171 0.862 0.121 0.17 0.022
704 1.026 0.076 1.121 0.27 1.164 0.153 1.064 0.276 0.355 0.023 1.127 0.17 1.153 0.443 1.162 0.338 1.018 0.151 0.274 0.025
705 1.138 0.112 1.147 0.395 1.16 0.265 1.075 0.382 0.417 0.04 1.163 0.304 1.148 0.512 1.147 0.482 1.106 0.223 0.381 0.027
706 1.178 0.219 1.144 0.516 1.158 0.387 1.06 0.502 0.517 0.063 1.152 0.444 1.14 0.602 1.063 0.601 1.12 0.341 0.432 0.036
707 1.166 0.341 1.157 0.653 1.15 0.517 1.035 0.573 0.558 0.065 1.158 0.551 1.119 0.714 1.088 0.729 1.11 0.497 0.521 0.044
708 1.16 0.437 1.143 0.793 1.149 0.657 1.031 0.669 0.631 0.053 1.119 0.732 1.068 0.79 1.094 0.857 1.102 0.645 0.551 0.038
709 1.132 0.616 1.154 0.949 1.181 0.695 1.033 0.782 0.7 0.042 1.136 0.888 1.063 0.9 1.131 0.978 1.101 0.769 0.603 0.035
710 1.129 0.707 1.152 1.056 1.153 0.793 1.043 0.886 0.75 0.052 1.129 1.034 1.084 1.029 1.104 1.123 1.125 0.902 0.663 0.037
711 1.102 0.848 1.075 1.129 1.152 0.957 0.991 0.92 0.793 0.071 1.042 1.115 0.993 1.129 1.082 1.143 1.135 1.022 0.725 0.038
712 1.094 0.975 0.984 1.129 1.138 1.041 0.911 0.974 0.858 0.077 0.931 1.122 0.888 1.061 0.958 1.146 1.082 1.106 0.772 0.028
713 1.086 1.097 0.851 1.096 1.065 1.13 0.804 1.015 0.899 0.059 0.776 1.117 0.776 1.099 0.802 1.136 0.963 1.117 0.857 0.024
714 1.011 1.142 0.775 1.092 0.9 1.138 0.712 1.026 0.947 0.053 0.651 1.099 0.705 1.087 0.681 1.142 0.834 1.118 0.892 0.057
715 0.875 1.143 0.726 1.133 0.801 1.116 0.65 1.037 1.007 0.035 0.537 1.141 0.602 1.12 0.559 1.156 0.765 1.144 0.94 0.047
716 0.747 1.127 0.592 1.127 0.679 1.099 0.519 1.133 1.069 0.042 0.408 1.13 0.438 1.141 0.429 1.149 0.62 1.137 0.994 0.05
717 0.645 1.146 0.473 1.136 0.611 1.118 0.449 1.1 1.128 0.046 0.295 1.108 0.368 1.143 0.294 1.153 0.528 1.139 1.062 0.038
718 0.565 1.141 0.332 1.133 0.5 1.117 0.271 1.028 1.172 0.084 0.212 0.958 0.237 1.086 0.204 1.098 0.369 1.146 1.13 0.04
719 0.445 1.102 0.229 1.068 0.373 1.082 0.145 0.905 1.183 0.15 0.078 0.936 0.105 0.965 0.104 0.993 0.274 1.15 1.173 0.046
720 0.328 1.094 0.083 1.036 0.247 1.032 0.089 0.882 1.174 0.21 0.092 0.889 0.106 0.927 0.094 0.991 0.174 1.107 1.153 0.097
721 0.192 1.075 0.086 0.977 0.156 0.967 0.115 0.878 1.156 0.263 0.069 0.911 0.095 0.913 0.109 0.943 0.092 1.043 1.152 0.163
722 0.092 1.053 0.069 0.916 0.136 0.885 0.08 0.867 1.132 0.324 0.068 0.903 0.093 0.895 0.105 0.904 0.087 0.983 1.168 0.231
723 0.06 0.942 0.081 0.913 0.154 0.822 0.111 0.825 1.186 0.374 0.086 0.821 0.116 0.851 0.179 0.921 0.112 0.935 1.178 0.292
724 0.065 0.88 0.187 0.906 0.421 0.771 0.214 0.775 1.171 0.449 0.132 0.728 0.157 0.82 0.302 0.806 0.22 0.929 1.181 0.35
725 0.111 0.811 0.322 0.826 0.629 0.635 0.345 0.726 1.159 0.532 0.252 0.663 0.349 0.792 0.49 0.755 0.375 0.89 1.169 0.418
726 0.178 0.762 0.437 0.762 0.769 0.562 0.464 0.68 1.101 0.567 0.427 0.632 0.527 0.738 0.657 0.709 0.617 0.745 1.125 0.43
727 0.258 0.705 0.593 0.702 0.874 0.559 0.608 0.667 1.033 0.56 0.636 0.606 0.694 0.724 0.804 0.634 0.826 0.678 1.117 0.507
728 0.352 0.661 0.783 0.673 0.983 0.603 0.748 0.647 1.036 0.585 0.841 0.568 0.895 0.664 0.93 0.561 0.974 0.611 1.105 0.57
729 0.421 0.644 0.926 0.654 1.045 0.619 0.879 0.595 1.032 0.539 0.93 0.517 1.014 0.657 1.027 0.499 1.037 0.648 1.066 0.617
730 0.495 0.687 1.047 0.699 1.093 0.654 0.959 0.579 1.128 0.596 1.021 0.476 1.065 0.673 1.101 0.5 1.062 0.653 1.107 0.63
731 0.637 0.709 1.055 0.672 1.141 0.719 1.064 0.556 1.095 0.586 1.071 0.5 1.118 0.688 1.138 0.54 1.055 0.586 1.138 0.621
732 0.796 0.705 1.035 0.647 1.072 0.675 1.078 0.551 1.129 0.621 1.055 0.544 1.053 0.682 1.131 0.601 1.047 0.572 1.161 0.616
733 0.919 0.745 1.012 0.622 1.059 0.777 1.142 0.488 1.069 0.69 1.087 0.563 1.001 0.753 1.107 0.54 1.041 0.602 1.14 0.667
734 0.972 0.864 1.016 0.668 1.061 0.736 1.108 0.456 1.043 0.704 1.112 0.612 0.989 0.877 1.075 0.48 1.058 0.678 1.128 0.741
735 0.996 0.963 1.097 0.697 1.036 0.799 1.056 0.514 1.094 0.76 1.085 0.666 1.02 0.986 1.022 0.483 1.112 0.737 1.138 0.841
736 1.067 1.018 1.106 0.787 1.056 0.849 1.045 0.674 1.111 0.823 1.119 0.769 1.121 0.992 1.012 0.57 1.139 0.839 1.137 0.94
737 1.046 1.048 1.093 0.892 1.078 0.883 1.092 0.788 1.129 0.942 1.137 0.91 1.124 1.035 1.045 0.704 1.16 0.921 1.159 1.033
738 1.021 1.108 1.067 1.041 1.056 0.918 1.139 0.911 1.134 1.055 1.113 1.02 1.092 1.105 1.014 0.838 1.175 1.015 1.131 1.105
739 0.933 1.132 0.979 1.117 1.031 1.033 1.163 0.884 1.12 1.052 1.103 1.044 0.978 1.149 1.049 0.976 1.174 1.095 1.071 1.118
740 0.827 1.13 0.892 1.103 0.91 1.08 1.181 0.836 1.131 1.017 1.02 1.078 0.871 1.117 0.996 1.075 1.108 1.152 0.969 1.126
741 0.725 1.135 0.798 1.09 0.825 1.057 1.171 0.795 1.084 1.024 0.91 1.14 0.79 1.125 0.876 1.087 1.018 1.159 0.856 1.107
742 0.62 1.143 0.675 1.081 0.688 1.069 1.175 0.738 0.851 1.096 0.794 1.148 0.699 1.123 0.763 1.129 0.946 1.164 0.74 1.115
743 0.504 1.13 0.545 1.095 0.579 1.073 1.174 0.68 0.694 1.103 0.683 1.133 0.571 1.141 0.627 1.139 0.802 1.15 0.642 1.098
744 0.393 1.116 0.426 1.11 0.514 1.105 1.178 0.632 0.653 0.988 0.59 1.121 0.479 1.12 0.503 1.151 0.717 1.086 0.561 1.055
745 0.276 1.117 0.323 1.092 0.428 1.102 1.172 0.568 0.68 0.891 0.487 1.144 0.376 1.091 0.371 1.149 0.694 1.011 0.424 1.044
746 0.173 1.146 0.22 1.068 0.301 1.095 1.142 0.525 0.797 0.783 0.34 1.139 0.27 1.056 0.271 1.149 0.752 0.88 0.273 1.003
747 0.092 1.106 0.12 1.066 0.155 1.093 1.137 0.463 0.806 0.724 0.22 1.129 0.147 1.04 0.14 1.126 0.809 0.774 0.153 0.994
748 0.066 1.027 0.091 1.014 0.112 1.055 1.146 0.41 0.904 0.641 0.125 1.103 0.134 1.025 0.09 1.106 0.885 0.698 0.065 0.997
749 0.09 0.956 0.1 0.971 0.12 0.971 1.118 0.371 0.835 0.515 0.146 1.11 0.125 0.927 0.112 1.043 0.934 0.611 0.059 0.943
750 0.109 0.877 0.178 0.929 0.26 0.846 1.089 0.317 0.929 0.381 0.159 1.0 0.193 0.796 0.104 0.978 0.974 0.478 0.076 0.85
751 0.179 0.736 0.242 0.759 0.336 0.637 1.11 0.254 1.048 0.297 0.227 0.892 0.344 0.606 0.107 0.854 1.048 0.362 0.061 0.766
752 0.233 0.625 0.368 0.606 0.475 0.482 1.093 0.226 1.088 0.228 0.294 0.73 0.537 0.471 0.147 0.718 1.086 0.281 0.047 0.712
753 0.355 0.513 0.521 0.484 0.683 0.425 1.118 0.177 0.978 0.205 0.414 0.593 0.732 0.359 0.22 0.567 1.116 0.236 0.084 0.61
754 0.494 0.397 0.696 0.387 0.804 0.385 1.143 0.115 0.911 0.238 0.578 0.452 0.839 0.266 0.415 0.414 1.126 0.142 0.113 0.536
755 0.651 0.275 0.859 0.283 0.889 0.304 1.152 0.053 0.988 0.125 0.782 0.374 0.916 0.256 0.635 0.311 1.08 0.072 0.205 0.48
756 0.864 0.164 0.938 0.14 0.967 0.189 1.121 0.052 0.996 0.076 0.933 0.268 1.006 0.128 0.798 0.272 1.029 0.052 0.279 0.413
757 0.892 0.1 0.903 0.074 0.932 0.1 1.067 0.062 0.938 0.071 1.033 0.157 1.0 0.116 0.903 0.177 0.931 0.043 0.365 0.369
758 0.807 0.066 0.802 0.053 0.891 0.105 1.003 0.024 0.867 0.08 0.991 0.05 0.947 0.039 0.802 0.075 0.82 0.041 0.48 0.312
759 0.71 0.087 0.679 0.046 0.811 0.111 0.964 0.028 0.757 0.144 0.904 0.047 0.777 0.023 0.672 0.073 0.752 0.048 0.601 0.244
760 0.63 0.117 0.584 0.054 0.689 0.166 0.944 0.043 0.656 0.153 0.804 0.05 0.679 0.058 0.575 0.067 0.685 0.114 0.575 0.107
761 0.529 0.117 0.454 0.044 0.534 0.171 0.883 0.063 0.55 0.129 0.749 0.038 0.582 0.06 0.454 0.064 0.61 0.111 0.469 0.127
762 0.386 0.084 0.343 0.082 0.422 0.199 0.802 0.073 0.423 0.179 0.728 0.116 0.51 0.06 0.341 0.101 0.483 0.126 0.378 0.13
763 0.261 0.057 0.232 0.085 0.303 0.242 0.735 0.057 0.333 0.234 0.671 0.223 0.413 0.062 0.182 0.111 0.369 0.158 0.233 0.164
764 0.158 0.062 0.137 0.092 0.103 0.209 0.639 0.054 0.23 0.263 0.444 0.221 0.354 0.046 0.092 0.212 0.241 0.189 0.092 0.213
765 0.088 0.08 0.062 0.215 0.123 0.318 0.53 0.062 0.17 0.331 0.289 0.229 0.289 0.079 0.086 0.357 0.149 0.27 0.055 0.375
766 0.078 0.248 0.057 0.369 0.129 0.463 0.45 0.035 0.17 0.441 0.201 0.33 0.253 0.15 0.109 0.493 0.184 0.412 0.081 0.517
767 0.086 0.427 0.078 0.525 0.172 0.595 0.38 0.083 0.19 0.566 0.186 0.458 0.245 0.277 0.128 0.67 0.261 0.532 0.083 0.631
768 0.101 0.6 0.079 0.674 0.199 0.716 0.302 0.133 0.205 0.664 0.205 0.601 0.243 0.424 0.173 0.769 0.296 0.663 0.102 0.749
769 0.104 0.723 0.096 0.814 0.237 0.809 0.231 0.193 0.174 0.761 0.208 0.726 0.239 0.589 0.176 0.893 0.286 0.778 0.133 0.871
770 0.083 0.786 0.077 0.95 0.27 0.924 0.142 0.226 0.175 0.833 0.201 0.854 0.241 0.745 0.163 1.023 0.263 0.852 0.108 0.982
771 0.091 0.94 0.152 0.985 0.262 1.052 0.069 0.18 0.133 0.899 0.138 0.949 0.166 0.805 0.116 1.057 0.266 0.942 0.072 1.072
772 0.093 0.893 0.152 1.08 0.199 1.151 0.058 0.094 0.156 0.916 0.162 0.985 0.126 0.897 0.161 1.123 0.263 1.036 0.159 1.147
773 0.123 0.841 0.209 1.094 0.25 1.149 0.068 0.038 0.122 1.027 0.183 1.066 0.14 0.968 0.175 1.135 0.202 1.068 0.102 1.148
774 0.17 0.885 0.269 1.105 0.224 1.162 0.121 0.033 0.081 1.094 0.154 1.082 0.135 1.068 0.084 1.11 0.185 1.095 0.079 1.099
775 0.198 0.986 0.298 1.069 0.236 1.128 0.176 0.035 0.078 1.061 0.198 1.077 0.084 1.047 0.096 1.166 0.255 1.102 0.064 1.165
776 0.241 1.037 0.411 1.086 0.361 1.106 0.202 0.024 0.086 1.126 0.247 1.048 0.131 1.066 0.206 1.168 0.363 1.093 0.123 1.153
777 0.333 1.037 0.524 1.128 0.487 1.124 0.28 0.028 0.144 1.153 0.32 1.105 0.166 1.137 0.325 1.174 0.479 1.11 0.211 1.148
778 0.483 1.058 0.652 1.12 0.612 1.108 0.326 0.022 0.249 1.134 0.418 1.126 0.276 1.147 0.439 1.165 0.619 1.088 0.31 1.136
779 0.64 1.086 0.76 1.091 0.742 1.136 0.375 0.025 0.369 1.132 0.556 1.121 0.382 1.142 0.543 1.163 0.755 1.076 0.436 1.135
780 0.783 1.08 0.88 1.09 0.803 1.147 0.43 0.029 0.488 1.13 0.636 1.107 0.501 1.147 0.645 1.164 0.862 1.055 0.559 1.145
781 0.861 1.081 0.973 1.027 0.907 1.093 0.494 0.022 0.62 1.122 0.739 1.103 0.629 1.148 0.76 1.147 0.93 1.008 0.669 1.149
782 0.872 1.002 1.035 0.934 0.974 1.052 0.556 0.02 0.762 1.117 0.856 1.095 0.765 1.154 0.849 1.144 0.93 0.896 0.792 1.146
783 0.889 0.819 1.005 0.76 0.981 0.909 0.621 0.034 0.844 1.117 0.928 1.068 0.883 1.147 0.94 1.081 0.906 0.687 0.887 1.115
784 0.86 0.581 0.97 0.598 0.935 0.775 0.651 0.07 0.856 1.145 0.917 0.951 0.972 1.143 1.021 1.012 0.834 0.422 0.986 1.091
785 0.782 0.383 0.9 0.414 0.921 0.593 0.647 0.119 0.96 1.132 0.912 0.803 1.069 1.099 1.032 0.873 0.771 0.186 1.051 1.045
786 0.703 0.186 0.807 0.286 0.83 0.407 0.65 0.068 1.062 1.081 0.907 0.651 1.14 1.038 1.024 0.734 0.687 0.103 1.094 0.942
787 0.649 0.076 0.738 0.148 0.737 0.217 0.522 0.09 1.082 0.932 0.854 0.486 1.156 0.952 0.991 0.59 0.714 0.045 1.062 0.769
788 0.45 0.072 0.636 0.075 0.586 0.132 0.391 0.093 1.074 0.759 0.759 0.331 1.157 0.881 0.914 0.46 0.785 0.034 1.027 0.629
789 0.319 0.118 0.503 0.07 0.446 0.093 0.292 0.206 1.063 0.596 0.62 0.228 1.142 0.778 0.834 0.344 0.845 0.031 1.065 0.527
790 0.236 0.245 0.384 0.11 0.308 0.181 0.188 0.333 1.023 0.427 0.471 0.239 1.127 0.654 0.692 0.264 0.883 0.05 1.027 0.38
791 0.153 0.392 0.289 0.187 0.206 0.291 0.107 0.486 1.017 0.234 0.348 0.313 1.134 0.516 0.538 0.249 0.935 0.05 0.948 0.221
792 0.087 0.529 0.228 0.308 0.135 0.424 0.095 0.684 1.032 0.104 0.27 0.417 1.129 0.374 0.408 0.285 0.963 0.032 0.915 0.041
793 0.097 0.691 0.179 0.443 0.076 0.582 0.107 0.81 0.994 0.079 0.261 0.531 1.12 0.248 0.323 0.392 0.922 0.035 0.756 0.039
794 0.105 0.853 0.145 0.59 0.099 0.772 0.141 0.976 0.881 0.073 0.208 0.695 1.124 0.132 0.248 0.536 0.818 0.044 0.584 0.039
795 0.169 0.996 0.125 0.719 0.113 0.915 0.267 1.085 0.75 0.066 0.213 0.84 1.028 0.088 0.207 0.652 0.719 0.061 0.426 0.031
796 0.284 1.073 0.149 0.848 0.172 1.021 0.431 1.13 0.661 0.061 0.283 0.95 0.939 0.109 0.209 0.763 0.568 0.049 0.294 0.046
797 0.449 1.112 0.22 0.957 0.327 1.097 0.605 1.12 0.592 0.036 0.424 1.008 0.869 0.064 0.222 0.877 0.418 0.024 0.199 0.09
798 0.621 1.106 0.308 1.042 0.482 1.115 0.765 1.111 0.535 0.048 0.558 1.035 0.726 0.065 0.278 0.969 0.317 0.038 0.156 0.142
799 0.798 1.113 0.433 1.091 0.668 1.126 0.927 1.123 0.451 0.059 0.694 1.027 0.614 0.068 0.39 1.02 0.23 0.058 0.103 0.221
800 0.965 1.115 0.567 1.115 0.876 1.117 1.069 1.057 0.371 0.055 0.836 1.031 0.477 0.062 0.569 1.062 0.141 0.048 0.1 0.33
801 1.093 1.023 0.694 1.117 1.024 1.092 1.124 0.884 0.286 0.043 0.97 0.993 0.351 0.064 0.72 1.07 0.102 0.066 0.116 0.436
802 1.134 0.855 0.809 1.113 1.116 0.958 1.131 0.715 0.236 0.033 1.043 0.88 0.244 0.05 0.874 1.037 0.053 0.043 0.075 0.527
803 1.136 0.682 0.915 1.067 1.143 0.781 1.14 0.551 0.131 0.051 1.071 0.738 0.152 0.056 0.984 0.968 0.047 0.124 0.119 0.504
804 1.134 0.507 1.001 0.977 1.141 0.593 1.143 0.4 0.058 0.061 1.064 0.603 0.092 0.107 1.057 0.834 0.067 0.231 0.156 0.54
805 1.132 0.356 1.059 0.866 1.125 0.432 1.134 0.247 0.047 0.127 1.042 0.471 0.081 0.174 1.069 0.68 0.101 0.371 0.149 0.502
806 1.129 0.212 1.093 0.729 1.108 0.259 1.076 0.142 0.05 0.203 1.029 0.308 0.081 0.236 1.062 0.52 0.107 0.468 0.123 0.569
807 1.077 0.096 1.106 0.547 1.034 0.131 0.925 0.097 0.043 0.285 0.975 0.172 0.097 0.325 1.066 0.354 0.088 0.53 0.223 0.608
808 0.945 0.053 1.084 0.442 0.869 0.085 0.717 0.134 0.073 0.302 0.886 0.155 0.112 0.404 1.015 0.217 0.129 0.62 0.328 0.601
809 0.785 0.088 1.02 0.327 0.661 0.166 0.484 0.323 0.11 0.352 0.728 0.221 0.162 0.423 0.907 0.171 0.184 0.661 0.259 0.552
810 0.586 0.18 0.914 0.262 0.462 0.296 0.293 0.457 0.115 0.387 0.577 0.313 0.215 0.495 0.767 0.204 0.189 0.609 0.22 0.498
811 0.413 0.27 0.794 0.238 0.265 0.399 0.205 0.461 0.171 0.399 0.452 0.383 0.232 0.565 0.651 0.228 0.208 0.599 0.238 0.556
812 0.24 0.358 0.683 0.276 0.21 0.383 0.252 0.519 0.178 0.411 0.332 0.423 0.24 0.549 0.54 0.264 0.15 0.559 0.314 0.552
813 0.258 0.331 0.587 0.31 0.264 0.377 0.265 0.487 0.151 0.377 0.297 0.407 0.221 0.583 0.426 0.29 0.141 0.399 0.287 0.458
814 0.219 0.239 0.544 0.366 0.264 0.266 0.309 0.435 0.151 0.285 0.267 0.329 0.243 0.492 0.318 0.301 0.177 0.316 0.378 0.401
815 0.174 0.124 0.515 0.401 0.211 0.128 0.441 0.403 0.131 0.154 0.263 0.243 0.297 0.386 0.306 0.269 0.253 0.228 0.453 0.358
816 0.102 0.061 0.521 0.373 0.191 0.04 0.463 0.415 0.1 0.11 0.217 0.188 0.368 0.268 0.357 0.232 0.235 0.137 0.535 0.349
817 0.07 0.043 0.59 0.381 0.302 0.027 0.414 0.354 0.084 0.062 0.294 0.141 0.409 0.179 0.461 0.146 0.281 0.069 0.608 0.359
818 0.154 0.041 0.634 0.391 0.396 0.051 0.48 0.332 0.259 0.054 0.41 0.11 0.466 0.146 0.436 0.036 0.321 0.033 0.667 0.373
819 0.248 0.054 0.674 0.434 0.536 0.088 0.532 0.323 0.366 0.062 0.535 0.102 0.543 0.133 0.538 0.042 0.423 0.06 0.742 0.434
820 0.367 0.071 0.722 0.438 0.641 0.08 0.635 0.388 0.459 0.064 0.625 0.14 0.72 0.158 0.653 0.055 0.548 0.117 0.809 0.44
821 0.509 0.068 0.769 0.437 0.763 0.14 0.717 0.405 0.614 0.093 0.671 0.19 0.883 0.32 0.778 0.065 0.661 0.221 0.873 0.421
822 0.669 0.063 0.856 0.438 0.874 0.166 0.761 0.42 0.692 0.075 0.709 0.198 0.904 0.428 0.879 0.067 0.78 0.319 0.926 0.453
823 0.774 0.069 0.929 0.483 0.972 0.201 0.782 0.411 0.807 0.062 0.772 0.193 0.914 0.382 0.965 0.07 0.884 0.35 0.983 0.508
824 0.914 0.107 1.027 0.449 1.05 0.196 0.778 0.424 0.945 0.059 0.84 0.185 0.984 0.397 1.05 0.061 0.994 0.316 1.024 0.578
825 1.028 0.126 1.09 0.308 1.077 0.192 0.854 0.41 1.047 0.058 0.884 0.16 1.047 0.295 1.087 0.069 1.069 0.254 1.071 0.512
826 1.051 0.189 1.109 0.249 1.158 0.138 0.941 0.335 1.095 0.099 0.898 0.118 1.084 0.19 1.113 0.101 1.14 0.197 1.086 0.381
827 1.05 0.198 1.173 0.196 1.158 0.125 1.003 0.236 1.11 0.128 0.928 0.106 1.138 0.16 1.161 0.111 1.155 0.135 1.121 0.271
828 1.076 0.21 1.179 0.214 1.153 0.144 0.979 0.155 1.052 0.114 0.926 0.116 1.11 0.19 1.158 0.066 1.092 0.167 1.11 0.241
829 1.005 0.21 1.155 0.276 1.165 0.213 0.891 0.192 1.059 0.032 0.913 0.134 1.057 0.201 1.135 0.023 1.014 0.094 1.047 0.263
830 0.987 0.203 1.077 0.322 1.145 0.285 0.845 0.245 0.964 0.052 0.874 0.226 0.989 0.183 1.065 0.049 0.907 0.122 0.931 0.281
831 0.977 0.299 1.04 0.415 1.088 0.336 0.809 0.286 0.893 0.052 0.807 0.241 0.952 0.129 1.022 0.093 0.828 0.171 0.85 0.351
832 0.944 0.372 1.024 0.464 1.02 0.326 0.811 0.309 0.805 0.085 0.771 0.3 0.886 0.085 0.933 0.111 0.757 0.218 0.806 0.392
833 0.866 0.372 1.035 0.502 0.89 0.244 0.85 0.341 0.719 0.086 0.726 0.298 0.792 0.105 0.878 0.067 0.681 0.213 0.761 0.42
834 0.868 0.415 1.021 0.55 0.767 0.177 0.829 0.431 0.663 0.088 0.7 0.266 0.693 0.119 0.807 0.118 0.649 0.205 0.692 0.476
835 0.783 0.467 0.946 0.592 0.661 0.193 0.749 0.457 0.573 0.095 0.687 0.224 0.581 0.11 0.727 0.136 0.602 0.17 0.623 0.39
836 0.717 0.447 0.882 0.625 0.59 0.204 0.685 0.482 0.511 0.086 0.683 0.202 0.646 0.069 0.669 0.082 0.587 0.099 0.534 0.339
837 0.65 0.452 0.783 0.604 0.505 0.177 0.607 0.42 0.461 0.073 0.706 0.159 0.68 0.034 0.751 0.056 0.559 0.077 0.555 0.394
838 0.603 0.353 0.686 0.509 0.439 0.176 0.598 0.313 0.454 0.092 0.742 0.186 0.718 0.099 0.732 0.12 0.462 0.176 0.63 0.238
839 0.623 0.238 0.62 0.384 0.407 0.214 0.646 0.205 0.366 0.087 0.747 0.222 0.639 0.157 0.694 0.203 0.562 0.22 0.631 0.183
840 0.663 0.265 0.649 0.281 0.521 0.268 0.696 0.229 0.29 0.106 0.736 0.254 0.672 0.202 0.707 0.205 0.586 0.273 0.63 0.236
841 0.676 0.279 0.698 0.325 0.589 0.335 0.721 0.309 0.228 0.104 0.757 0.288 0.608 0.193 0.736 0.29 0.637 0.316 0.629 0.219
842 0.68 0.38 0.683 0.447 0.516 0.351 0.68 0.418 0.251 0.079 0.757 0.333 0.708 0.155 0.705 0.351 0.654 0.38 0.704 0.243
843 0.661 0.514 0.672 0.551 0.442 0.298 0.708 0.531 0.231 0.045 0.805 0.349 0.774 0.235 0.672 0.414 0.66 0.507 0.75 0.317
844 0.741 0.626 0.711 0.651 0.388 0.245 0.802 0.607 0.121 0.054 0.842 0.327 0.813 0.322 0.704 0.517 0.679 0.614 0.8 0.358
845 0.848 0.699 0.789 0.679 0.368 0.17 0.873 0.696 0.067 0.115 0.902 0.296 0.863 0.304 0.805 0.576 0.794 0.609 0.879 0.45
846 0.907 0.794 0.905 0.744 0.318 0.138 0.953 0.714 0.089 0.214 0.958 0.296 0.918 0.304 0.922 0.626 0.938 0.685 0.937 0.535
847 0.958 0.866 0.936 0.838 0.257 0.104 1.074 0.703 0.173 0.248 1.007 0.321 0.978 0.295 1.022 0.661 1.083 0.665 1.025 0.553
848 1.044 0.831 0.966 0.878 0.204 0.084 1.11 0.648 0.22 0.174 1.046 0.35 1.027 0.369 1.1 0.625 1.16 0.595 1.112 0.535
849 1.119 0.726 1.081 0.776 0.126 0.059 1.142 0.566 0.197 0.116 1.062 0.407 1.056 0.418 1.134 0.559 1.137 0.552 1.157 0.503
850 1.162 0.69 1.177 0.714 0.121 0.084 1.14 0.663 0.153 0.076 1.164 0.427 1.081 0.474 1.12 0.624 1.122 0.501 1.148 0.466
851 1.152 0.714 1.139 0.742 0.082 0.046 1.104 0.679 0.115 0.079 1.153 0.342 1.083 0.506 1.155 0.629 1.151 0.537 1.126 0.361
852 1.076 0.728 1.015 0.735 0.046 0.07 1.086 0.655 0.062 0.055 1.157 0.277 1.088 0.56 1.134 0.626 1.126 0.524 1.121 0.28
853 0.952 0.684 0.918 0.696 0.058 0.148 1.03 0.628 0.046 0.129 1.174 0.201 0.994 0.59 1.061 0.592 1.07 0.455 1.144 0.237
854 0.825 0.597 0.789 0.642 0.05 0.252 1.027 0.599 0.074 0.219 1.16 0.194 0.736 0.536 1.08 0.313 1.095 0.219 1.134 0.179
855 0.681 0.527 0.656 0.614 0.064 0.368 1.005 0.621 0.07 0.299 1.168 0.161 0.514 0.425 0.985 0.609 0.97 0.262 0.993 0.22
856 0.515 0.479 0.505 0.578 0.074 0.477 0.941 0.599 0.068 0.352 1.141 0.204 0.295 0.377 0.891 0.584 0.757 0.302 0.892 0.149
857 0.351 0.499 0.359 0.552 0.147 0.567 0.935 0.559 0.12 0.417 1.049 0.222 0.15 0.43 0.693 0.446 0.554 0.35 0.82 0.079
858 0.269 0.518 0.249 0.592 0.241 0.592 0.907 0.519 0.135 0.499 0.942 0.192 0.165 0.572 0.465 0.501 0.379 0.424 0.694 0.129
859 0.236 0.57 0.24 0.647 0.231 0.693 0.85 0.466 0.123 0.56 0.797 0.196 0.179 0.705 0.271 0.581 0.261 0.502 0.593 0.211
860 0.17 0.699 0.176 0.755 0.227 0.781 0.785 0.422 0.079 0.637 0.674 0.262 0.134 0.811 0.228 0.655 0.184 0.606 0.444 0.311
861 0.114 0.763 0.105 0.849 0.231 0.868 0.682 0.385 0.064 0.734 0.531 0.327 0.103 0.896 0.152 0.81 0.158 0.694 0.339 0.48
862 0.138 0.922 0.093 0.978 0.239 0.934 0.589 0.397 0.106 0.797 0.437 0.449 0.124 0.988 0.173 0.94 0.177 0.784 0.246 0.625
863 0.117 1.039 0.104 1.088 0.259 1.013 0.515 0.487 0.125 0.863 0.36 0.585 0.181 1.063 0.219 1.045 0.257 0.924 0.25 0.783
864 0.186 1.077 0.199 1.146 0.258 1.086 0.449 0.595 0.103 0.952 0.303 0.731 0.205 1.047 0.247 1.115 0.297 1.049 0.266 0.898
865 0.196 1.093 0.285 1.138 0.28 1.075 0.386 0.713 0.121 1.013 0.269 0.852 0.272 1.073 0.383 1.134 0.341 1.078 0.262 0.987
866 0.261 1.143 0.355 1.147 0.424 1.067 0.366 0.815 0.132 1.078 0.247 0.928 0.297 1.136 0.507 1.119 0.45 1.105 0.22 1.064
867 0.369 1.136 0.443 1.167 0.561 1.1 0.366 0.909 0.098 1.149 0.271 0.976 0.41 1.145 0.636 1.113 0.542 1.138 0.274 1.122
868 0.527 1.125 0.568 1.15 0.692 1.109 0.356 0.976 0.389 1.091 0.371 0.999 0.529 1.134 0.753 1.143 0.679 1.152 0.49 1.082
869 0.645 1.043 0.721 1.151 0.821 1.108 0.444 1.001 0.17 1.162 0.443 1.033 0.725 1.107 0.859 1.125 0.81 1.136 0.452 1.045
870 0.782 1.039 0.871 1.158 0.928 1.127 0.509 0.973 0.255 1.146 0.522 1.021 0.872 1.106 0.973 1.135 0.88 1.113 0.574 1.063
871 0.8 1.038 0.981 1.143 1.031 1.085 0.583 0.931 0.327 1.137 0.594 1.073 0.886 1.028 1.079 1.13 0.996 1.094 0.698 1.072
872 0.809 1.05 1.049 1.088 1.127 1.055 0.732 0.913 0.431 1.111 0.653 1.118 0.982 0.986 1.142 1.107 1.056 1.046 0.724 0.934
873 0.938 1.031 1.068 0.984 1.112 0.933 0.827 0.87 0.528 1.103 0.728 1.118 1.04 0.917 1.163 1.076 1.103 0.986 0.89 0.967
874 1.016 1.023 1.005 0.848 1.091 0.847 0.965 0.86 0.627 1.098 0.779 1.135 1.06 0.797 1.15 1.033 1.124 0.874 0.992 0.959
875 1.053 1.055 1.096 0.798 1.13 0.732 1.071 0.734 0.673 1.107 0.84 1.144 1.115 0.716 1.13 1.081 1.144 0.763 1.044 0.836
876 1.027 1.064 1.075 0.689 1.112 0.599 1.072 0.656 0.757 1.104 0.93 1.13 1.076 0.596 1.068 1.125 1.148 0.649 1.086 0.718
877 1.061 1.052 1.071 0.543 1.084 0.481 0.993 0.533 0.839 1.119 0.98 1.139 1.016 0.504 1.0 1.135 1.148 0.519 1.078 0.583
878 1.043 1.078 1.085 0.377 1.137 0.381 0.926 0.409 0.917 1.087 0.948 1.119 1.014 0.346 1.002 1.084 1.167 0.401 1.11 0.42
879 1.037 1.023 1.083 0.247 1.14 0.245 0.945 0.289 0.872 1.134 1.019 1.07 1.082 0.229 1.032 1.047 1.163 0.257 1.119 0.246
880 1.028 1.047 1.033 0.145 1.105 0.092 0.969 0.148 0.806 1.121 1.043 1.063 1.055 0.091 1.087 1.081 1.157 0.132 1.087 0.086
881 1.05 1.048 0.945 0.104 0.974 0.051 0.926 0.103 0.688 1.121 1.051 1.073 0.922 0.066 1.109 1.117 1.085 0.065 0.922 0.059
882 1.048 1.065 0.854 0.148 0.851 0.065 0.845 0.091 0.568 1.13 1.034 1.07 0.808 0.071 1.148 1.1 0.986 0.053 0.846 0.066
883 1.049 1.05 0.74 0.168 0.822 0.11 0.716 0.13 0.456 1.116 1.038 1.07 0.684 0.108 1.132 1.021 0.881 0.069 0.729 0.072
884 1.044 1.03 0.621 0.254 0.725 0.176 0.587 0.188 0.328 1.122 1.026 1.062 0.563 0.179 1.116 0.934 0.753 0.102 0.566 0.075
885 1.067 1.048 0.492 0.359 0.578 0.206 0.462 0.33 0.276 1.072 1.03 1.047 0.506 0.211 1.073 0.879 0.663 0.078 0.509 0.123
886 1.038 1.042 0.403 0.538 0.447 0.316 0.354 0.512 0.407 1.057 1.038 1.02 0.398 0.245 1.013 0.84 0.556 0.083 0.408 0.182
887 0.963 1.047 0.409 0.822 0.385 0.507 0.373 0.764 0.574 1.021 1.019 1.011 0.299 0.31 0.947 0.882 0.428 0.089 0.29 0.252
888 0.883 0.949 0.561 0.936 0.418 0.704 0.559 0.869 0.768 0.966 0.975 1.0 0.25 0.415 0.842 0.886 0.311 0.093 0.219 0.371
889 0.752 0.868 0.703 0.92 0.552 0.843 0.736 0.846 0.739 0.868 0.931 0.989 0.264 0.539 0.744 0.853 0.204 0.092 0.226 0.525
890 0.717 0.852 0.674 0.877 0.635 0.769 0.69 0.778 0.672 0.784 0.887 1.017 0.356 0.691 0.727 0.757 0.182 0.092 0.325 0.634
891 0.728 0.847 0.668 0.782 0.537 0.765 0.583 0.676 0.57 0.77 0.825 1.022 0.504 0.801 0.61 0.695 0.28 0.037 0.356 0.721
892 0.54 0.919 0.698 0.733 0.421 0.714 0.549 0.588 0.516 0.861 0.76 1.004 0.507 0.868 0.559 0.706 0.364 0.15 0.334 0.819
893 0.54 1.049 0.575 0.613 0.409 0.867 0.517 0.478 0.542 0.978 0.699 0.994 0.424 0.963 0.467 0.597 0.366 0.286 0.283 0.896
894 0.479 1.044 0.48 0.52 0.435 0.973 0.527 0.387 0.515 1.039 0.645 1.031 0.38 1.02 0.446 0.435 0.414 0.375 0.25 0.97
895 0.421 1.126 0.475 0.405 0.438 1.021 0.604 0.366 0.428 1.049 0.6 1.077 0.342 1.087 0.478 0.367 0.449 0.365 0.229 1.03
896 0.29 1.144 0.504 0.32 0.535 1.097 0.67 0.392 0.363 1.087 0.559 1.089 0.272 1.143 0.57 0.314 0.486 0.303 0.161 1.076
897 0.213 1.132 0.505 0.289 0.487 1.072 0.664 0.478 0.282 1.137 0.532 1.148 0.163 1.143 0.625 0.222 0.501 0.2 0.127 1.085
898 0.126 1.081 0.446 0.261 0.398 1.08 0.627 0.594 0.226 1.152 0.399 1.145 0.088 1.108 0.549 0.138 0.475 0.128 0.076 1.105
899 0.096 0.978 0.37 0.279 0.321 1.085 0.553 0.682 0.14 1.097 0.264 1.148 0.105 1.028 0.501 0.093 0.422 0.072 0.098 1.011
900 0.072 0.883 0.286 0.436 0.268 1.079 0.46 0.749 0.159 0.986 0.137 1.133 0.17 0.884 0.395 0.058 0.333 0.134 0.098 0.886
901 0.1 0.693 0.245 0.591 0.214 1.049 0.356 0.75 0.2 0.858 0.099 0.997 0.193 0.787 0.294 0.087 0.336 0.414 0.104 0.745
902 0.106 0.589 0.213 0.593 0.197 0.985 0.281 0.702 0.207 0.704 0.106 0.805 0.181 0.655 0.216 0.11 0.146 0.472 0.169 0.596
903 0.101 0.388 0.149 0.369 0.183 0.903 0.241 0.6 0.191 0.551 0.092 0.604 0.159 0.526 0.153 0.169 0.14 0.219 0.138 0.37
904 0.066 0.198 0.102 0.186 0.187 0.88 0.168 0.406 0.121 0.371 0.076 0.401 0.131 0.205 0.168 0.173 0.129 0.171 0.097 0.193
905 0.085 0.183 0.104 0.067 0.211 0.767 0.286 0.53 0.15 0.25 0.062 0.238 0.092 0.213 0.118 0.102 0.104 0.054 0.107 0.146
906 0.077 0.086 0.136 0.065 0.178 0.653 0.232 0.434 0.161 0.15 0.042 0.109 0.113 0.093 0.258 0.053 0.246 0.042 0.074 0.068
907 0.162 0.062 0.257 0.034 0.149 0.546 0.189 0.344 0.284 0.111 0.115 0.039 0.201 0.04 0.408 0.07 0.393 0.044 0.16 0.031
908 0.316 0.083 0.403 0.048 0.108 0.525 0.145 0.47 0.424 0.108 0.222 0.056 0.372 0.064 0.591 0.043 0.532 0.052 0.305 0.036
909 0.438 0.096 0.522 0.062 0.095 0.504 0.063 0.475 0.572 0.087 0.331 0.069 0.499 0.045 0.762 0.036 0.67 0.068 0.47 0.069
910 0.528 0.074 0.64 0.058 0.059 0.428 0.053 0.369 0.713 0.098 0.45 0.058 0.605 0.047 0.926 0.048 0.809 0.044 0.612 0.09
911 0.637 0.076 0.788 0.058 0.044 0.317 0.056 0.271 0.87 0.098 0.568 0.078 0.701 0.046 1.103 0.054 0.955 0.057 0.749 0.095
912 0.775 0.082 0.927 0.084 0.057 0.242 0.073 0.17 0.999 0.142 0.688 0.059 0.803 0.041 1.166 0.159 1.098 0.079 0.867 0.091
913 0.914 0.085 1.039 0.154 0.063 0.163 0.065 0.094 1.093 0.251 0.806 0.076 0.923 0.045 1.142 0.303 1.165 0.21 0.989 0.077
914 1.04 0.11 1.095 0.26 0.057 0.086 0.073 0.035 1.11 0.383 0.948 0.098 1.041 0.062 1.171 0.385 1.17 0.346 1.114 0.147
915 1.142 0.168 1.129 0.371 0.095 0.04 0.147 0.038 1.138 0.49 1.057 0.118 1.144 0.124 1.149 0.453 1.175 0.387 1.162 0.271
916 1.168 0.307 1.115 0.47 0.173 0.043 0.224 0.035 1.142 0.618 1.133 0.225 1.161 0.229 1.153 0.53 1.124 0.484 1.163 0.357
917 1.149 0.454 1.101 0.599 0.258 0.046 0.301 0.044 1.147 0.76 1.136 0.359 1.167 0.366 1.134 0.661 1.116 0.632 1.137 0.486
918 1.153 0.577 1.072 0.724 0.325 0.046 0.376 0.054 1.146 0.887 1.137 0.497 1.171 0.482 1.145 0.792 1.165 0.755 1.137 0.603
919 1.158 0.704 1.046 0.761 0.399 0.049 0.448 0.057 1.145 0.994 1.129 0.647 1.179 0.613 1.134 0.911 1.162 0.909 1.153 0.781
920 1.138 0.825 0.985 0.873 0.469 0.06 0.542 0.106 1.102 1.113 1.15 0.785 1.166 0.728 1.095 1.032 1.156 1.057 1.148 0.964
921 1.161 0.967 0.988 0.973 0.559 0.06 0.616 0.1 1.117 1.135 1.161 0.933 1.175 0.858 1.029 1.058 1.134 1.103 1.127 1.073
922 1.138 1.052 1.051 1.035 0.652 0.059 0.696 0.083 1.026 1.126 1.105 1.037 1.171 0.961 1.035 1.093 1.047 1.084 1.041 1.069
923 1.101 1.116 1.046 1.051 0.736 0.08 0.791 0.08 0.954 1.103 1.074 1.066 1.165 1.063 1.016 1.114 1.071 1.103 1.034 1.081
924 1.149 1.132 1.053 1.041 0.822 0.074 0.869 0.061 0.866 1.14 1.053 1.042 1.147 1.106 1.025 1.116 1.053 1.108 1.049 1.069
925 1.054 1.151 1.064 1.044 0.871 0.056 0.931 0.052 0.864 1.113 1.066 1.049 1.072 1.075 1.054 1.141 1.043 1.08 1.035 1.066
926 0.969 1.146 1.029 1.028 0.954 0.049 1.011 0.046 0.961 1.099 1.05 1.04 1.057 1.053 0.994 1.088 1.037 1.051 1.007 1.035
927 0.92 1.127 1.045 1.021 1.035 0.048 1.09 0.043 1.029 1.036 1.051 1.021 1.087 1.025 1.051 1.081 1.053 1.055 1.04 1.007
928 0.892 1.116 1.03 1.044 1.122 0.055 1.145 0.03 1.019 1.041 1.051 1.047 1.117 1.045 1.04 1.059 1.051 1.059 1.114 0.969
