time X0 Y0 X1 Y1 X2 Y2 X3 Y3 X4 Y4 X5 Y5 X6 Y6 X7 Y7 X8 Y8 X9 Y9
2513 0.775 0.823 0.680417724609375 0.063826904296875 0.396 0.062 0.6774873046875001 0.06493994140625 0.829 1.136 0.474 0.061 0.806 0.79 0.765 0.433 0.673 0.064 0.794 0.613
2514 0.771 1.042 0.638 0.268 0.485 0.059 0.68 0.401 1.082 1.075 0.555 0.07 0.655 0.627 0.672 0.51 0.586 0.066 0.716 0.604
2515 0.755 0.954 0.569 0.16 0.535 0.068 0.602 0.249 1.105 1.107 0.545 0.051 0.527 0.467 0.545 0.366 0.587 0.087 0.591 0.432
2516 0.774 0.843 0.488 0.113 0.548 0.053 0.568 0.138 1.123 1.136 0.548 0.053 0.403 0.347 0.424 0.272 0.551 0.065 0.479 0.315
2517 0.728 0.713 0.465 0.065 0.575 0.047 0.532 0.088 1.075 1.136 0.503 0.072 0.34 0.239 0.327 0.205 0.531 0.072 0.372 0.239
2518 0.695 0.606 0.393 0.121 0.546 0.077 0.45 0.107 1.005 1.13 0.452 0.041 0.335 0.176 0.373 0.116 0.502 0.062 0.42 0.156
2519 0.644 0.485 0.383 0.065 0.494 0.151 0.434 0.122 0.949 1.129 0.465 0.074 0.371 0.146 0.372 0.097 0.512 0.052 0.448 0.138
2520 0.574 0.384 0.333 0.103 0.508 0.215 0.364 0.102 0.872 1.122 0.445 0.05 0.344 0.164 0.333 0.122 0.541 0.141 0.384 0.106
2521 0.485 0.318 0.264 0.149 0.392 0.243 0.342 0.113 0.838 1.057 0.382 0.059 0.26 0.184 0.319 0.152 0.445 0.142 0.352 0.173
