time X0 Y0 X1 Y1 X2 Y2 X3 Y3 X4 Y4 X5 Y5 X6 Y6 X7 Y7 X8 Y8 X9 Y9
1356 0.2655 0.76 0.171 0.045 0.267 0.759 0.412 0.175 0.075 0.592 1.156 0.826 0.059 0.631 1.173 0.798 0.387 0.191 0.112 0.106
1357 0.3 0.755 0.092 0.05 0.107 0.752 0.274 0.191 0.232 0.359 1.148 0.887 0.064 0.658 1.151 0.809 0.092 0.074 0.072 0.066
1358 0.336 0.748 0.066 0.036 0.072 0.845 0.184 0.357 0.258 0.399 1.164 0.988 0.063 0.718 1.152 0.923 0.174 0.182 0.054 0.117
1359 0.37 0.733 0.077 0.109 0.061 0.906 0.085 0.437 0.282 0.382 1.177 1.041 0.077 0.756 1.171 1.003 0.094 0.291 0.043 0.194
1360 0.379 0.746 0.066 0.188 0.111 0.987 0.078 0.544 0.284 0.359 1.166 1.058 0.05 0.757 1.162 1.022 0.045 0.402 0.052 0.29
1361 0.407 0.743 0.121 0.211 0.154 1.013 0.098 0.702 0.247 0.338 1.134 1.034 0.04 0.727 1.18 1.015 0.083 0.532 0.072 0.366
1362 0.415 0.762 0.135 0.317 0.26 1.023 0.029 0.674 0.226 0.34 1.156 1.002 0.051 0.738 1.169 1.029 0.088 0.653 0.078 0.472
1363 0.416 0.761 0.096 0.418 0.321 0.986 0.042 0.691 0.187 0.413 1.158 1.022 0.058 0.687 1.178 1.056 0.034 0.623 0.072 0.57
1364 0.416 0.789 0.089 0.552 0.322 0.918 0.098 0.795 0.111 0.467 1.165 1.029 0.141 0.82 1.172 1.068 0.108 0.665 0.031 0.585
