# Time(s) fish0X fish0Y
0.000 1.099 0.384
1.000 1.112 0.328
2.000 1.104 0.283
3.000 1.136 0.224
4.000 1.162 0.198
5.000 1.162 0.148
6.000 1.149 0.076
7.000 1.092 0.033
8.000 1.038 0.037
9.000 0.975 0.048
10.000 0.940 0.064
11.000 0.911 0.096
12.000 0.891 0.135
13.000 0.882 0.168
14.000 0.893 0.208
15.000 0.909 0.237
16.000 0.945 0.238
17.000 0.975 0.211
18.000 0.991 0.177
19.000 1.010 0.149
20.000 1.026 0.115
21.000 1.063 0.082
22.000 1.095 0.059
23.000 1.131 0.042
24.000 1.158 0.036
25.000 1.172 0.063
26.000 1.168 0.092
27.000 1.158 0.120
28.000 1.116 0.133
29.000 1.096 0.088
30.000 1.084 0.048
31.000 1.050 0.026
32.000 1.016 0.041
33.000 0.984 0.072
34.000 0.956 0.089
35.000 0.925 0.106
36.000 0.897 0.138
37.000 0.844 0.125
38.000 0.799 0.098
39.000 0.774 0.071
40.000 0.757 0.048
41.000 0.749 0.035
42.000 0.727 0.023
43.000 0.701 0.019
44.000 0.690 0.049
45.000 0.726 0.046
46.000 0.751 0.033
47.000 0.789 0.024
48.000 0.826 0.026
49.000 0.862 0.035
50.000 0.893 0.038
51.000 0.930 0.049
52.000 0.972 0.052
53.000 1.007 0.039
54.000 1.025 0.026
55.000 1.062 0.028
56.000 1.099 0.030
57.000 1.128 0.033
58.000 1.161 0.039
59.000 1.181 0.050
60.000 1.171 0.076
61.000 1.165 0.106
62.000 1.150 0.131
63.000 1.142 0.156
64.000 1.148 0.190
65.000 1.172 0.224
66.000 1.193 0.254
67.000 1.173 0.287
68.000 1.158 0.313
69.000 1.152 0.356
70.000 1.159 0.405
71.000 1.185 0.452
72.000 1.191 0.501
73.000 1.177 0.558
74.000 1.189 0.613
75.000 1.193 0.657
76.000 1.166 0.700
77.000 1.179 0.749
78.000 1.188 0.780
79.000 1.155 0.801
80.000 1.134 0.775
81.000 1.086 0.794
82.000 1.085 0.853
83.000 1.109 0.908
84.000 1.152 0.964
85.000 1.175 0.958
86.000 1.167 0.925
87.000 1.179 0.877
88.000 1.188 0.835
89.000 1.181 0.806
90.000 1.175 0.768
91.000 1.175 0.734
92.000 1.176 0.697
93.000 1.184 0.662
94.000 1.185 0.620
95.000 1.183 0.575
96.000 1.182 0.539
97.000 1.193 0.494
98.000 1.187 0.455
99.000 1.170 0.424
100.000 1.151 0.387
101.000 1.167 0.335
102.000 1.183 0.303
103.000 1.193 0.267
104.000 1.183 0.222
105.000 1.177 0.178
106.000 1.185 0.128
107.000 1.183 0.094
108.000 1.179 0.052
109.000 1.174 0.029
110.000 1.144 0.028
111.000 1.143 0.049
112.000 1.176 0.041
113.000 1.146 0.024
114.000 1.111 0.023
115.000 1.065 0.023
116.000 1.026 0.032
117.000 0.975 0.015
118.000 0.927 0.019
119.000 0.889 0.024
120.000 0.862 0.027
121.000 0.827 0.038
122.000 0.821 0.081
123.000 0.837 0.115
124.000 0.840 0.157
125.000 0.840 0.201
126.000 0.872 0.217
127.000 0.901 0.227
128.000 0.926 0.254
129.000 0.903 0.285
130.000 0.840 0.255
131.000 0.794 0.240
132.000 0.753 0.236
133.000 0.690 0.206
134.000 0.634 0.170
135.000 0.595 0.114
136.000 0.600 0.067
137.000 0.629 0.040
138.000 0.668 0.026
139.000 0.710 0.013
140.000 0.737 0.021
141.000 0.756 0.047
142.000 0.797 0.052
143.000 0.831 0.029
144.000 0.852 0.009
145.000 0.895 0.021
146.000 0.939 0.019
147.000 0.991 0.015
148.000 1.036 0.007
149.000 1.078 0.017
150.000 1.107 0.020
151.000 1.136 0.014
152.000 1.172 0.016
153.000 1.194 0.044
154.000 1.191 0.074
155.000 1.188 0.097
156.000 1.190 0.130
157.000 1.196 0.177
158.000 1.197 0.196
159.000 1.181 0.213
160.000 1.171 0.232
161.000 1.142 0.229
162.000 1.146 0.193
163.000 1.181 0.168
164.000 1.180 0.117
165.000 1.173 0.073
166.000 1.184 0.024
167.000 1.139 0.019
168.000 1.089 0.034
169.000 1.050 0.036
170.000 1.020 0.051
171.000 1.008 0.081
172.000 1.010 0.113
173.000 1.002 0.154
174.000 0.999 0.189
175.000 0.998 0.230
176.000 0.997 0.260
177.000 1.003 0.314
178.000 1.027 0.355
179.000 1.058 0.377
180.000 1.110 0.400
181.000 1.168 0.406
182.000 1.186 0.389
183.000 1.165 0.356
184.000 1.135 0.351
185.000 1.104 0.366
186.000 1.082 0.408
187.000 1.083 0.475
188.000 1.113 0.531
189.000 1.156 0.574
190.000 1.152 0.633
191.000 1.141 0.704
192.000 1.135 0.761
193.000 1.168 0.809
194.000 1.182 0.877
195.000 1.165 0.941
196.000 1.153 0.998
197.000 1.159 1.039
198.000 1.153 1.083
199.000 1.155 1.139
200.000 1.143 1.180
201.000 1.105 1.171
202.000 1.074 1.165
203.000 1.030 1.158
204.000 0.976 1.174
205.000 0.923 1.187
206.000 0.875 1.182
207.000 0.817 1.176
208.000 0.755 1.190
209.000 0.688 1.181
210.000 0.636 1.181
211.000 0.596 1.174
212.000 0.536 1.159
213.000 0.461 1.163
214.000 0.394 1.140
215.000 0.365 1.103
216.000 0.399 1.164
217.000 0.388 1.189
218.000 0.408 1.178
219.000 0.398 1.145
220.000 0.419 1.086
221.000 0.442 1.065
222.000 0.452 1.017
223.000 0.442 0.969
224.000 0.390 0.935
225.000 0.301 0.959
226.000 0.237 0.988
227.000 0.180 1.025
228.000 0.137 1.061
229.000 0.089 1.082
230.000 0.060 1.112
231.000 0.043 1.136
232.000 0.056 1.162
233.000 0.084 1.158
234.000 0.102 1.151
235.000 0.112 1.122
236.000 0.074 1.084
237.000 0.029 1.077
238.000 0.028 1.040
239.000 0.026 0.996
240.000 0.023 0.946
241.000 0.022 0.909
242.000 0.015 0.854
243.000 0.023 0.809
244.000 0.028 0.753
245.000 0.019 0.697
246.000 0.020 0.636
247.000 0.015 0.577
248.000 0.027 0.518
249.000 0.050 0.498
250.000 0.081 0.476
251.000 0.094 0.423
252.000 0.051 0.370
253.000 0.045 0.317
254.000 0.064 0.257
255.000 0.050 0.184
256.000 0.062 0.106
257.000 0.050 0.041
258.000 0.085 0.028
259.000 0.132 0.029
260.000 0.192 0.028
261.000 0.232 0.026
262.000 0.287 0.032
263.000 0.354 0.023
264.000 0.376 0.050
265.000 0.404 0.077
266.000 0.476 0.069
267.000 0.553 0.034
268.000 0.606 0.022
269.000 0.686 0.014
270.000 0.735 0.010
271.000 0.805 0.024
272.000 0.883 0.010
273.000 0.952 0.021
274.000 1.026 0.014
275.000 1.082 0.019
276.000 1.126 0.020
277.000 1.185 0.027
278.000 1.182 0.080
279.000 1.186 0.131
280.000 1.189 0.175
281.000 1.180 0.227
282.000 1.191 0.274
283.000 1.189 0.315
284.000 1.196 0.348
285.000 1.178 0.402
286.000 1.162 0.450
287.000 1.158 0.522
288.000 1.171 0.588
289.000 1.169 0.670
290.000 1.151 0.732
291.000 1.166 0.803
292.000 1.186 0.869
293.000 1.180 0.941
294.000 1.186 1.006
295.000 1.166 1.077
296.000 1.174 1.136
297.000 1.162 1.179
298.000 1.108 1.176
299.000 1.071 1.165
300.000 1.026 1.163
301.000 0.949 1.170
302.000 0.887 1.185
303.000 0.849 1.196
304.000 0.781 1.181
305.000 0.724 1.195
306.000 0.674 1.198
307.000 0.595 1.199
308.000 0.529 1.191
309.000 0.465 1.190
310.000 0.390 1.157
311.000 0.383 1.150
312.000 0.424 1.139
313.000 0.386 1.112
314.000 0.336 1.124
315.000 0.346 1.160
316.000 0.375 1.188
317.000 0.383 1.193
318.000 0.417 1.193
319.000 0.443 1.160
320.000 0.447 1.104
321.000 0.392 1.062
322.000 0.335 1.087
323.000 0.292 1.133
324.000 0.244 1.160
325.000 0.173 1.150
326.000 0.123 1.145
327.000 0.063 1.144
328.000 0.035 1.156
329.000 0.077 1.153
330.000 0.072 1.104
331.000 0.038 1.041
332.000 0.027 0.980
333.000 0.019 0.921
334.000 0.028 0.853
335.000 0.015 0.790
336.000 0.025 0.712
337.000 0.030 0.668
338.000 0.056 0.660
339.000 0.081 0.633
340.000 0.070 0.587
341.000 0.031 0.535
342.000 0.046 0.508
343.000 0.062 0.468
344.000 0.049 0.400
345.000 0.039 0.325
346.000 0.067 0.279
347.000 0.065 0.217
348.000 0.038 0.161
349.000 0.034 0.102
350.000 0.050 0.052
351.000 0.085 0.035
352.000 0.141 0.031
353.000 0.196 0.035
354.000 0.230 0.053
355.000 0.267 0.073
356.000 0.322 0.062
357.000 0.353 0.024
358.000 0.404 0.018
359.000 0.459 0.020
360.000 0.519 0.026
361.000 0.586 0.028
362.000 0.654 0.020
363.000 0.712 0.019
364.000 0.776 0.014
365.000 0.846 0.018
366.000 0.897 0.010
367.000 0.934 0.025
368.000 0.933 0.048
369.000 0.932 0.029
370.000 0.987 0.024
371.000 1.048 0.033
372.000 1.110 0.038
373.000 1.161 0.057
374.000 1.173 0.103
375.000 1.172 0.162
376.000 1.178 0.219
377.000 1.166 0.285
378.000 1.166 0.332
379.000 1.191 0.388
380.000 1.184 0.446
381.000 1.171 0.477
382.000 1.152 0.496
383.000 1.156 0.546
384.000 1.184 0.609
385.000 1.181 0.677
386.000 1.173 0.746
387.000 1.176 0.803
388.000 1.178 0.877
389.000 1.183 0.937
390.000 1.151 0.992
391.000 1.146 1.049
392.000 1.149 1.092
393.000 1.150 1.153
394.000 1.109 1.178
395.000 1.065 1.171
396.000 1.032 1.173
397.000 0.995 1.172
398.000 0.948 1.170
399.000 0.890 1.166
400.000 0.815 1.172
401.000 0.748 1.185
402.000 0.683 1.182
403.000 0.616 1.172
404.000 0.544 1.184
405.000 0.483 1.180
406.000 0.408 1.180
407.000 0.339 1.162
408.000 0.272 1.166
409.000 0.200 1.169
410.000 0.151 1.164
411.000 0.095 1.152
412.000 0.055 1.122
413.000 0.037 1.067
414.000 0.032 1.007
415.000 0.036 0.939
416.000 0.038 0.894
417.000 0.038 0.837
418.000 0.032 0.778
419.000 0.034 0.710
420.000 0.037 0.668
421.000 0.058 0.665
422.000 0.064 0.622
423.000 0.038 0.559
424.000 0.033 0.508
425.000 0.055 0.484
426.000 0.057 0.416
427.000 0.042 0.346
428.000 0.039 0.292
429.000 0.024 0.224
430.000 0.035 0.159
431.000 0.046 0.104
432.000 0.054 0.054
433.000 0.074 0.029
434.000 0.124 0.033
435.000 0.176 0.038
436.000 0.217 0.028
437.000 0.252 0.038
438.000 0.260 0.075
439.000 0.227 0.094
440.000 0.165 0.075
441.000 0.133 0.036
442.000 0.100 0.029
443.000 0.059 0.039
444.000 0.036 0.034
445.000 0.034 0.063
446.000 0.044 0.087
447.000 0.057 0.114
448.000 0.060 0.155
449.000 0.032 0.194
450.000 0.017 0.237
451.000 0.027 0.269
452.000 0.036 0.295
453.000 0.040 0.323
454.000 0.031 0.352
455.000 0.020 0.368
456.000 0.021 0.394
457.000 0.029 0.424
458.000 0.019 0.459
459.000 0.016 0.490
460.000 0.019 0.523
461.000 0.017 0.549
462.000 0.021 0.583
463.000 0.025 0.615
464.000 0.021 0.654
465.000 0.029 0.689
466.000 0.031 0.727
467.000 0.023 0.774
468.000 0.024 0.815
469.000 0.015 0.861
470.000 0.020 0.899
471.000 0.022 0.934
472.000 0.030 0.975
473.000 0.036 1.014
474.000 0.041 1.045
475.000 0.045 1.084
476.000 0.048 1.132
477.000 0.069 1.160
478.000 0.092 1.150
479.000 0.125 1.136
480.000 0.161 1.173
481.000 0.186 1.174
482.000 0.214 1.176
483.000 0.234 1.176
484.000 0.268 1.177
485.000 0.311 1.183
486.000 0.347 1.187
487.000 0.377 1.196
488.000 0.412 1.183
489.000 0.450 1.186
490.000 0.482 1.192
491.000 0.518 1.186
492.000 0.550 1.164
493.000 0.614 1.163
494.000 0.661 1.188
495.000 0.716 1.176
496.000 0.758 1.155
497.000 0.804 1.146
498.000 0.844 1.179
499.000 0.887 1.185
500.000 0.935 1.175
501.000 0.998 1.187
502.000 1.034 1.198
503.000 1.071 1.175
504.000 0.993 1.158
505.000 0.920 1.163
506.000 0.856 1.162
507.000 0.790 1.167
508.000 0.734 1.150
509.000 0.683 1.161
510.000 0.643 1.182
511.000 0.600 1.185
512.000 0.550 1.184
513.000 0.495 1.186
514.000 0.440 1.184
515.000 0.390 1.183
516.000 0.338 1.175
517.000 0.285 1.178
518.000 0.234 1.176
519.000 0.187 1.175
520.000 0.148 1.171
521.000 0.119 1.161
522.000 0.089 1.129
523.000 0.051 1.137
524.000 0.053 1.163
525.000 0.075 1.148
526.000 0.073 1.108
527.000 0.036 1.059
528.000 0.027 1.008
529.000 0.030 0.972
530.000 0.023 0.928
531.000 0.021 0.880
532.000 0.025 0.822
533.000 0.022 0.768
534.000 0.013 0.716
535.000 0.016 0.677
536.000 0.022 0.636
537.000 0.009 0.572
538.000 0.018 0.529
539.000 0.022 0.496
540.000 0.016 0.429
541.000 0.017 0.372
542.000 0.025 0.304
543.000 0.028 0.240
544.000 0.025 0.172
545.000 0.025 0.105
546.000 0.025 0.094
547.000 0.031 0.064
548.000 0.056 0.041
549.000 0.098 0.028
550.000 0.128 0.028
551.000 0.181 0.034
552.000 0.225 0.026
553.000 0.260 0.025
554.000 0.305 0.025
555.000 0.342 0.044
556.000 0.384 0.057
557.000 0.441 0.019
558.000 0.505 0.007
559.000 0.571 0.012
560.000 0.634 0.008
561.000 0.709 0.015
562.000 0.774 0.013
563.000 0.853 0.015
564.000 0.921 0.018
565.000 0.961 0.079
566.000 0.986 0.147
567.000 1.051 0.165
568.000 1.095 0.121
569.000 1.145 0.071
570.000 1.175 0.038
571.000 1.192 0.092
572.000 1.189 0.166
573.000 1.196 0.234
574.000 1.190 0.297
575.000 1.192 0.318
576.000 1.170 0.359
577.000 1.138 0.413
578.000 1.104 0.425
579.000 1.081 0.411
580.000 1.129 0.380
581.000 1.184 0.367
582.000 1.188 0.415
583.000 1.175 0.504
584.000 1.179 0.594
585.000 1.173 0.653
586.000 1.167 0.719
587.000 1.153 0.792
588.000 1.177 0.877
589.000 1.177 0.954
590.000 1.167 1.036
591.000 1.169 1.113
592.000 1.143 1.164
593.000 1.089 1.185
594.000 1.028 1.183
595.000 0.967 1.183
596.000 0.918 1.193
597.000 0.884 1.165
598.000 0.813 1.142
599.000 0.761 1.178
600.000 0.703 1.200
601.000 0.635 1.193
602.000 0.572 1.188
603.000 0.504 1.176
604.000 0.456 1.161
605.000 0.418 1.144
606.000 0.350 1.148
607.000 0.300 1.166
608.000 0.214 1.151
609.000 0.149 1.157
610.000 0.077 1.144
611.000 0.027 1.113
612.000 0.019 1.059
613.000 0.028 1.003
614.000 0.036 0.929
615.000 0.026 0.868
616.000 0.017 0.805
617.000 0.016 0.741
618.000 0.008 0.681
619.000 0.008 0.563
620.000 0.008 0.572
621.000 0.037 0.527
622.000 0.088 0.502
623.000 0.102 0.419
624.000 0.056 0.340
625.000 0.025 0.262
626.000 0.028 0.166
627.000 0.031 0.088
628.000 0.073 0.031
629.000 0.138 0.025
630.000 0.200 0.017
631.000 0.265 0.027
632.000 0.335 0.031
633.000 0.410 0.013
634.000 0.486 0.018
635.000 0.563 0.016
636.000 0.632 0.015
637.000 0.693 0.010
638.000 0.747 0.006
639.000 0.809 0.006
640.000 0.875 0.019
641.000 0.928 0.015
642.000 0.987 0.020
643.000 1.047 0.033
644.000 1.105 0.056
645.000 1.161 0.071
646.000 1.173 0.112
647.000 1.172 0.172
648.000 1.176 0.239
649.000 1.168 0.308
650.000 1.177 0.379
651.000 1.164 0.444
652.000 1.168 0.512
653.000 1.197 0.589
654.000 1.183 0.663
655.000 1.183 0.734
656.000 1.180 0.815
657.000 1.178 0.894
658.000 1.175 0.962
659.000 1.142 1.009
660.000 1.105 1.089
661.000 1.120 1.151
662.000 1.166 1.186
663.000 1.138 1.159
664.000 1.065 1.185
665.000 1.006 1.192
666.000 0.955 1.174
667.000 0.954 1.154
668.000 0.918 1.118
669.000 0.855 1.118
670.000 0.778 1.157
671.000 0.710 1.180
672.000 0.642 1.182
673.000 0.579 1.190
674.000 0.523 1.189
675.000 0.466 1.178
676.000 0.422 1.159
677.000 0.348 1.156
678.000 0.270 1.181
679.000 0.193 1.175
680.000 0.140 1.153
681.000 0.071 1.139
682.000 0.023 1.137
683.000 0.025 1.097
684.000 0.028 1.037
685.000 0.014 0.972
686.000 0.018 0.917
687.000 0.010 0.869
688.000 0.030 0.828
689.000 0.019 0.758
690.000 0.003 0.693
691.000 0.004 0.646
692.000 0.002 0.581
693.000 0.011 0.519
694.000 0.044 0.492
695.000 0.067 0.422
696.000 0.034 0.338
697.000 0.007 0.255
698.000 0.016 0.185
699.000 0.019 0.121
700.000 0.013 0.091
701.000 0.074 0.045
702.000 0.135 0.013
703.000 0.202 0.016
704.000 0.269 0.014
705.000 0.326 0.022
706.000 0.409 0.017
707.000 0.495 0.013
708.000 0.581 0.012
709.000 0.681 0.011
710.000 0.767 0.009
711.000 0.846 0.005
712.000 0.918 0.014
713.000 0.985 0.012
714.000 1.042 0.011
715.000 1.061 0.068
716.000 1.122 0.126
717.000 1.187 0.178
718.000 1.188 0.257
719.000 1.186 0.335
720.000 1.189 0.416
721.000 1.189 0.486
722.000 1.200 0.561
723.000 1.200 0.623
724.000 1.180 0.674
725.000 1.166 0.739
726.000 1.133 0.777
727.000 1.137 0.835
728.000 1.159 0.910
729.000 1.153 0.984
730.000 1.148 1.050
731.000 1.164 1.064
732.000 1.158 1.088
733.000 1.127 1.112
734.000 1.081 1.114
735.000 1.032 1.135
736.000 1.025 1.117
737.000 1.059 1.114
738.000 1.081 1.132
739.000 1.090 1.163
740.000 1.065 1.139
741.000 1.006 1.128
742.000 0.933 1.154
743.000 0.863 1.176
744.000 0.813 1.176
745.000 0.834 1.156
746.000 0.798 1.171
747.000 0.715 1.162
748.000 0.639 1.161
749.000 0.558 1.170
750.000 0.480 1.164
751.000 0.386 1.148
752.000 0.300 1.123
753.000 0.221 1.120
754.000 0.175 1.098
755.000 0.131 1.045
756.000 0.114 0.969
757.000 0.096 0.896
758.000 0.073 0.812
759.000 0.032 0.749
760.000 0.038 0.688
761.000 0.056 0.640
762.000 0.037 0.562
763.000 0.042 0.513
764.000 0.040 0.442
765.000 0.019 0.358
766.000 0.019 0.307
767.000 0.049 0.282
768.000 0.100 0.227
769.000 0.118 0.169
770.000 0.154 0.110
771.000 0.232 0.069
772.000 0.292 0.064
773.000 0.320 0.105
774.000 0.402 0.100
775.000 0.476 0.053
776.000 0.558 0.019
777.000 0.649 0.020
778.000 0.729 0.016
779.000 0.814 0.025
780.000 0.888 0.014
781.000 0.951 0.028
782.000 1.017 0.036
783.000 1.096 0.042
784.000 1.150 0.042
785.000 1.192 0.068
786.000 1.179 0.119
787.000 1.176 0.172
788.000 1.181 0.229
789.000 1.178 0.274
790.000 1.177 0.334
791.000 1.196 0.409
792.000 1.194 0.480
793.000 1.200 0.557
794.000 1.196 0.635
795.000 1.198 0.724
796.000 1.190 0.810
797.000 1.191 0.891
798.000 1.191 0.969
799.000 1.182 1.048
800.000 1.163 1.114
801.000 1.130 1.171
802.000 1.079 1.187
803.000 1.023 1.187
804.000 0.954 1.187
805.000 0.886 1.190
806.000 0.834 1.186
807.000 0.784 1.190
808.000 0.718 1.191
809.000 0.671 1.178
810.000 0.607 1.197
811.000 0.538 1.194
812.000 0.477 1.180
813.000 0.397 1.190
814.000 0.327 1.185
815.000 0.253 1.180
816.000 0.194 1.176
817.000 0.125 1.169
818.000 0.059 1.169
819.000 0.022 1.132
820.000 0.026 1.077
821.000 0.015 1.006
822.000 0.017 0.947
823.000 0.019 0.893
824.000 0.048 0.838
825.000 0.077 0.794
826.000 0.072 0.717
827.000 0.061 0.669
828.000 0.038 0.622
829.000 0.015 0.553
830.000 0.021 0.490
831.000 0.045 0.428
832.000 0.038 0.345
833.000 0.036 0.257
834.000 0.035 0.180
835.000 0.044 0.100
836.000 0.047 0.060
837.000 0.066 0.030
838.000 0.127 0.025
839.000 0.176 0.022
840.000 0.224 0.021
841.000 0.281 0.026
842.000 0.342 0.027
843.000 0.412 0.010
844.000 0.476 0.009
845.000 0.549 0.017
846.000 0.628 0.007
847.000 0.714 0.012
848.000 0.799 0.003
849.000 0.860 0.003
850.000 0.926 0.003
851.000 0.986 0.017
852.000 1.016 0.003
853.000 1.052 0.009
854.000 1.105 0.030
855.000 1.168 0.022
856.000 1.194 0.060
857.000 1.181 0.104
858.000 1.197 0.164
859.000 1.193 0.216
860.000 1.196 0.283
861.000 1.199 0.365
862.000 1.200 0.440
863.000 1.183 0.482
864.000 1.150 0.567
865.000 1.177 0.642
866.000 1.191 0.716
867.000 1.188 0.788
868.000 1.187 0.873
869.000 1.180 0.952
870.000 1.177 1.028
871.000 1.163 1.108
872.000 1.150 1.180
873.000 1.085 1.185
874.000 1.016 1.185
875.000 0.960 1.185
876.000 0.900 1.183
877.000 0.826 1.196
878.000 0.770 1.195
879.000 0.698 1.189
880.000 0.619 1.190
881.000 0.556 1.181
882.000 0.489 1.192
883.000 0.403 1.179
884.000 0.329 1.180
885.000 0.242 1.170
886.000 0.163 1.167
887.000 0.089 1.168
888.000 0.035 1.150
889.000 0.022 1.082
890.000 0.014 1.008
891.000 0.014 0.976
892.000 0.013 0.929
893.000 0.020 0.861
894.000 0.025 0.803
895.000 0.013 0.728
896.000 0.006 0.660
897.000 0.032 0.579
898.000 0.098 0.548
899.000 0.131 0.485
900.000 0.139 0.409
901.000 0.187 0.353
902.000 0.201 0.275
903.000 0.175 0.209
904.000 0.175 0.149
905.000 0.195 0.088
906.000 0.263 0.079
907.000 0.322 0.066
908.000 0.392 0.094
909.000 0.417 0.140
910.000 0.435 0.191
911.000 0.493 0.209
912.000 0.572 0.245
913.000 0.648 0.268
914.000 0.703 0.308
915.000 0.722 0.355
916.000 0.732 0.395
917.000 0.696 0.415
918.000 0.656 0.466
919.000 0.617 0.523
920.000 0.620 0.588
921.000 0.689 0.631
922.000 0.770 0.587
923.000 0.847 0.538
924.000 0.902 0.481
925.000 0.973 0.439
926.000 1.036 0.373
927.000 1.081 0.300
928.000 1.123 0.240
929.000 1.158 0.194
930.000 1.144 0.122
931.000 1.162 0.056
932.000 1.180 0.019
933.000 1.139 0.037
934.000 1.110 0.043
935.000 1.104 0.021
936.000 1.158 0.024
937.000 1.188 0.044
938.000 1.190 0.077
939.000 1.188 0.127
940.000 1.189 0.177
941.000 1.186 0.229
942.000 1.194 0.290
943.000 1.200 0.347
944.000 1.178 0.399
945.000 1.142 0.419
946.000 1.106 0.439
947.000 1.111 0.475
948.000 1.163 0.472
949.000 1.190 0.431
950.000 1.195 0.372
951.000 1.184 0.325
952.000 1.181 0.263
953.000 1.197 0.216
954.000 1.168 0.165
955.000 1.174 0.110
956.000 1.190 0.082
957.000 1.161 0.042
958.000 1.139 0.009
959.000 1.121 0.031
960.000 1.147 0.039
961.000 1.176 0.029
962.000 1.171 0.077
963.000 1.162 0.155
964.000 1.171 0.225
965.000 1.197 0.290
966.000 1.197 0.380
967.000 1.195 0.444
968.000 1.200 0.508
969.000 1.197 0.563
970.000 1.200 0.629
971.000 1.197 0.690
972.000 1.197 0.757
973.000 1.188 0.828
974.000 1.176 0.894
975.000 1.191 0.978
976.000 1.174 1.058
977.000 1.173 1.121
978.000 1.160 1.178
979.000 1.097 1.191
980.000 1.031 1.190
981.000 0.956 1.193
982.000 0.891 1.195
983.000 0.833 1.196
984.000 0.748 1.188
985.000 0.668 1.195
986.000 0.639 1.187
987.000 0.581 1.177
988.000 0.509 1.188
989.000 0.441 1.176
990.000 0.359 1.183
991.000 0.284 1.171
992.000 0.208 1.166
993.000 0.139 1.170
994.000 0.068 1.144
995.000 0.029 1.106
996.000 0.028 1.046
997.000 0.024 0.992
998.000 0.020 0.914
999.000 0.013 0.844
1000.000 0.019 0.763
1001.000 0.015 0.694
1002.000 0.007 0.621
1003.000 0.020 0.544
1004.000 0.006 0.480
1005.000 0.017 0.413
1006.000 0.024 0.331
1007.000 0.030 0.244
1008.000 0.020 0.178
1009.000 0.037 0.107
1010.000 0.081 0.066
1011.000 0.144 0.055
1012.000 0.208 0.043
1013.000 0.249 0.026
1014.000 0.296 0.021
1015.000 0.364 0.017
1016.000 0.432 0.022
1017.000 0.512 0.031
1018.000 0.581 0.052
1019.000 0.633 0.075
1020.000 0.709 0.058
1021.000 0.765 0.016
1022.000 0.831 0.012
1023.000 0.880 0.020
1024.000 0.904 0.040
1025.000 0.938 0.027
1026.000 1.007 0.042
1027.000 1.071 0.032
1028.000 1.146 0.021
1029.000 1.188 0.037
1030.000 1.188 0.095
1031.000 1.193 0.145
1032.000 1.195 0.200
1033.000 1.192 0.246
1034.000 1.195 0.288
1035.000 1.196 0.338
1036.000 1.195 0.393
1037.000 1.184 0.464
1038.000 1.196 0.543
1039.000 1.195 0.628
1040.000 1.189 0.632
1041.000 1.155 0.673
1042.000 1.167 0.735
1043.000 1.193 0.810
1044.000 1.180 0.888
1045.000 1.171 0.935
1046.000 1.175 1.018
1047.000 1.177 1.076
1048.000 1.175 1.145
1049.000 1.164 1.175
1050.000 1.125 1.179
1051.000 1.093 1.172
1052.000 1.030 1.185
1053.000 0.973 1.183
1054.000 0.909 1.188
1055.000 0.841 1.189
1056.000 0.771 1.193
1057.000 0.711 1.194
1058.000 0.635 1.198
1059.000 0.557 1.191
1060.000 0.497 1.188
1061.000 0.457 1.193
1062.000 0.481 1.179
1063.000 0.436 1.144
1064.000 0.359 1.143
1065.000 0.282 1.166
1066.000 0.197 1.178
1067.000 0.128 1.179
1068.000 0.062 1.172
1069.000 0.026 1.169
1070.000 0.056 1.173
1071.000 0.105 1.182
1072.000 0.132 1.164
1073.000 0.086 1.144
1074.000 0.027 1.156
1075.000 0.043 1.170
1076.000 0.055 1.118
1077.000 0.028 1.040
1078.000 0.012 0.955
1079.000 0.011 0.880
1080.000 0.007 0.800
1081.000 0.017 0.733
1082.000 0.013 0.666
1083.000 0.016 0.569
1084.000 0.007 0.482
1085.000 0.016 0.384
1086.000 0.016 0.299
1087.000 0.025 0.229
1088.000 0.025 0.134
1089.000 0.032 0.067
1090.000 0.088 0.030
1091.000 0.165 0.024
1092.000 0.244 0.020
1093.000 0.311 0.018
1094.000 0.340 0.055
1095.000 0.422 0.045
1096.000 0.501 0.011
1097.000 0.585 0.014
1098.000 0.665 0.007
1099.000 0.751 0.009
1100.000 0.829 0.011
1101.000 0.904 0.017
1102.000 0.979 0.013
1103.000 1.039 0.008
1104.000 1.105 0.033
1105.000 1.162 0.080
1106.000 1.174 0.152
1107.000 1.188 0.238
1108.000 1.185 0.316
1109.000 1.196 0.405
1110.000 1.196 0.487
1111.000 1.195 0.547
1112.000 1.199 0.613
1113.000 1.190 0.686
1114.000 1.190 0.774
1115.000 1.189 0.868
1116.000 1.185 0.950
1117.000 1.183 1.030
1118.000 1.152 1.105
1119.000 1.122 1.177
1120.000 1.046 1.193
1121.000 0.971 1.193
1122.000 0.911 1.190
1123.000 0.837 1.195
1124.000 0.766 1.192
1125.000 0.669 1.196
1126.000 0.598 1.194
1127.000 0.520 1.193
1128.000 0.437 1.194
1129.000 0.358 1.194
1130.000 0.328 1.188
1131.000 0.275 1.171
1132.000 0.212 1.181
1133.000 0.136 1.169
1134.000 0.099 1.147
1135.000 0.078 1.103
1136.000 0.046 1.045
1137.000 0.023 0.980
1138.000 0.019 0.908
1139.000 0.018 0.839
1140.000 0.007 0.761
1141.000 0.012 0.696
1142.000 0.010 0.619
1143.000 0.005 0.538
1144.000 0.012 0.466
1145.000 0.024 0.429
1146.000 0.054 0.381
1147.000 0.066 0.324
1148.000 0.059 0.255
1149.000 0.017 0.187
1150.000 0.023 0.109
1151.000 0.038 0.044
1152.000 0.105 0.026
1153.000 0.166 0.016
1154.000 0.227 0.022
1155.000 0.292 0.036
1156.000 0.278 0.101
1157.000 0.312 0.126
1158.000 0.375 0.109
1159.000 0.414 0.052
1160.000 0.452 0.011
1161.000 0.507 0.012
1162.000 0.568 0.012
1163.000 0.630 0.017
1164.000 0.668 0.054
1165.000 0.735 0.056
1166.000 0.807 0.018
1167.000 0.898 0.030
1168.000 0.977 0.013
1169.000 1.058 0.025
1170.000 1.126 0.044
1171.000 1.179 0.081
1172.000 1.195 0.146
1173.000 1.186 0.190
1174.000 1.185 0.245
1175.000 1.198 0.286
1176.000 1.185 0.356
1177.000 1.200 0.439
1178.000 1.198 0.520
1179.000 1.192 0.582
1180.000 1.192 0.650
1181.000 1.157 0.685
1182.000 1.139 0.753
1183.000 1.136 0.841
1184.000 1.152 0.916
1185.000 1.172 1.000
1186.000 1.170 1.042
1187.000 1.164 1.093
1188.000 1.148 1.161
1189.000 1.101 1.189
1190.000 1.053 1.188
1191.000 0.987 1.188
1192.000 0.924 1.198
1193.000 0.878 1.188
1194.000 0.828 1.188
1195.000 0.756 1.197
1196.000 0.710 1.194
1197.000 0.645 1.193
1198.000 0.571 1.190
1199.000 0.494 1.197
1200.000 0.433 1.180
1201.000 0.351 1.188
1202.000 0.281 1.178
1203.000 0.201 1.178
1204.000 0.148 1.146
1205.000 0.079 1.116
1206.000 0.025 1.118
1207.000 0.018 1.058
1208.000 0.013 0.989
1209.000 0.011 0.922
1210.000 0.014 0.854
1211.000 0.017 0.766
1212.000 0.018 0.705
1213.000 0.004 0.625
1214.000 0.013 0.538
1215.000 0.035 0.500
1216.000 0.053 0.484
1217.000 0.029 0.416
1218.000 0.015 0.356
1219.000 0.013 0.279
1220.000 0.023 0.202
1221.000 0.017 0.131
1222.000 0.023 0.088
1223.000 0.055 0.038
1224.000 0.123 0.023
1225.000 0.176 0.023
1226.000 0.232 0.025
1227.000 0.294 0.033
1228.000 0.371 0.012
1229.000 0.437 0.009
1230.000 0.512 0.019
1231.000 0.585 0.017
1232.000 0.669 0.009
1233.000 0.747 0.008
1234.000 0.840 0.017
1235.000 0.919 0.010
1236.000 0.996 0.029
1237.000 1.072 0.061
1238.000 1.140 0.063
1239.000 1.148 0.041
1240.000 1.174 0.043
1241.000 1.179 0.072
1242.000 1.178 0.103
1243.000 1.165 0.122
1244.000 1.168 0.068
1245.000 1.176 0.038
1246.000 1.182 0.053
1247.000 1.187 0.098
1248.000 1.189 0.152
1249.000 1.194 0.197
1250.000 1.194 0.241
1251.000 1.200 0.290
1252.000 1.195 0.332
1253.000 1.178 0.350
1254.000 1.159 0.325
1255.000 1.200 0.349
1256.000 1.200 0.413
1257.000 1.200 0.490
1258.000 1.200 0.539
1259.000 1.200 0.569
1260.000 1.192 0.633
1261.000 1.198 0.711
1262.000 1.197 0.799
1263.000 1.191 0.880
1264.000 1.190 0.964
1265.000 1.184 1.043
1266.000 1.181 1.117
1267.000 1.171 1.173
1268.000 1.111 1.191
1269.000 1.039 1.193
1270.000 0.990 1.189
1271.000 0.940 1.188
1272.000 0.895 1.188
1273.000 0.820 1.197
1274.000 0.749 1.197
1275.000 0.677 1.191
1276.000 0.609 1.195
1277.000 0.533 1.194
1278.000 0.470 1.195
1279.000 0.411 1.190
1280.000 0.358 1.182
1281.000 0.282 1.182
1282.000 0.212 1.179
1283.000 0.142 1.173
1284.000 0.091 1.176
1285.000 0.033 1.161
1286.000 0.020 1.106
1287.000 0.014 1.063
1288.000 0.011 1.005
1289.000 0.015 0.961
1290.000 0.022 0.914
1291.000 0.006 0.868
1292.000 0.011 0.791
1293.000 0.005 0.723
1294.000 0.010 0.673
1295.000 0.006 0.590
1296.000 0.005 0.524
1297.000 0.014 0.447
1298.000 0.011 0.374
1299.000 0.007 0.297
1300.000 0.017 0.229
1301.000 0.014 0.160
1302.000 0.019 0.094
1303.000 0.016 0.041
1304.000 0.070 0.019
1305.000 0.131 0.013
1306.000 0.176 0.014
1307.000 0.224 0.018
1308.000 0.294 0.006
1309.000 0.350 0.005
1310.000 0.415 0.008
1311.000 0.464 0.004
1312.000 0.536 0.012
1313.000 0.616 0.023
1314.000 0.689 0.013
1315.000 0.772 0.008
1316.000 0.848 0.012
1317.000 0.897 0.014
1318.000 0.927 0.021
1319.000 0.987 0.029
1320.000 1.050 0.017
1321.000 1.098 0.019
1322.000 1.141 0.041
1323.000 1.182 0.050
1324.000 1.192 0.100
1325.000 1.192 0.159
1326.000 1.193 0.213
1327.000 1.174 0.274
1328.000 1.185 0.345
1329.000 1.196 0.419
1330.000 1.190 0.492
1331.000 1.198 0.571
1332.000 1.196 0.646
1333.000 1.189 0.718
1334.000 1.199 0.753
1335.000 1.193 0.793
1336.000 1.199 0.783
1337.000 1.175 0.791
1338.000 1.185 0.832
1339.000 1.185 0.881
1340.000 1.174 0.962
1341.000 1.174 1.025
1342.000 1.168 1.079
1343.000 1.122 1.125
1344.000 1.071 1.166
1345.000 1.008 1.188
1346.000 0.967 1.176
1347.000 0.939 1.187
1348.000 0.879 1.188
1349.000 0.790 1.175
1350.000 0.705 1.176
1351.000 0.632 1.176
1352.000 0.568 1.169
1353.000 0.504 1.164
1354.000 0.455 1.171
1355.000 0.397 1.177
1356.000 0.336 1.174
1357.000 0.278 1.177
1358.000 0.244 1.159
1359.000 0.177 1.159
1360.000 0.122 1.163
1361.000 0.072 1.153
1362.000 0.027 1.133
1363.000 0.029 1.081
1364.000 0.027 1.036
1365.000 0.016 0.981
1366.000 0.022 0.923
1367.000 0.027 0.861
1368.000 0.023 0.798
1369.000 0.025 0.723
1370.000 0.030 0.674
1371.000 0.043 0.642
1372.000 0.025 0.594
1373.000 0.014 0.548
1374.000 0.040 0.506
1375.000 0.040 0.450
1376.000 0.021 0.384
1377.000 0.014 0.325
1378.000 0.033 0.280
1379.000 0.041 0.258
1380.000 0.030 0.217
1381.000 0.027 0.181
1382.000 0.025 0.207
1383.000 0.038 0.259
1384.000 0.015 0.332
1385.000 0.025 0.400
1386.000 0.016 0.455
1387.000 0.016 0.518
1388.000 0.023 0.564
1389.000 0.023 0.614
1390.000 0.011 0.662
1391.000 0.011 0.714
1392.000 0.015 0.778
1393.000 0.027 0.824
1394.000 0.023 0.874
1395.000 0.014 0.923
1396.000 0.022 0.964
1397.000 0.035 0.995
1398.000 0.049 1.037
1399.000 0.036 1.083
1400.000 0.024 1.122
1401.000 0.032 1.147
1402.000 0.048 1.160
1403.000 0.048 1.143
1404.000 0.046 1.156
1405.000 0.074 1.164
1406.000 0.096 1.161
1407.000 0.121 1.156
1408.000 0.151 1.157
1409.000 0.182 1.161
1410.000 0.213 1.172
1411.000 0.241 1.175
1412.000 0.276 1.174
1413.000 0.308 1.178
1414.000 0.346 1.170
1415.000 0.392 1.175
1416.000 0.446 1.187
1417.000 0.483 1.177
1418.000 0.536 1.179
1419.000 0.584 1.191
1420.000 0.631 1.189
1421.000 0.659 1.187
1422.000 0.703 1.181
1423.000 0.743 1.184
1424.000 0.786 1.182
1425.000 0.832 1.176
1426.000 0.882 1.186
1427.000 0.928 1.178
1428.000 0.972 1.163
1429.000 1.000 1.157
1430.000 1.017 1.122
1431.000 1.053 1.087
1432.000 1.091 1.110
1433.000 1.120 1.143
1434.000 1.154 1.147
1435.000 1.158 1.105
1436.000 1.157 1.063
1437.000 1.170 1.016
1438.000 1.165 0.970
1439.000 1.166 0.919
1440.000 1.156 0.885
1441.000 1.157 0.834
1442.000 1.173 0.794
1443.000 1.184 0.743
1444.000 1.168 0.698
1445.000 1.169 0.657
1446.000 1.195 0.606
1447.000 1.181 0.553
1448.000 1.178 0.509
1449.000 1.182 0.483
1450.000 1.188 0.463
1451.000 1.190 0.423
1452.000 1.175 0.394
1453.000 1.148 0.397
1454.000 1.167 0.430
1455.000 1.183 0.457
1456.000 1.184 0.497
1457.000 1.187 0.539
1458.000 1.189 0.582
1459.000 1.191 0.618
1460.000 1.182 0.659
1461.000 1.184 0.695
1462.000 1.180 0.741
1463.000 1.159 0.778
1464.000 1.177 0.814
1465.000 1.187 0.853
1466.000 1.184 0.882
1467.000 1.183 0.913
1468.000 1.179 0.966
1469.000 1.176 1.020
1470.000 1.165 1.060
1471.000 1.165 1.093
1472.000 1.169 1.128
1473.000 1.164 1.149
1474.000 1.138 1.154
1475.000 1.112 1.161
1476.000 1.075 1.181
1477.000 1.044 1.185
1478.000 1.010 1.187
1479.000 0.971 1.176
1480.000 0.945 1.181
1481.000 0.992 1.171
1482.000 1.049 1.177
1483.000 1.103 1.183
1484.000 1.152 1.178
1485.000 1.175 1.145
1486.000 1.178 1.114
1487.000 1.171 1.076
1488.000 1.166 1.046
1489.000 1.167 1.014
1490.000 1.131 0.996
1491.000 1.098 1.006
1492.000 1.080 1.042
1493.000 1.088 1.086
1494.000 1.101 1.119
1495.000 1.105 1.158
1496.000 1.086 1.188
1497.000 1.042 1.187
1498.000 0.993 1.183
1499.000 0.941 1.182
1500.000 0.892 1.183
1501.000 0.832 1.179
1502.000 0.759 1.184
1503.000 0.699 1.181
1504.000 0.638 1.178
1505.000 0.578 1.168
1506.000 0.507 1.179
1507.000 0.450 1.179
1508.000 0.383 1.179
1509.000 0.322 1.175
1510.000 0.251 1.164
1511.000 0.184 1.170
1512.000 0.134 1.166
1513.000 0.102 1.153
1514.000 0.061 1.154
1515.000 0.033 1.134
1516.000 0.026 1.099
1517.000 0.027 1.041
1518.000 0.029 1.002
1519.000 0.047 0.965
1520.000 0.051 0.921
1521.000 0.053 0.885
1522.000 0.055 0.828
1523.000 0.044 0.784
1524.000 0.018 0.757
1525.000 0.015 0.703
1526.000 0.016 0.637
1527.000 0.013 0.564
1528.000 0.011 0.500
1529.000 0.022 0.426
1530.000 0.015 0.357
1531.000 0.023 0.287
1532.000 0.025 0.226
1533.000 0.038 0.148
1534.000 0.033 0.093
1535.000 0.036 0.054
1536.000 0.058 0.031
1537.000 0.096 0.024
1538.000 0.143 0.026
1539.000 0.199 0.025
1540.000 0.233 0.026
1541.000 0.251 0.028
1542.000 0.200 0.041
1543.000 0.171 0.064
1544.000 0.223 0.076
1545.000 0.284 0.033
1546.000 0.335 0.014
1547.000 0.389 0.013
1548.000 0.462 0.015
1549.000 0.523 0.008
1550.000 0.558 0.009
1551.000 0.626 0.011
1552.000 0.709 0.010
1553.000 0.783 0.013
1554.000 0.782 0.009
1555.000 0.739 0.005
1556.000 0.783 0.043
1557.000 0.867 0.034
1558.000 0.941 0.035
1559.000 1.017 0.020
1560.000 1.079 0.023
1561.000 1.123 0.029
1562.000 1.171 0.033
1563.000 1.188 0.073
1564.000 1.189 0.111
1565.000 1.170 0.171
1566.000 1.175 0.240
1567.000 1.195 0.299
1568.000 1.188 0.358
1569.000 1.183 0.422
1570.000 1.195 0.473
1571.000 1.189 0.550
1572.000 1.195 0.624
1573.000 1.179 0.693
1574.000 1.169 0.742
1575.000 1.175 0.794
1576.000 1.182 0.841
1577.000 1.185 0.909
1578.000 1.180 0.964
1579.000 1.177 1.017
1580.000 1.166 1.055
1581.000 1.168 1.116
1582.000 1.161 1.168
1583.000 1.121 1.183
1584.000 1.071 1.181
1585.000 1.031 1.166
1586.000 0.967 1.185
1587.000 0.913 1.187
1588.000 0.842 1.182
1589.000 0.783 1.178
1590.000 0.704 1.182
1591.000 0.640 1.178
1592.000 0.586 1.169
1593.000 0.530 1.165
1594.000 0.490 1.188
1595.000 0.452 1.175
1596.000 0.379 1.181
1597.000 0.310 1.176
1598.000 0.240 1.176
1599.000 0.176 1.163
1600.000 0.125 1.163
1601.000 0.085 1.155
1602.000 0.049 1.161
1603.000 0.073 1.166
1604.000 0.090 1.132
1605.000 0.055 1.067
1606.000 0.020 1.006
1607.000 0.019 0.945
1608.000 0.018 0.887
1609.000 0.017 0.831
1610.000 0.045 0.821
1611.000 0.048 0.761
1612.000 0.014 0.704
1613.000 0.009 0.635
1614.000 0.011 0.558
1615.000 0.026 0.520
1616.000 0.046 0.486
1617.000 0.032 0.425
1618.000 0.013 0.351
1619.000 0.019 0.285
1620.000 0.020 0.214
1621.000 0.014 0.146
1622.000 0.025 0.098
1623.000 0.046 0.058
1624.000 0.082 0.031
1625.000 0.138 0.025
1626.000 0.183 0.041
1627.000 0.213 0.035
1628.000 0.253 0.025
1629.000 0.298 0.037
1630.000 0.349 0.045
1631.000 0.407 0.010
1632.000 0.471 0.012
1633.000 0.534 0.014
1634.000 0.600 0.016
1635.000 0.674 0.019
1636.000 0.764 0.022
1637.000 0.842 0.019
1638.000 0.898 0.018
1639.000 0.943 0.027
1640.000 1.014 0.030
1641.000 1.075 0.016
1642.000 1.119 0.021
1643.000 1.159 0.036
1644.000 1.183 0.059
1645.000 1.164 0.054
1646.000 1.147 0.017
1647.000 1.113 0.025
1648.000 1.098 0.059
1649.000 1.118 0.115
1650.000 1.165 0.167
1651.000 1.197 0.233
1652.000 1.192 0.301
1653.000 1.190 0.355
1654.000 1.198 0.425
1655.000 1.189 0.486
1656.000 1.186 0.566
1657.000 1.187 0.645
1658.000 1.188 0.719
1659.000 1.180 0.771
1660.000 1.151 0.784
1661.000 1.163 0.825
1662.000 1.188 0.871
1663.000 1.182 0.928
1664.000 1.178 0.998
1665.000 1.169 1.044
1666.000 1.152 1.087
1667.000 1.154 1.135
1668.000 1.122 1.176
1669.000 1.066 1.184
1670.000 1.018 1.182
1671.000 0.986 1.182
1672.000 0.929 1.186
1673.000 0.885 1.189
1674.000 0.851 1.200
1675.000 0.808 1.193
1676.000 0.757 1.186
1677.000 0.695 1.166
1678.000 0.626 1.171
1679.000 0.593 1.117
1680.000 0.518 1.094
1681.000 0.459 1.125
1682.000 0.381 1.161
1683.000 0.302 1.173
1684.000 0.251 1.163
1685.000 0.213 1.164
1686.000 0.183 1.154
1687.000 0.141 1.153
1688.000 0.124 1.168
1689.000 0.168 1.173
1690.000 0.208 1.173
1691.000 0.232 1.149
1692.000 0.212 1.101
1693.000 0.137 1.099
1694.000 0.088 1.108
1695.000 0.034 1.130
1696.000 0.029 1.154
1697.000 0.067 1.176
1698.000 0.098 1.166
1699.000 0.101 1.133
1700.000 0.072 1.063
1701.000 0.033 0.994
1702.000 0.014 0.915
1703.000 0.014 0.851
1704.000 0.007 0.781
1705.000 0.006 0.719
1706.000 0.003 0.668
1707.000 0.013 0.597
1708.000 0.015 0.526
1709.000 0.042 0.465
1710.000 0.024 0.377
1711.000 0.014 0.292
1712.000 0.015 0.217
1713.000 0.021 0.141
1714.000 0.025 0.073
1715.000 0.060 0.029
1716.000 0.113 0.021
1717.000 0.162 0.024
1718.000 0.194 0.040
1719.000 0.224 0.061
1720.000 0.277 0.048
1721.000 0.340 0.017
1722.000 0.401 0.010
1723.000 0.448 0.014
1724.000 0.515 0.018
1725.000 0.580 0.002
1726.000 0.629 0.015
1727.000 0.668 0.044
1728.000 0.723 0.067
1729.000 0.773 0.072
1730.000 0.845 0.067
1731.000 0.909 0.047
1732.000 0.950 0.024
1733.000 0.992 0.022
1734.000 1.030 0.025
1735.000 1.077 0.029
1736.000 1.113 0.034
1737.000 1.156 0.042
1738.000 1.183 0.068
1739.000 1.181 0.119
1740.000 1.186 0.158
1741.000 1.180 0.207
1742.000 1.184 0.259
1743.000 1.179 0.317
1744.000 1.188 0.388
1745.000 1.180 0.448
1746.000 1.179 0.522
1747.000 1.188 0.570
1748.000 1.182 0.634
1749.000 1.172 0.704
1750.000 1.181 0.757
1751.000 1.178 0.827
1752.000 1.173 0.894
1753.000 1.178 0.954
1754.000 1.173 1.012
1755.000 1.158 1.075
1756.000 1.139 1.129
1757.000 1.109 1.176
1758.000 1.044 1.181
1759.000 0.995 1.175
1760.000 0.939 1.175
1761.000 0.886 1.168
1762.000 0.825 1.163
1763.000 0.767 1.167
1764.000 0.711 1.186
1765.000 0.667 1.181
1766.000 0.632 1.174
1767.000 0.651 1.183
1768.000 0.618 1.163
1769.000 0.557 1.179
1770.000 0.490 1.182
1771.000 0.445 1.184
1772.000 0.378 1.183
1773.000 0.319 1.184
1774.000 0.263 1.181
1775.000 0.210 1.179
1776.000 0.144 1.178
1777.000 0.117 1.178
1778.000 0.075 1.165
1779.000 0.027 1.130
1780.000 0.022 1.084
1781.000 0.020 1.022
1782.000 0.018 0.951
1783.000 0.014 0.890
1784.000 0.016 0.824
1785.000 0.007 0.746
1786.000 0.011 0.689
1787.000 0.006 0.623
1788.000 0.009 0.566
1789.000 0.008 0.502
1790.000 0.011 0.440
1791.000 0.005 0.369
1792.000 0.010 0.304
1793.000 0.016 0.237
1794.000 0.014 0.173
1795.000 0.012 0.130
1796.000 0.019 0.093
1797.000 0.051 0.061
1798.000 0.075 0.038
1799.000 0.112 0.026
1800.000 0.139 0.029
1801.000 0.196 0.046
1802.000 0.231 0.039
1803.000 0.276 0.046
1804.000 0.322 0.053
1805.000 0.375 0.044
1806.000 0.423 0.044
1807.000 0.476 0.063
1808.000 0.545 0.061
1809.000 0.615 0.024
1810.000 0.662 0.017
1811.000 0.725 0.018
1812.000 0.791 0.022
1813.000 0.863 0.025
1814.000 0.918 0.023
1815.000 0.961 0.026
1816.000 1.002 0.019
1817.000 1.047 0.022
1818.000 1.099 0.018
1819.000 1.150 0.021
1820.000 1.190 0.052
1821.000 1.186 0.091
1822.000 1.190 0.146
1823.000 1.189 0.198
1824.000 1.191 0.254
1825.000 1.185 0.301
1826.000 1.200 0.362
1827.000 1.200 0.422
1828.000 1.191 0.484
1829.000 1.188 0.563
1830.000 1.184 0.628
1831.000 1.178 0.704
1832.000 1.180 0.771
1833.000 1.188 0.837
1834.000 1.184 0.887
1835.000 1.186 0.931
1836.000 1.182 0.972
1837.000 1.168 1.027
1838.000 1.163 1.079
1839.000 1.149 1.116
1840.000 1.143 1.173
1841.000 1.094 1.187
1842.000 1.065 1.182
1843.000 1.002 1.189
1844.000 0.938 1.194
1845.000 0.878 1.190
1846.000 0.806 1.186
1847.000 0.734 1.191
1848.000 0.680 1.184
1849.000 0.618 1.190
1850.000 0.544 1.191
1851.000 0.489 1.183
1852.000 0.431 1.173
1853.000 0.359 1.175
1854.000 0.296 1.181
1855.000 0.220 1.178
1856.000 0.166 1.179
1857.000 0.108 1.172
1858.000 0.054 1.170
1859.000 0.023 1.167
1860.000 0.023 1.146
1861.000 0.019 1.106
1862.000 0.020 1.054
1863.000 0.013 0.988
1864.000 0.008 0.937
1865.000 0.016 0.884
1866.000 0.014 0.824
1867.000 0.015 0.752
1868.000 0.012 0.687
1869.000 0.013 0.617
1870.000 0.015 0.538
1871.000 0.038 0.508
1872.000 0.057 0.489
1873.000 0.039 0.429
1874.000 0.017 0.390
1875.000 0.030 0.352
1876.000 0.025 0.317
1877.000 0.020 0.288
1878.000 0.028 0.223
1879.000 0.036 0.176
1880.000 0.044 0.120
1881.000 0.051 0.072
1882.000 0.079 0.036
1883.000 0.108 0.029
1884.000 0.144 0.053
1885.000 0.198 0.044
1886.000 0.225 0.024
1887.000 0.262 0.027
1888.000 0.305 0.029
1889.000 0.348 0.032
1890.000 0.406 0.034
1891.000 0.457 0.016
1892.000 0.515 0.016
1893.000 0.570 0.027
1894.000 0.622 0.034
1895.000 0.648 0.075
1896.000 0.650 0.118
1897.000 0.655 0.170
1898.000 0.695 0.200
1899.000 0.769 0.169
1900.000 0.816 0.116
1901.000 0.868 0.057
1902.000 0.905 0.017
1903.000 0.948 0.030
1904.000 0.989 0.027
1905.000 1.035 0.020
1906.000 1.080 0.020
1907.000 1.145 0.031
1908.000 1.189 0.073
1909.000 1.177 0.119
1910.000 1.149 0.148
1911.000 1.125 0.205
1912.000 1.105 0.205
1913.000 1.071 0.223
1914.000 1.008 0.272
1915.000 0.954 0.330
1916.000 0.953 0.371
1917.000 0.938 0.368
1918.000 0.905 0.409
1919.000 0.881 0.433
1920.000 0.859 0.458
1921.000 0.839 0.483
1922.000 0.810 0.472
1923.000 0.845 0.439
1924.000 0.863 0.438
1925.000 0.854 0.459
1926.000 0.852 0.448
1927.000 0.894 0.466
1928.000 0.974 0.495
1929.000 1.067 0.479
1930.000 1.134 0.459
1931.000 1.188 0.448
1932.000 1.187 0.390
1933.000 1.190 0.327
1934.000 1.192 0.255
1935.000 1.187 0.195
1936.000 1.190 0.135
1937.000 1.182 0.069
1938.000 1.182 0.037
1939.000 1.150 0.025
1940.000 1.118 0.031
1941.000 1.082 0.031
1942.000 1.054 0.031
1943.000 1.024 0.032
1944.000 0.994 0.041
1945.000 0.955 0.049
1946.000 0.932 0.075
1947.000 0.904 0.070
1948.000 0.865 0.058
1949.000 0.838 0.019
1950.000 0.880 0.019
1951.000 0.881 0.043
1952.000 0.859 0.083
1953.000 0.835 0.092
1954.000 0.840 0.122
1955.000 0.887 0.124
1956.000 0.943 0.101
1957.000 0.990 0.090
1958.000 1.003 0.114
1959.000 0.961 0.158
1960.000 0.941 0.180
1961.000 0.914 0.195
1962.000 0.898 0.176
1963.000 0.937 0.124
1964.000 0.996 0.073
1965.000 1.064 0.031
1966.000 1.131 0.027
1967.000 1.189 0.059
1968.000 1.189 0.112
1969.000 1.185 0.159
1970.000 1.200 0.227
1971.000 1.196 0.285
1972.000 1.195 0.344
1973.000 1.188 0.408
1974.000 1.195 0.451
1975.000 1.199 0.481
1976.000 1.192 0.524
1977.000 1.195 0.555
1978.000 1.190 0.619
1979.000 1.170 0.712
1980.000 1.150 0.775
1981.000 1.128 0.837
1982.000 1.141 0.921
1983.000 1.183 0.978
1984.000 1.174 1.027
1985.000 1.152 1.076
1986.000 1.143 1.130
1987.000 1.092 1.185
1988.000 1.042 1.189
1989.000 1.004 1.181
1990.000 0.963 1.155
1991.000 0.904 1.149
1992.000 0.835 1.175
1993.000 0.762 1.185
1994.000 0.690 1.177
1995.000 0.608 1.177
1996.000 0.548 1.188
1997.000 0.483 1.179
1998.000 0.408 1.173
1999.000 0.348 1.178
2000.000 0.290 1.170
2001.000 0.244 1.166
2002.000 0.178 1.153
2003.000 0.117 1.160
2004.000 0.057 1.157
2005.000 0.030 1.114
2006.000 0.027 1.051
2007.000 0.026 0.992
2008.000 0.023 0.928
2009.000 0.022 0.873
2010.000 0.013 0.816
2011.000 0.020 0.759
2012.000 0.018 0.699
2013.000 0.043 0.674
2014.000 0.071 0.639
2015.000 0.105 0.594
2016.000 0.094 0.567
2017.000 0.112 0.536
2018.000 0.132 0.525
2019.000 0.164 0.534
2020.000 0.156 0.562
2021.000 0.078 0.584
2022.000 0.020 0.602
2023.000 0.012 0.537
2024.000 0.045 0.500
2025.000 0.025 0.418
2026.000 0.015 0.336
2027.000 0.025 0.253
2028.000 0.020 0.172
2029.000 0.032 0.102
2030.000 0.048 0.039
2031.000 0.099 0.028
2032.000 0.153 0.040
2033.000 0.195 0.044
2034.000 0.244 0.049
2035.000 0.319 0.027
2036.000 0.390 0.011
2037.000 0.459 0.018
2038.000 0.543 0.018
2039.000 0.629 0.006
2040.000 0.707 0.013
2041.000 0.784 0.009
2042.000 0.836 0.010
2043.000 0.871 0.015
2044.000 0.878 0.040
2045.000 0.851 0.091
2046.000 0.815 0.127
2047.000 0.812 0.169
2048.000 0.872 0.155
2049.000 0.955 0.111
2050.000 1.037 0.073
2051.000 1.108 0.055
2052.000 1.187 0.074
2053.000 1.187 0.152
2054.000 1.187 0.213
2055.000 1.184 0.300
2056.000 1.177 0.391
2057.000 1.196 0.454
2058.000 1.181 0.528
2059.000 1.177 0.607
2060.000 1.168 0.695
2061.000 1.173 0.778
2062.000 1.178 0.848
2063.000 1.170 0.929
2064.000 1.161 1.002
2065.000 1.164 1.051
2066.000 1.154 1.087
2067.000 1.144 1.128
2068.000 1.128 1.180
2069.000 1.077 1.180
2070.000 1.035 1.178
2071.000 0.982 1.178
2072.000 0.920 1.175
2073.000 0.873 1.176
2074.000 0.824 1.172
2075.000 0.752 1.192
2076.000 0.690 1.186
2077.000 0.620 1.182
2078.000 0.561 1.175
2079.000 0.515 1.174
2080.000 0.462 1.174
2081.000 0.407 1.168
2082.000 0.346 1.175
2083.000 0.286 1.168
2084.000 0.217 1.168
2085.000 0.150 1.170
2086.000 0.111 1.151
2087.000 0.068 1.123
2088.000 0.035 1.116
2089.000 0.043 1.082
2090.000 0.047 1.046
2091.000 0.025 0.998
2092.000 0.021 0.944
2093.000 0.037 0.912
2094.000 0.042 0.875
2095.000 0.031 0.824
2096.000 0.020 0.760
2097.000 0.013 0.698
2098.000 0.040 0.659
2099.000 0.023 0.594
2100.000 0.011 0.533
2101.000 0.029 0.505
2102.000 0.044 0.465
2103.000 0.014 0.399
2104.000 0.015 0.328
2105.000 0.022 0.250
2106.000 0.026 0.169
2107.000 0.033 0.106
2108.000 0.069 0.043
2109.000 0.115 0.024
2110.000 0.171 0.029
2111.000 0.232 0.050
2112.000 0.283 0.018
2113.000 0.328 0.013
2114.000 0.386 0.014
2115.000 0.438 0.014
2116.000 0.493 0.008
2117.000 0.548 0.023
2118.000 0.601 0.009
2119.000 0.676 0.021
2120.000 0.729 0.022
2121.000 0.791 0.027
2122.000 0.846 0.025
2123.000 0.882 0.026
2124.000 0.938 0.024
2125.000 1.012 0.025
2126.000 1.073 0.023
2127.000 1.135 0.031
2128.000 1.178 0.051
2129.000 1.167 0.087
2130.000 1.172 0.118
2131.000 1.184 0.160
2132.000 1.191 0.209
2133.000 1.189 0.275
2134.000 1.188 0.340
2135.000 1.191 0.413
2136.000 1.192 0.481
2137.000 1.190 0.558
2138.000 1.191 0.627
2139.000 1.176 0.698
2140.000 1.181 0.753
2141.000 1.184 0.822
2142.000 1.190 0.883
2143.000 1.179 0.912
2144.000 1.187 0.949
2145.000 1.185 0.990
2146.000 1.171 1.032
2147.000 1.158 1.090
2148.000 1.156 1.142
2149.000 1.110 1.184
2150.000 1.053 1.179
2151.000 1.003 1.176
2152.000 0.947 1.168
2153.000 0.876 1.169
2154.000 0.815 1.187
2155.000 0.764 1.197
2156.000 0.700 1.184
2157.000 0.625 1.181
2158.000 0.569 1.182
2159.000 0.498 1.181
2160.000 0.461 1.177
2161.000 0.447 1.155
2162.000 0.382 1.162
2163.000 0.314 1.172
2164.000 0.252 1.179
2165.000 0.206 1.176
2166.000 0.181 1.178
2167.000 0.192 1.182
2168.000 0.228 1.177
2169.000 0.271 1.184
2170.000 0.282 1.145
2171.000 0.213 1.126
2172.000 0.155 1.152
2173.000 0.105 1.171
2174.000 0.048 1.152
2175.000 0.022 1.107
2176.000 0.019 1.055
2177.000 0.016 1.012
2178.000 0.015 0.972
2179.000 0.027 0.919
2180.000 0.021 0.854
2181.000 0.021 0.794
2182.000 0.012 0.713
2183.000 0.010 0.649
2184.000 0.014 0.589
2185.000 0.020 0.536
2186.000 0.038 0.469
2187.000 0.023 0.402
2188.000 0.020 0.357
2189.000 0.020 0.281
2190.000 0.015 0.215
2191.000 0.013 0.153
2192.000 0.030 0.094
2193.000 0.055 0.030
2194.000 0.109 0.014
2195.000 0.142 0.017
2196.000 0.171 0.012
2197.000 0.202 0.007
2198.000 0.239 0.010
2199.000 0.279 0.007
2200.000 0.333 0.025
2201.000 0.409 0.015
2202.000 0.481 0.003
2203.000 0.537 0.011
2204.000 0.609 0.022
2205.000 0.695 0.003
2206.000 0.768 0.014
2207.000 0.854 0.010
2208.000 0.941 0.017
2209.000 1.017 0.021
2210.000 1.036 0.060
2211.000 1.088 0.080
2212.000 1.131 0.065
2213.000 1.164 0.052
2214.000 1.183 0.066
2215.000 1.172 0.100
2216.000 1.183 0.151
2217.000 1.188 0.209
2218.000 1.193 0.275
2219.000 1.194 0.350
2220.000 1.189 0.412
2221.000 1.184 0.488
2222.000 1.191 0.571
2223.000 1.187 0.639
2224.000 1.184 0.706
2225.000 1.189 0.793
2226.000 1.184 0.863
2227.000 1.180 0.926
2228.000 1.171 0.993
2229.000 1.163 1.053
2230.000 1.156 1.097
2231.000 1.152 1.156
2232.000 1.105 1.185
2233.000 1.054 1.184
2234.000 1.006 1.192
2235.000 0.963 1.191
2236.000 0.909 1.192
2237.000 0.870 1.196
2238.000 0.898 1.192
2239.000 0.908 1.156
2240.000 0.810 1.178
2241.000 0.733 1.185
2242.000 0.698 1.195
2243.000 0.623 1.188
2244.000 0.555 1.177
2245.000 0.475 1.166
2246.000 0.398 1.184
2247.000 0.349 1.194
2248.000 0.324 1.192
2249.000 0.291 1.173
2250.000 0.235 1.169
2251.000 0.193 1.181
2252.000 0.159 1.174
2253.000 0.141 1.150
2254.000 0.103 1.081
2255.000 0.052 1.037
2256.000 0.014 0.976
2257.000 0.021 0.923
2258.000 0.009 0.890
2259.000 0.014 0.834
2260.000 0.013 0.775
2261.000 0.005 0.695
2262.000 0.013 0.615
2263.000 0.008 0.538
2264.000 0.018 0.460
2265.000 0.016 0.381
2266.000 0.010 0.307
2267.000 0.009 0.267
2268.000 0.015 0.299
2269.000 0.041 0.277
2270.000 0.011 0.223
2271.000 0.008 0.178
2272.000 0.029 0.143
2273.000 0.068 0.090
2274.000 0.104 0.036
2275.000 0.147 0.015
2276.000 0.179 0.021
2277.000 0.147 0.034
2278.000 0.092 0.018
2279.000 0.067 0.033
2280.000 0.049 0.061
2281.000 0.097 0.095
2282.000 0.175 0.065
2283.000 0.243 0.023
2284.000 0.315 0.015
2285.000 0.394 0.027
2286.000 0.454 0.015
2287.000 0.489 0.006
2288.000 0.560 0.015
2289.000 0.613 0.054
2290.000 0.684 0.065
2291.000 0.693 0.121
2292.000 0.718 0.182
2293.000 0.730 0.247
2294.000 0.799 0.280
2295.000 0.829 0.315
2296.000 0.805 0.362
2297.000 0.767 0.319
2298.000 0.737 0.330
2299.000 0.764 0.373
2300.000 0.810 0.367
2301.000 0.864 0.352
2302.000 0.912 0.313
2303.000 0.972 0.252
2304.000 1.025 0.193
2305.000 1.072 0.152
2306.000 1.133 0.121
2307.000 1.181 0.141
2308.000 1.194 0.199
2309.000 1.200 0.244
2310.000 1.188 0.312
2311.000 1.191 0.385
2312.000 1.199 0.431
2313.000 1.187 0.502
2314.000 1.184 0.581
2315.000 1.176 0.660
2316.000 1.171 0.752
2317.000 1.190 0.825
2318.000 1.189 0.892
2319.000 1.194 0.930
2320.000 1.194 0.963
2321.000 1.173 1.004
2322.000 1.156 1.068
2323.000 1.180 1.119
2324.000 1.170 1.161
2325.000 1.153 1.192
2326.000 1.116 1.187
2327.000 1.084 1.186
2328.000 1.046 1.189
2329.000 1.064 1.188
2330.000 1.093 1.191
2331.000 1.128 1.189
2332.000 1.167 1.179
2333.000 1.175 1.158
2334.000 1.103 1.152
2335.000 1.054 1.155
2336.000 1.040 1.106
2337.000 0.979 1.110
2338.000 0.937 1.168
2339.000 0.896 1.191
2340.000 0.845 1.184
2341.000 0.797 1.184
2342.000 0.753 1.196
2343.000 0.679 1.191
2344.000 0.615 1.200
2345.000 0.560 1.195
2346.000 0.498 1.182
2347.000 0.413 1.183
2348.000 0.355 1.186
2349.000 0.292 1.179
2350.000 0.221 1.177
2351.000 0.159 1.181
2352.000 0.104 1.155
2353.000 0.045 1.119
2354.000 0.019 1.062
2355.000 0.035 1.023
2356.000 0.023 0.962
2357.000 0.014 0.885
2358.000 0.013 0.814
2359.000 0.003 0.747
2360.000 0.010 0.704
2361.000 0.005 0.628
2362.000 0.007 0.595
2363.000 0.027 0.579
2364.000 0.023 0.497
2365.000 0.018 0.412
2366.000 0.016 0.337
2367.000 0.022 0.254
2368.000 0.020 0.189
2369.000 0.011 0.144
2370.000 0.042 0.079
2371.000 0.107 0.037
2372.000 0.187 0.025
2373.000 0.239 0.042
2374.000 0.290 0.042
2375.000 0.342 0.014
2376.000 0.393 0.007
2377.000 0.435 0.013
2378.000 0.469 0.003
2379.000 0.497 0.015
2380.000 0.582 0.015
2381.000 0.701 0.004
2382.000 0.704 0.005
2383.000 0.774 0.015
2384.000 0.832 0.015
2385.000 0.911 0.019
2386.000 0.992 0.029
2387.000 1.068 0.009
2388.000 1.116 0.010
2389.000 1.144 0.017
2390.000 1.169 0.030
2391.000 1.189 0.093
2392.000 1.192 0.164
2393.000 1.194 0.227
2394.000 1.188 0.282
2395.000 1.193 0.343
2396.000 1.194 0.423
2397.000 1.200 0.488
2398.000 1.155 0.526
2399.000 1.142 0.583
2400.000 1.190 0.657
2401.000 1.196 0.716
2402.000 1.189 0.790
2403.000 1.187 0.848
2404.000 1.184 0.933
2405.000 1.180 1.008
2406.000 1.186 1.053
2407.000 1.180 1.094
2408.000 1.161 1.137
2409.000 1.105 1.160
2410.000 1.045 1.163
2411.000 0.975 1.178
2412.000 0.918 1.174
2413.000 0.853 1.165
2414.000 0.791 1.173
2415.000 0.740 1.192
2416.000 0.702 1.199
2417.000 0.666 1.198
2418.000 0.601 1.182
2419.000 0.529 1.174
2420.000 0.455 1.169
2421.000 0.355 1.173
2422.000 0.265 1.173
2423.000 0.194 1.181
2424.000 0.129 1.169
2425.000 0.070 1.160
2426.000 0.025 1.122
2427.000 0.019 1.068
2428.000 0.023 0.998
2429.000 0.019 0.935
2430.000 0.007 0.869
2431.000 0.009 0.816
2432.000 0.019 0.746
2433.000 0.011 0.677
2434.000 0.007 0.616
2435.000 0.009 0.543
2436.000 0.027 0.484
2437.000 0.016 0.403
2438.000 0.010 0.329
2439.000 0.016 0.251
2440.000 0.004 0.193
2441.000 0.009 0.146
2442.000 0.006 0.104
2443.000 0.045 0.064
2444.000 0.104 0.060
2445.000 0.187 0.041
2446.000 0.230 0.032
2447.000 0.259 0.063
2448.000 0.317 0.056
2449.000 0.382 0.017
2450.000 0.439 0.013
2451.000 0.517 0.013
2452.000 0.580 0.010
2453.000 0.667 0.010
2454.000 0.729 0.002
2455.000 0.784 0.007
2456.000 0.837 0.006
2457.000 0.868 0.010
2458.000 0.842 0.010
2459.000 0.852 0.005
2460.000 0.850 0.030
2461.000 0.931 0.041
2462.000 0.994 0.016
2463.000 1.085 0.053
2464.000 1.164 0.099
2465.000 1.192 0.173
2466.000 1.187 0.242
2467.000 1.186 0.321
2468.000 1.187 0.412
2469.000 1.189 0.507
2470.000 1.197 0.604
2471.000 1.184 0.687
2472.000 1.189 0.774
2473.000 1.189 0.856
2474.000 1.183 0.930
2475.000 1.179 1.017
2476.000 1.159 1.100
2477.000 1.130 1.176
2478.000 1.065 1.191
2479.000 1.007 1.189
2480.000 0.932 1.188
2481.000 0.838 1.196
2482.000 0.779 1.198
2483.000 0.718 1.199
2484.000 0.643 1.196
2485.000 0.586 1.191
2486.000 0.525 1.187
2487.000 0.476 1.196
2488.000 0.496 1.192
2489.000 0.512 1.134
2490.000 0.423 1.117
2491.000 0.320 1.142
2492.000 0.227 1.159
2493.000 0.157 1.162
2494.000 0.098 1.153
2495.000 0.076 1.126
2496.000 0.049 1.078
2497.000 0.021 1.029
2498.000 0.013 0.981
2499.000 0.018 0.945
2500.000 0.022 0.878
2501.000 0.020 0.820
2502.000 0.011 0.770
2503.000 0.019 0.706
2504.000 0.018 0.635
2505.000 0.010 0.551
2506.000 0.016 0.464
2507.000 0.014 0.365
2508.000 0.018 0.276
2509.000 0.017 0.201
2510.000 0.033 0.119
2511.000 0.045 0.084
2512.000 0.041 0.069
2513.000 0.050 0.042
2514.000 0.077 0.032
2515.000 0.098 0.030
2516.000 0.129 0.032
2517.000 0.170 0.030
2518.000 0.133 0.031
2519.000 0.091 0.036
2520.000 0.095 0.070
2521.000 0.195 0.038
2522.000 0.282 0.008
2523.000 0.381 0.015
2524.000 0.484 0.008
2525.000 0.604 0.006
2526.000 0.716 0.010
2527.000 0.806 0.007
2528.000 0.897 0.020
2529.000 1.006 0.015
2530.000 1.103 0.024
2531.000 1.174 0.044
2532.000 1.195 0.113
2533.000 1.200 0.162
2534.000 1.197 0.224
2535.000 1.198 0.266
2536.000 1.199 0.309
2537.000 1.179 0.346
2538.000 1.181 0.427
2539.000 1.199 0.516
2540.000 1.196 0.587
2541.000 1.197 0.664
2542.000 1.195 0.720
2543.000 1.192 0.792
2544.000 1.189 0.876
2545.000 1.189 0.950
2546.000 1.185 1.013
2547.000 1.175 1.080
2548.000 1.166 1.153
2549.000 1.139 1.192
2550.000 1.086 1.192
2551.000 1.015 1.189
2552.000 0.950 1.193
2553.000 0.885 1.194
2554.000 0.839 1.151
2555.000 0.757 1.175
2556.000 0.672 1.192
2557.000 0.598 1.197
2558.000 0.523 1.187
2559.000 0.450 1.188
2560.000 0.370 1.181
2561.000 0.299 1.187
2562.000 0.237 1.180
2563.000 0.171 1.168
2564.000 0.101 1.168
2565.000 0.057 1.167
2566.000 0.022 1.131
2567.000 0.017 1.077
2568.000 0.016 1.030
2569.000 0.020 0.969
2570.000 0.010 0.893
2571.000 0.014 0.832
2572.000 0.005 0.753
2573.000 0.003 0.705
2574.000 0.012 0.629
2575.000 0.011 0.544
2576.000 0.011 0.474
2577.000 0.007 0.392
2578.000 0.014 0.308
2579.000 0.009 0.247
2580.000 0.023 0.179
2581.000 0.026 0.114
2582.000 0.045 0.081
2583.000 0.040 0.052
2584.000 0.033 0.025
2585.000 0.093 0.032
2586.000 0.174 0.016
2587.000 0.243 0.018
2588.000 0.320 0.017
2589.000 0.416 0.011
2590.000 0.486 0.004
2591.000 0.575 0.007
2592.000 0.660 0.004
2593.000 0.753 0.003
2594.000 0.825 0.013
2595.000 0.911 0.011
2596.000 0.999 0.017
2597.000 1.076 0.016
2598.000 1.130 0.015
2599.000 1.113 0.017
2600.000 1.136 0.095
2601.000 1.182 0.134
2602.000 1.197 0.205
2603.000 1.195 0.280
2604.000 1.198 0.352
2605.000 1.200 0.423
2606.000 1.196 0.485
2607.000 1.194 0.545
2608.000 1.190 0.622
2609.000 1.187 0.701
2610.000 1.199 0.755
2611.000 1.189 0.837
2612.000 1.181 0.898
2613.000 1.186 0.979
2614.000 1.180 1.056
2615.000 1.177 1.125
2616.000 1.153 1.187
2617.000 1.107 1.187
2618.000 1.066 1.188
2619.000 1.015 1.191
2620.000 0.945 1.191
2621.000 0.886 1.193
2622.000 0.885 1.194
2623.000 0.857 1.169
2624.000 0.781 1.184
2625.000 0.703 1.196
2626.000 0.646 1.193
2627.000 0.573 1.188
2628.000 0.495 1.190
2629.000 0.425 1.181
2630.000 0.341 1.174
2631.000 0.267 1.168
2632.000 0.191 1.167
2633.000 0.121 1.162
2634.000 0.061 1.166
2635.000 0.030 1.167
2636.000 0.047 1.153
2637.000 0.021 1.121
2638.000 0.016 1.066
2639.000 0.011 1.024
2640.000 0.017 0.944
2641.000 0.018 0.879
2642.000 0.010 0.824
2643.000 0.018 0.749
2644.000 0.016 0.679
2645.000 0.015 0.606
2646.000 0.012 0.529
2647.000 0.022 0.457
2648.000 0.018 0.373
2649.000 0.024 0.286
2650.000 0.025 0.208
2651.000 0.029 0.124
2652.000 0.049 0.061
2653.000 0.097 0.027
2654.000 0.151 0.024
2655.000 0.221 0.034
2656.000 0.270 0.053
2657.000 0.340 0.042
2658.000 0.409 0.010
2659.000 0.448 0.013
2660.000 0.529 0.019
2661.000 0.620 0.019
2662.000 0.710 0.025
2663.000 0.788 0.025
2664.000 0.876 0.024
2665.000 0.924 0.023
2666.000 0.969 0.022
2667.000 1.038 0.025
2668.000 1.102 0.027
2669.000 1.140 0.039
2670.000 1.182 0.054
2671.000 1.180 0.081
2672.000 1.172 0.118
2673.000 1.175 0.167
2674.000 1.193 0.200
2675.000 1.191 0.240
2676.000 1.184 0.306
2677.000 1.184 0.374
2678.000 1.196 0.430
2679.000 1.189 0.498
2680.000 1.191 0.573
2681.000 1.183 0.653
2682.000 1.195 0.696
2683.000 1.195 0.735
2684.000 1.197 0.720
2685.000 1.178 0.691
2686.000 1.119 0.755
2687.000 1.126 0.839
2688.000 1.151 0.933
2689.000 1.173 1.010
2690.000 1.166 1.051
2691.000 1.151 1.113
2692.000 1.116 1.183
2693.000 1.053 1.185
2694.000 0.979 1.181
2695.000 0.925 1.187
2696.000 0.873 1.192
2697.000 0.819 1.184
2698.000 0.732 1.184
2699.000 0.646 1.179
2700.000 0.554 1.182
2701.000 0.470 1.183
2702.000 0.382 1.181
2703.000 0.301 1.177
2704.000 0.228 1.180
2705.000 0.168 1.174
2706.000 0.105 1.155
2707.000 0.040 1.119
2708.000 0.024 1.066
2709.000 0.019 0.992
2710.000 0.020 0.941
2711.000 0.018 0.875
2712.000 0.022 0.809
2713.000 0.020 0.743
2714.000 0.018 0.684
2715.000 0.013 0.622
2716.000 0.030 0.560
2717.000 0.050 0.497
2718.000 0.047 0.424
2719.000 0.031 0.348
2720.000 0.027 0.274
2721.000 0.031 0.201
2722.000 0.027 0.134
2723.000 0.025 0.094
2724.000 0.047 0.045
2725.000 0.085 0.028
2726.000 0.148 0.028
2727.000 0.211 0.030
2728.000 0.258 0.031
2729.000 0.297 0.015
2730.000 0.338 0.014
2731.000 0.400 0.020
2732.000 0.459 0.011
2733.000 0.497 0.017
2734.000 0.571 0.002
2735.000 0.647 0.007
2736.000 0.696 0.003
2737.000 0.758 0.017
2738.000 0.832 0.027
2739.000 0.891 0.010
2740.000 0.938 0.006
2741.000 0.938 0.026
2742.000 1.007 0.048
2743.000 1.086 0.045
2744.000 1.150 0.051
2745.000 1.193 0.094
2746.000 1.194 0.139
2747.000 1.195 0.186
2748.000 1.194 0.227
2749.000 1.200 0.279
2750.000 1.196 0.329
2751.000 1.191 0.389
2752.000 1.192 0.456
2753.000 1.197 0.495
2754.000 1.190 0.534
2755.000 1.133 0.576
2756.000 1.132 0.657
2757.000 1.157 0.714
2758.000 1.176 0.783
2759.000 1.162 0.848
2760.000 1.163 0.921
2761.000 1.162 0.991
2762.000 1.170 1.056
2763.000 1.149 1.114
2764.000 1.113 1.163
2765.000 1.052 1.187
2766.000 0.989 1.180
2767.000 0.917 1.190
2768.000 0.844 1.190
2769.000 0.777 1.183
2770.000 0.697 1.190
2771.000 0.637 1.177
2772.000 0.561 1.188
2773.000 0.485 1.194
2774.000 0.418 1.182
2775.000 0.354 1.152
2776.000 0.287 1.137
2777.000 0.222 1.147
2778.000 0.150 1.147
2779.000 0.111 1.157
2780.000 0.062 1.154
2781.000 0.026 1.118
2782.000 0.018 1.072
2783.000 0.015 1.050
2784.000 0.038 1.035
2785.000 0.046 1.062
2786.000 0.084 1.058
2787.000 0.079 0.979
2788.000 0.041 0.912
2789.000 0.017 0.855
2790.000 0.008 0.801
2791.000 0.013 0.736
2792.000 0.019 0.650
2793.000 0.020 0.570
2794.000 0.020 0.493
2795.000 0.026 0.404
2796.000 0.023 0.315
2797.000 0.023 0.242
2798.000 0.032 0.167
2799.000 0.033 0.096
2800.000 0.058 0.040
2801.000 0.109 0.020
2802.000 0.167 0.020
2803.000 0.241 0.011
2804.000 0.313 0.016
2805.000 0.378 0.004
2806.000 0.461 0.014
2807.000 0.544 0.011
2808.000 0.640 0.019
2809.000 0.722 0.008
2810.000 0.798 0.003
2811.000 0.858 0.013
2812.000 0.938 0.025
2813.000 0.998 0.038
2814.000 1.075 0.037
2815.000 1.133 0.029
2816.000 1.190 0.059
2817.000 1.184 0.124
2818.000 1.185 0.179
2819.000 1.191 0.260
2820.000 1.199 0.310
2821.000 1.196 0.370
2822.000 1.187 0.429
2823.000 1.190 0.510
2824.000 1.187 0.580
2825.000 1.191 0.653
2826.000 1.196 0.717
2827.000 1.197 0.775
2828.000 1.194 0.829
2829.000 1.192 0.875
2830.000 1.171 0.947
2831.000 1.142 1.003
2832.000 1.143 1.077
2833.000 1.165 1.113
2834.000 1.156 1.165
2835.000 1.104 1.185
2836.000 1.044 1.182
2837.000 0.985 1.186
2838.000 0.918 1.183
2839.000 0.848 1.180
2840.000 0.786 1.189
2841.000 0.720 1.189
2842.000 0.635 1.183
2843.000 0.568 1.187
2844.000 0.488 1.180
2845.000 0.415 1.189
2846.000 0.358 1.185
2847.000 0.309 1.186
2848.000 0.259 1.182
2849.000 0.187 1.166
2850.000 0.124 1.148
2851.000 0.070 1.141
2852.000 0.023 1.114
2853.000 0.024 1.062
2854.000 0.021 1.006
2855.000 0.027 0.952
2856.000 0.020 0.895
2857.000 0.021 0.836
2858.000 0.023 0.760
2859.000 0.020 0.705
2860.000 0.021 0.634
2861.000 0.007 0.555
2862.000 0.007 0.499
2863.000 0.027 0.424
2864.000 0.028 0.347
2865.000 0.038 0.283
2866.000 0.039 0.211
2867.000 0.036 0.146
2868.000 0.052 0.086
2869.000 0.072 0.036
2870.000 0.113 0.019
2871.000 0.163 0.030
2872.000 0.205 0.033
2873.000 0.243 0.036
2874.000 0.252 0.060
2875.000 0.301 0.043
2876.000 0.335 0.014
2877.000 0.356 0.005
2878.000 0.415 0.006
2879.000 0.482 0.013
2880.000 0.553 0.020
2881.000 0.625 0.010
2882.000 0.704 0.005
2883.000 0.769 0.003
2884.000 0.837 0.009
2885.000 0.896 0.019
2886.000 0.964 0.019
2887.000 1.027 0.003
2888.000 1.066 0.020
2889.000 1.082 0.059
2890.000 1.053 0.023
2891.000 1.082 0.020
2892.000 1.145 0.046
2893.000 1.190 0.082
2894.000 1.189 0.126
2895.000 1.186 0.185
2896.000 1.189 0.246
2897.000 1.187 0.309
2898.000 1.186 0.377
2899.000 1.180 0.435
2900.000 1.186 0.491
2901.000 1.198 0.552
2902.000 1.190 0.626
2903.000 1.191 0.696
2904.000 1.184 0.771
2905.000 1.176 0.842
2906.000 1.152 0.877
2907.000 1.130 0.879
2908.000 1.105 0.879
2909.000 1.076 0.876
2910.000 1.069 0.917
2911.000 1.137 0.958
2912.000 1.186 0.988
2913.000 1.177 1.028
2914.000 1.160 1.080
2915.000 1.164 1.130
2916.000 1.136 1.176
2917.000 1.086 1.185
2918.000 1.043 1.190
2919.000 0.988 1.183
2920.000 0.932 1.183
2921.000 0.860 1.182
2922.000 0.792 1.188
2923.000 0.705 1.192
2924.000 0.620 1.188
2925.000 0.540 1.189
2926.000 0.466 1.187
2927.000 0.390 1.182
2928.000 0.299 1.171
2929.000 0.225 1.171
2930.000 0.164 1.176
2931.000 0.105 1.167
2932.000 0.047 1.136
2933.000 0.019 1.093
2934.000 0.018 1.054
2935.000 0.016 1.018
2936.000 0.014 0.980
2937.000 0.032 0.932
2938.000 0.038 0.857
2939.000 0.018 0.785
2940.000 0.014 0.726
2941.000 0.019 0.670
2942.000 0.013 0.600
2943.000 0.017 0.523
2944.000 0.028 0.466
2945.000 0.022 0.400
2946.000 0.020 0.408
2947.000 0.053 0.386
2948.000 0.047 0.325
2949.000 0.023 0.302
2950.000 0.013 0.262
2951.000 0.030 0.228
2952.000 0.031 0.190
2953.000 0.018 0.153
2954.000 0.015 0.111
2955.000 0.027 0.066
2956.000 0.066 0.036
2957.000 0.104 0.016
2958.000 0.174 0.023
2959.000 0.244 0.025
2960.000 0.301 0.032
2961.000 0.374 0.017
2962.000 0.428 0.010
2963.000 0.495 0.014
2964.000 0.568 0.018
2965.000 0.639 0.014
2966.000 0.724 0.016
2967.000 0.795 0.019
2968.000 0.835 0.004
2969.000 0.883 0.006
2970.000 0.948 0.013
2971.000 1.017 0.015
2972.000 1.080 0.020
2973.000 1.134 0.014
2974.000 1.157 0.015
2975.000 1.140 0.017
2976.000 1.124 0.059
2977.000 1.153 0.123
2978.000 1.192 0.169
2979.000 1.195 0.216
2980.000 1.194 0.269
2981.000 1.199 0.331
2982.000 1.198 0.398
2983.000 1.192 0.462
2984.000 1.200 0.519
2985.000 1.195 0.580
2986.000 1.195 0.625
2987.000 1.200 0.677
2988.000 1.192 0.732
2989.000 1.194 0.778
2990.000 1.189 0.822
2991.000 1.181 0.884
2992.000 1.180 0.955
2993.000 1.170 1.019
2994.000 1.171 1.092
2995.000 1.157 1.152
2996.000 1.113 1.183
2997.000 1.060 1.186
2998.000 1.010 1.186
2999.000 0.956 1.188
3000.000 0.897 1.194
3001.000 0.846 1.196
3002.000 0.785 1.186
3003.000 0.724 1.190
3004.000 0.699 1.173
3005.000 0.623 1.184
3006.000 0.542 1.184
3007.000 0.456 1.177
3008.000 0.392 1.173
3009.000 0.335 1.175
3010.000 0.296 1.168
3011.000 0.256 1.165
3012.000 0.212 1.170
3013.000 0.166 1.163
3014.000 0.117 1.162
3015.000 0.060 1.148
3016.000 0.030 1.119
3017.000 0.029 1.074
3018.000 0.022 1.023
3019.000 0.020 0.965
3020.000 0.024 0.911
3021.000 0.020 0.838
3022.000 0.020 0.779
3023.000 0.021 0.708
3024.000 0.019 0.648
3025.000 0.011 0.580
3026.000 0.016 0.524
3027.000 0.019 0.457
3028.000 0.013 0.384
3029.000 0.021 0.313
3030.000 0.018 0.251
3031.000 0.027 0.187
3032.000 0.034 0.121
3033.000 0.040 0.062
3034.000 0.071 0.023
3035.000 0.102 0.032
3036.000 0.135 0.032
3037.000 0.182 0.035
3038.000 0.226 0.024
3039.000 0.266 0.024
3040.000 0.315 0.013
3041.000 0.362 0.018
3042.000 0.429 0.006
3043.000 0.493 0.007
3044.000 0.566 0.015
3045.000 0.646 0.013
3046.000 0.721 0.007
3047.000 0.794 0.018
3048.000 0.866 0.019
3049.000 0.918 0.019
3050.000 0.951 0.026
3051.000 1.009 0.026
3052.000 1.062 0.017
3053.000 1.113 0.025
3054.000 1.153 0.042
3055.000 1.187 0.056
3056.000 1.183 0.106
3057.000 1.186 0.152
3058.000 1.184 0.215
3059.000 1.192 0.276
3060.000 1.188 0.351
3061.000 1.182 0.418
3062.000 1.194 0.491
3063.000 1.192 0.563
3064.000 1.186 0.635
3065.000 1.184 0.711
3066.000 1.185 0.779
3067.000 1.185 0.851
3068.000 1.183 0.917
3069.000 1.186 0.971
3070.000 1.169 1.029
3071.000 1.167 1.091
3072.000 1.179 1.142
3073.000 1.167 1.185
3074.000 1.125 1.189
3075.000 1.072 1.193
3076.000 1.027 1.199
3077.000 0.969 1.192
3078.000 0.919 1.181
3079.000 0.855 1.178
3080.000 0.793 1.173
3081.000 0.718 1.167
3082.000 0.649 1.183
3083.000 0.593 1.195
3084.000 0.527 1.179
3085.000 0.458 1.172
3086.000 0.379 1.166
3087.000 0.314 1.163
3088.000 0.261 1.168
3089.000 0.214 1.160
3090.000 0.181 1.167
3091.000 0.154 1.162
3092.000 0.101 1.151
3093.000 0.054 1.146
3094.000 0.029 1.114
3095.000 0.030 1.074
3096.000 0.028 1.023
3097.000 0.024 0.965
3098.000 0.021 0.938
3099.000 0.025 0.896
3100.000 0.030 0.920
3101.000 0.024 0.967
3102.000 0.030 1.013
3103.000 0.025 1.070
3104.000 0.027 1.123
3105.000 0.040 1.151
3106.000 0.072 1.155
3107.000 0.092 1.147
3108.000 0.105 1.119
3109.000 0.056 1.087
3110.000 0.024 1.059
3111.000 0.017 1.022
3112.000 0.016 0.990
3113.000 0.016 0.926
3114.000 0.016 0.866
3115.000 0.025 0.788
3116.000 0.024 0.712
3117.000 0.029 0.639
3118.000 0.014 0.576
3119.000 0.018 0.522
3120.000 0.023 0.455
3121.000 0.017 0.379
3122.000 0.021 0.312
3123.000 0.016 0.255
3124.000 0.023 0.193
3125.000 0.025 0.128
3126.000 0.030 0.079
3127.000 0.063 0.038
3128.000 0.114 0.017
3129.000 0.173 0.018
3130.000 0.236 0.017
3131.000 0.292 0.025
3132.000 0.352 0.009
3133.000 0.396 0.006
3134.000 0.445 0.023
3135.000 0.518 0.015
3136.000 0.593 0.009
3137.000 0.668 0.024
3138.000 0.743 0.023
3139.000 0.823 0.026
3140.000 0.891 0.034
3141.000 0.949 0.024
3142.000 1.004 0.029
3143.000 1.076 0.039
3144.000 1.139 0.022
3145.000 1.184 0.037
3146.000 1.185 0.073
3147.000 1.198 0.112
3148.000 1.192 0.154
3149.000 1.183 0.214
3150.000 1.200 0.267
3151.000 1.197 0.326
3152.000 1.200 0.384
3153.000 1.188 0.448
3154.000 1.180 0.526
3155.000 1.177 0.607
3156.000 1.181 0.685
3157.000 1.172 0.755
3158.000 1.183 0.811
3159.000 1.179 0.888
3160.000 1.180 0.972
3161.000 1.169 1.033
3162.000 1.151 1.102
3163.000 1.134 1.177
3164.000 1.075 1.183
3165.000 1.007 1.181
3166.000 0.949 1.178
3167.000 0.872 1.183
3168.000 0.801 1.179
3169.000 0.744 1.186
3170.000 0.761 1.197
3171.000 0.756 1.155
3172.000 0.655 1.146
3173.000 0.568 1.171
3174.000 0.528 1.185
3175.000 0.463 1.174
3176.000 0.401 1.176
3177.000 0.324 1.168
3178.000 0.243 1.173
3179.000 0.170 1.162
3180.000 0.103 1.158
3181.000 0.048 1.149
3182.000 0.025 1.108
3183.000 0.027 1.056
3184.000 0.028 1.009
3185.000 0.030 0.950
3186.000 0.027 0.887
3187.000 0.023 0.833
3188.000 0.021 0.780
3189.000 0.025 0.719
3190.000 0.016 0.662
3191.000 0.012 0.606
3192.000 0.014 0.545
3193.000 0.021 0.476
3194.000 0.021 0.412
3195.000 0.024 0.339
3196.000 0.021 0.283
3197.000 0.020 0.230
3198.000 0.028 0.171
3199.000 0.036 0.114
3200.000 0.022 0.073
3201.000 0.043 0.036
3202.000 0.086 0.019
3203.000 0.130 0.025
3204.000 0.184 0.019
3205.000 0.218 0.056
3206.000 0.262 0.053
3207.000 0.304 0.021
3208.000 0.360 0.016
3209.000 0.416 0.015
3210.000 0.463 0.007
3211.000 0.529 0.020
3212.000 0.596 0.023
3213.000 0.652 0.044
3214.000 0.716 0.041
3215.000 0.776 0.028
3216.000 0.829 0.025
3217.000 0.896 0.031
3218.000 0.945 0.026
3219.000 1.000 0.028
3220.000 1.069 0.028
3221.000 1.119 0.024
3222.000 1.168 0.033
3223.000 1.190 0.062
3224.000 1.194 0.094
3225.000 1.191 0.129
3226.000 1.194 0.125
3227.000 1.191 0.090
3228.000 1.153 0.080
3229.000 1.164 0.150
3230.000 1.184 0.205
3231.000 1.196 0.254
3232.000 1.190 0.310
3233.000 1.198 0.370
3234.000 1.194 0.421
3235.000 1.188 0.499
3236.000 1.191 0.586
3237.000 1.188 0.653
3238.000 1.176 0.736
3239.000 1.185 0.810
3240.000 1.180 0.880
3241.000 1.185 0.946
3242.000 1.180 1.004
3243.000 1.171 1.075
3244.000 1.163 1.137
3245.000 1.131 1.186
3246.000 1.066 1.185
3247.000 1.008 1.186
3248.000 0.946 1.184
3249.000 0.889 1.197
3250.000 0.831 1.198
3251.000 0.770 1.184
3252.000 0.699 1.181
3253.000 0.629 1.173
3254.000 0.547 1.176
3255.000 0.493 1.186
3256.000 0.418 1.178
3257.000 0.335 1.171
3258.000 0.259 1.174
3259.000 0.193 1.175
3260.000 0.154 1.175
3261.000 0.099 1.144
3262.000 0.056 1.095
3263.000 0.026 1.039
3264.000 0.029 0.991
3265.000 0.021 0.924
3266.000 0.015 0.890
3267.000 0.016 0.864
3268.000 0.021 0.808
3269.000 0.025 0.738
3270.000 0.026 0.658
3271.000 0.024 0.601
3272.000 0.024 0.525
3273.000 0.032 0.458
3274.000 0.021 0.396
3275.000 0.026 0.345
3276.000 0.020 0.287
3277.000 0.025 0.213
3278.000 0.028 0.145
3279.000 0.039 0.075
3280.000 0.059 0.034
3281.000 0.098 0.029
3282.000 0.150 0.034
3283.000 0.202 0.031
3284.000 0.253 0.025
3285.000 0.308 0.017
3286.000 0.322 0.017
3287.000 0.290 0.014
3288.000 0.299 0.039
3289.000 0.369 0.024
3290.000 0.425 0.017
3291.000 0.497 0.018
3292.000 0.570 0.010
3293.000 0.656 0.020
3294.000 0.736 0.022
3295.000 0.811 0.034
3296.000 0.862 0.048
3297.000 0.926 0.052
3298.000 1.004 0.049
3299.000 1.066 0.025
3300.000 1.113 0.018
3301.000 1.165 0.033
3302.000 1.192 0.086
3303.000 1.192 0.140
3304.000 1.187 0.201
3305.000 1.185 0.267
3306.000 1.186 0.316
3307.000 1.200 0.381
3308.000 1.195 0.445
3309.000 1.192 0.517
3310.000 1.179 0.589
3311.000 1.184 0.669
3312.000 1.174 0.737
3313.000 1.168 0.816
3314.000 1.169 0.887
3315.000 1.172 0.961
3316.000 1.179 1.015
3317.000 1.163 1.056
3318.000 1.146 1.118
3319.000 1.137 1.174
3320.000 1.074 1.186
3321.000 1.026 1.188
3322.000 0.974 1.187
3323.000 0.931 1.194
3324.000 0.873 1.180
3325.000 0.816 1.175
3326.000 0.745 1.154
3327.000 0.698 1.148
3328.000 0.602 1.170
3329.000 0.549 1.179
3330.000 0.477 1.166
3331.000 0.394 1.163
3332.000 0.330 1.157
3333.000 0.256 1.168
3334.000 0.193 1.171
3335.000 0.139 1.165
3336.000 0.101 1.154
3337.000 0.056 1.152
3338.000 0.041 1.160
3339.000 0.064 1.149
3340.000 0.043 1.115
3341.000 0.024 1.059
3342.000 0.027 1.011
3343.000 0.048 0.972
3344.000 0.088 0.913
3345.000 0.114 0.880
3346.000 0.096 0.825
3347.000 0.043 0.793
3348.000 0.015 0.749
3349.000 0.015 0.688
3350.000 0.013 0.630
3351.000 0.019 0.570
3352.000 0.024 0.511
3353.000 0.027 0.452
3354.000 0.017 0.392
3355.000 0.021 0.328
3356.000 0.023 0.267
3357.000 0.030 0.211
3358.000 0.047 0.154
3359.000 0.057 0.095
3360.000 0.054 0.056
3361.000 0.048 0.037
3362.000 0.074 0.029
3363.000 0.105 0.035
3364.000 0.135 0.029
3365.000 0.166 0.027
3366.000 0.205 0.027
3367.000 0.247 0.032
3368.000 0.276 0.022
3369.000 0.318 0.025
3370.000 0.369 0.025
3371.000 0.406 0.015
3372.000 0.457 0.024
3373.000 0.534 0.031
3374.000 0.581 0.010
3375.000 0.625 0.014
3376.000 0.625 0.045
3377.000 0.682 0.058
3378.000 0.746 0.025
3379.000 0.803 0.003
3380.000 0.853 0.010
3381.000 0.913 0.024
3382.000 0.965 0.050
3383.000 1.051 0.050
3384.000 1.123 0.032
3385.000 1.175 0.026
3386.000 1.189 0.030
3387.000 1.190 0.043
3388.000 1.197 0.099
3389.000 1.199 0.162
3390.000 1.197 0.229
3391.000 1.200 0.304
3392.000 1.198 0.371
3393.000 1.200 0.455
3394.000 1.197 0.518
3395.000 1.168 0.579
3396.000 1.180 0.636
3397.000 1.194 0.709
3398.000 1.188 0.800
3399.000 1.194 0.880
3400.000 1.184 0.966
3401.000 1.176 1.056
3402.000 1.152 1.104
3403.000 1.108 1.163
3404.000 1.060 1.194
3405.000 0.993 1.195
3406.000 0.938 1.187
3407.000 0.887 1.188
3408.000 0.842 1.177
3409.000 0.753 1.195
3410.000 0.678 1.194
3411.000 0.591 1.187
3412.000 0.510 1.182
3413.000 0.433 1.173
3414.000 0.347 1.177
3415.000 0.270 1.171
3416.000 0.200 1.172
3417.000 0.141 1.159
3418.000 0.095 1.156
3419.000 0.047 1.155
3420.000 0.028 1.120
3421.000 0.023 1.071
3422.000 0.017 1.026
3423.000 0.012 0.978
3424.000 0.012 0.917
3425.000 0.009 0.857
3426.000 0.014 0.798
3427.000 0.006 0.737
3428.000 0.004 0.684
3429.000 0.014 0.618
3430.000 0.013 0.547
3431.000 0.020 0.474
3432.000 0.019 0.410
3433.000 0.025 0.332
3434.000 0.026 0.257
3435.000 0.020 0.198
3436.000 0.023 0.152
3437.000 0.034 0.100
3438.000 0.021 0.080
3439.000 0.060 0.076
3440.000 0.098 0.030
3441.000 0.148 0.014
3442.000 0.201 0.016
3443.000 0.228 0.016
3444.000 0.285 0.015
3445.000 0.350 0.016
3446.000 0.416 0.025
3447.000 0.485 0.025
3448.000 0.572 0.021
3449.000 0.648 0.020
3450.000 0.725 0.016
3451.000 0.791 0.014
3452.000 0.855 0.012
3453.000 0.894 0.030
3454.000 0.952 0.038
3455.000 1.014 0.022
3456.000 1.071 0.014
3457.000 1.100 0.022
3458.000 1.135 0.048
3459.000 1.162 0.104
3460.000 1.183 0.174
3461.000 1.186 0.237
3462.000 1.178 0.315
3463.000 1.180 0.395
3464.000 1.178 0.468
3465.000 1.187 0.543
3466.000 1.182 0.625
3467.000 1.181 0.696
3468.000 1.180 0.762
3469.000 1.177 0.833
3470.000 1.172 0.900
3471.000 1.177 0.949
3472.000 1.177 0.998
3473.000 1.168 1.044
3474.000 1.158 1.100
3475.000 1.160 1.149
3476.000 1.132 1.184
3477.000 1.076 1.185
3478.000 1.011 1.188
3479.000 0.949 1.183
3480.000 0.902 1.182
3481.000 0.830 1.177
3482.000 0.743 1.179
3483.000 0.668 1.181
3484.000 0.594 1.172
3485.000 0.522 1.164
3486.000 0.468 1.179
3487.000 0.429 1.174
3488.000 0.376 1.177
3489.000 0.331 1.180
3490.000 0.357 1.182
3491.000 0.304 1.146
3492.000 0.218 1.150
3493.000 0.155 1.152
3494.000 0.136 1.161
3495.000 0.086 1.150
3496.000 0.035 1.129
3497.000 0.028 1.079
3498.000 0.025 1.016
3499.000 0.022 0.968
3500.000 0.028 0.916
3501.000 0.024 0.853
3502.000 0.021 0.777
3503.000 0.031 0.710
3504.000 0.029 0.645
3505.000 0.028 0.584
3506.000 0.032 0.559
3507.000 0.030 0.513
3508.000 0.025 0.455
3509.000 0.017 0.393
3510.000 0.022 0.317
3511.000 0.024 0.248
3512.000 0.033 0.172
3513.000 0.039 0.112
3514.000 0.024 0.080
3515.000 0.049 0.036
3516.000 0.097 0.031
3517.000 0.159 0.034
3518.000 0.208 0.034
3519.000 0.277 0.029
3520.000 0.347 0.031
3521.000 0.417 0.029
3522.000 0.494 0.036
3523.000 0.569 0.037
3524.000 0.641 0.024
3525.000 0.721 0.033
3526.000 0.791 0.035
3527.000 0.870 0.048
3528.000 0.923 0.035
3529.000 0.978 0.023
3530.000 1.034 0.028
3531.000 1.087 0.030
3532.000 1.133 0.045
3533.000 1.168 0.073
3534.000 1.184 0.125
3535.000 1.192 0.170
3536.000 1.187 0.215
3537.000 1.180 0.283
3538.000 1.183 0.347
3539.000 1.193 0.403
3540.000 1.182 0.471
3541.000 1.175 0.533
3542.000 1.179 0.609
3543.000 1.178 0.681
3544.000 1.173 0.764
3545.000 1.174 0.831
3546.000 1.183 0.900
3547.000 1.168 0.981
3548.000 1.158 1.050
3549.000 1.143 1.134
3550.000 1.078 1.188
3551.000 0.979 1.184
3552.000 0.882 1.176
3553.000 0.791 1.179
3554.000 0.719 1.173
3555.000 0.641 1.175
3556.000 0.547 1.179
3557.000 0.442 1.181
3558.000 0.345 1.177
3559.000 0.227 1.175
3560.000 0.130 1.157
3561.000 0.039 1.124
3562.000 0.027 1.042
3563.000 0.019 0.961
3564.000 0.015 0.879
3565.000 0.022 0.814
3566.000 0.010 0.726
3567.000 0.021 0.641
3568.000 0.019 0.563
3569.000 0.024 0.482
3570.000 0.015 0.417
3571.000 0.027 0.335
3572.000 0.030 0.273
3573.000 0.036 0.201
3574.000 0.039 0.130
3575.000 0.046 0.071
3576.000 0.075 0.027
3577.000 0.115 0.022
3578.000 0.167 0.032
3579.000 0.206 0.030
3580.000 0.248 0.029
3581.000 0.313 0.023
3582.000 0.377 0.015
3583.000 0.455 0.019
3584.000 0.538 0.022
3585.000 0.604 0.014
3586.000 0.637 0.023
3587.000 0.694 0.031
3588.000 0.773 0.016
3589.000 0.825 0.008
3590.000 0.897 0.024
3591.000 0.966 0.031
3592.000 1.040 0.033
3593.000 1.102 0.029
3594.000 1.145 0.031
3595.000 1.185 0.061
3596.000 1.195 0.106
3597.000 1.185 0.158
3598.000 1.180 0.223
3599.000 1.192 0.280
3600.000 1.190 0.321
