# Time(s) fish0X fish0Y
0.000 0.902 0.290
1.000 0.901 0.290
2.000 0.901 0.290
3.000 0.903 0.289
4.000 0.902 0.290
5.000 0.902 0.290
6.000 0.902 0.290
7.000 0.901 0.290
8.000 0.902 0.290
9.000 0.901 0.290
10.000 0.902 0.290
11.000 0.903 0.290
12.000 0.902 0.290
13.000 0.900 0.297
14.000 0.902 0.291
15.000 0.902 0.291
16.000 0.903 0.291
17.000 0.900 0.295
18.000 0.900 0.297
19.000 0.903 0.291
20.000 0.903 0.291
21.000 0.904 0.291
22.000 0.903 0.292
23.000 0.904 0.290
24.000 0.904 0.291
25.000 0.904 0.291
26.000 0.904 0.291
27.000 0.903 0.291
28.000 0.904 0.292
29.000 0.901 0.297
30.000 0.904 0.291
31.000 0.904 0.292
32.000 0.904 0.292
33.000 0.905 0.292
34.000 0.904 0.291
35.000 0.905 0.291
36.000 0.905 0.292
37.000 0.905 0.292
38.000 0.905 0.292
39.000 0.905 0.292
40.000 0.905 0.292
41.000 0.903 0.297
42.000 0.905 0.292
43.000 0.903 0.299
44.000 0.905 0.292
45.000 0.903 0.302
46.000 0.906 0.292
47.000 0.906 0.292
48.000 0.906 0.292
49.000 0.906 0.292
50.000 0.906 0.292
51.000 0.907 0.293
52.000 0.906 0.292
53.000 0.907 0.293
54.000 0.907 0.292
55.000 0.907 0.292
56.000 0.908 0.292
57.000 0.907 0.292
58.000 0.908 0.292
59.000 0.908 0.292
60.000 0.908 0.292
61.000 0.909 0.292
62.000 0.908 0.292
63.000 0.909 0.292
64.000 0.909 0.292
65.000 0.909 0.292
66.000 0.910 0.292
67.000 0.909 0.292
68.000 0.910 0.291
69.000 0.910 0.292
70.000 0.909 0.292
71.000 0.910 0.292
72.000 0.909 0.292
73.000 0.910 0.292
74.000 0.910 0.292
75.000 0.910 0.292
76.000 0.911 0.292
77.000 0.910 0.292
78.000 0.911 0.292
79.000 0.910 0.292
80.000 0.910 0.292
81.000 0.911 0.292
82.000 0.910 0.292
83.000 0.910 0.292
84.000 0.910 0.292
85.000 0.910 0.291
86.000 0.911 0.292
87.000 0.911 0.292
88.000 0.911 0.291
89.000 0.911 0.292
90.000 0.911 0.291
91.000 0.911 0.291
92.000 0.911 0.292
93.000 0.911 0.292
94.000 0.911 0.292
95.000 0.911 0.292
96.000 0.911 0.291
97.000 0.911 0.292
98.000 0.911 0.292
99.000 0.912 0.292
100.000 0.911 0.291
101.000 0.912 0.291
102.000 0.911 0.291
103.000 0.911 0.291
104.000 0.912 0.292
105.000 0.911 0.291
106.000 0.912 0.291
107.000 0.912 0.291
108.000 0.912 0.291
109.000 0.912 0.290
110.000 0.912 0.291
111.000 0.913 0.291
112.000 0.912 0.291
113.000 0.912 0.291
114.000 0.912 0.291
115.000 0.912 0.291
116.000 0.913 0.291
117.000 0.913 0.291
118.000 0.913 0.291
119.000 0.913 0.291
120.000 0.912 0.291
121.000 0.913 0.292
122.000 0.912 0.291
123.000 0.912 0.291
124.000 0.913 0.291
125.000 0.912 0.291
126.000 0.913 0.291
127.000 0.913 0.292
128.000 0.913 0.291
129.000 0.913 0.291
130.000 0.912 0.292
131.000 0.913 0.291
132.000 0.912 0.290
133.000 0.913 0.291
134.000 0.913 0.291
135.000 0.913 0.291
136.000 0.913 0.291
137.000 0.913 0.290
138.000 0.913 0.291
139.000 0.913 0.291
140.000 0.913 0.291
141.000 0.913 0.291
142.000 0.913 0.291
143.000 0.913 0.291
144.000 0.913 0.291
145.000 0.913 0.291
146.000 0.913 0.291
147.000 0.913 0.292
148.000 0.913 0.291
149.000 0.913 0.291
150.000 0.913 0.292
151.000 0.913 0.292
152.000 0.913 0.291
153.000 0.913 0.291
154.000 0.913 0.292
155.000 0.913 0.291
156.000 0.913 0.291
157.000 0.913 0.291
158.000 0.913 0.291
159.000 0.913 0.291
160.000 0.913 0.291
161.000 0.913 0.291
162.000 0.913 0.291
163.000 0.913 0.292
164.000 0.913 0.292
165.000 0.913 0.292
166.000 0.913 0.291
167.000 0.913 0.292
168.000 0.913 0.292
169.000 0.913 0.292
170.000 0.913 0.292
171.000 0.913 0.292
172.000 0.913 0.292
173.000 0.912 0.291
174.000 0.913 0.292
175.000 0.913 0.292
176.000 0.913 0.291
177.000 0.913 0.292
178.000 0.913 0.292
179.000 0.912 0.292
180.000 0.912 0.292
181.000 0.912 0.292
182.000 0.912 0.292
183.000 0.912 0.292
184.000 0.913 0.292
185.000 0.912 0.292
186.000 0.913 0.292
187.000 0.912 0.292
188.000 0.912 0.292
189.000 0.912 0.292
190.000 0.912 0.292
191.000 0.913 0.292
192.000 0.912 0.292
193.000 0.912 0.292
194.000 0.913 0.292
195.000 0.912 0.292
196.000 0.912 0.292
197.000 0.913 0.292
198.000 0.913 0.292
199.000 0.912 0.292
200.000 0.912 0.292
201.000 0.912 0.292
202.000 0.913 0.292
203.000 0.913 0.292
204.000 0.912 0.290
205.000 0.913 0.292
206.000 0.913 0.292
207.000 0.914 0.292
208.000 0.914 0.293
209.000 0.915 0.293
210.000 0.914 0.293
211.000 0.915 0.293
212.000 0.914 0.292
213.000 0.915 0.293
214.000 0.915 0.293
215.000 0.915 0.293
216.000 0.914 0.293
217.000 0.915 0.293
218.000 0.916 0.293
219.000 0.921 0.290
220.000 0.916 0.292
221.000 0.916 0.293
222.000 0.916 0.293
223.000 0.916 0.293
224.000 0.916 0.293
225.000 0.916 0.293
226.000 0.917 0.293
227.000 0.916 0.292
228.000 0.916 0.292
229.000 0.917 0.292
230.000 0.917 0.292
231.000 0.917 0.292
232.000 0.917 0.292
233.000 0.917 0.292
234.000 0.917 0.292
235.000 0.916 0.292
236.000 0.916 0.292
237.000 0.916 0.292
238.000 0.917 0.292
239.000 0.916 0.292
240.000 0.917 0.292
241.000 0.917 0.292
242.000 0.917 0.293
243.000 0.917 0.292
244.000 0.917 0.293
245.000 0.917 0.293
246.000 0.916 0.293
247.000 0.917 0.292
248.000 0.917 0.292
249.000 0.917 0.292
250.000 0.917 0.292
251.000 0.917 0.293
252.000 0.917 0.293
253.000 0.917 0.293
254.000 0.917 0.293
255.000 0.916 0.293
256.000 0.917 0.293
257.000 0.917 0.293
258.000 0.917 0.293
259.000 0.916 0.293
260.000 0.917 0.293
261.000 0.917 0.293
262.000 0.917 0.293
263.000 0.917 0.293
264.000 0.916 0.293
265.000 0.917 0.293
266.000 0.917 0.293
267.000 0.917 0.293
268.000 0.917 0.293
269.000 0.917 0.293
270.000 0.917 0.293
271.000 0.919 0.292
272.000 0.917 0.293
273.000 0.917 0.293
274.000 0.917 0.293
275.000 0.917 0.293
276.000 0.917 0.293
277.000 0.917 0.293
278.000 0.917 0.293
279.000 0.917 0.293
280.000 0.917 0.293
281.000 0.917 0.293
282.000 0.917 0.293
283.000 0.917 0.293
284.000 0.917 0.293
285.000 0.916 0.293
286.000 0.916 0.293
287.000 0.917 0.293
288.000 0.917 0.293
289.000 0.921 0.288
290.000 0.916 0.293
291.000 0.917 0.293
292.000 0.917 0.290
293.000 0.916 0.293
294.000 0.916 0.293
295.000 0.917 0.293
296.000 0.916 0.293
297.000 0.917 0.293
298.000 0.916 0.293
299.000 0.917 0.293
300.000 0.919 0.290
301.000 0.919 0.290
302.000 0.917 0.293
303.000 0.917 0.293
304.000 0.917 0.293
305.000 0.917 0.292
306.000 0.917 0.292
307.000 0.917 0.293
308.000 0.917 0.293
309.000 0.917 0.293
310.000 0.917 0.293
311.000 0.917 0.293
312.000 0.917 0.293
313.000 0.918 0.293
314.000 0.918 0.293
315.000 0.917 0.293
316.000 0.923 0.290
317.000 0.917 0.293
318.000 0.917 0.293
319.000 0.917 0.293
320.000 0.917 0.293
321.000 0.917 0.293
322.000 0.917 0.293
323.000 0.917 0.293
324.000 0.917 0.293
325.000 0.917 0.293
326.000 0.917 0.293
327.000 0.917 0.293
328.000 0.917 0.293
329.000 0.917 0.293
330.000 0.917 0.293
331.000 0.916 0.293
332.000 0.917 0.293
333.000 0.917 0.293
334.000 0.917 0.293
335.000 0.917 0.293
336.000 0.917 0.293
337.000 0.917 0.293
338.000 0.917 0.293
339.000 0.917 0.293
340.000 0.917 0.293
341.000 0.916 0.293
342.000 0.916 0.293
343.000 0.916 0.293
344.000 0.917 0.293
345.000 0.917 0.293
346.000 0.917 0.293
347.000 0.917 0.293
348.000 0.917 0.293
349.000 0.917 0.293
350.000 0.918 0.293
351.000 0.918 0.293
352.000 0.917 0.293
353.000 0.917 0.293
354.000 0.917 0.293
355.000 0.917 0.294
356.000 0.917 0.293
357.000 0.917 0.293
358.000 0.917 0.293
359.000 0.917 0.293
360.000 0.918 0.293
361.000 0.917 0.293
362.000 0.917 0.293
363.000 0.917 0.293
364.000 0.917 0.293
365.000 0.917 0.293
366.000 0.917 0.293
367.000 0.917 0.294
368.000 0.918 0.293
369.000 0.917 0.293
370.000 0.917 0.294
371.000 0.917 0.294
372.000 0.917 0.294
373.000 0.917 0.294
374.000 0.917 0.294
375.000 0.917 0.294
376.000 0.918 0.294
377.000 0.917 0.294
378.000 0.917 0.294
379.000 0.917 0.294
380.000 0.917 0.294
381.000 0.918 0.294
382.000 0.917 0.294
383.000 0.917 0.294
384.000 0.917 0.294
385.000 0.917 0.294
386.000 0.917 0.294
387.000 0.917 0.294
388.000 0.917 0.294
389.000 0.917 0.294
390.000 0.917 0.294
391.000 0.917 0.294
392.000 0.918 0.294
393.000 0.918 0.294
394.000 0.918 0.294
395.000 0.917 0.294
396.000 0.917 0.294
397.000 0.918 0.294
398.000 0.917 0.294
399.000 0.917 0.294
400.000 0.917 0.294
401.000 0.917 0.294
402.000 0.917 0.294
403.000 0.917 0.294
404.000 0.917 0.294
405.000 0.917 0.294
406.000 0.917 0.294
407.000 0.917 0.294
408.000 0.918 0.294
409.000 0.917 0.294
410.000 0.918 0.294
411.000 0.918 0.294
412.000 0.917 0.294
413.000 0.917 0.294
414.000 0.917 0.294
415.000 0.917 0.294
416.000 0.917 0.294
417.000 0.917 0.294
418.000 0.917 0.294
419.000 0.918 0.294
420.000 0.917 0.294
421.000 0.917 0.294
422.000 0.917 0.294
423.000 0.917 0.294
424.000 0.916 0.294
425.000 0.917 0.294
426.000 0.917 0.294
427.000 0.918 0.294
428.000 0.917 0.294
429.000 0.917 0.294
430.000 0.917 0.294
431.000 0.917 0.294
432.000 0.917 0.294
433.000 0.917 0.294
434.000 0.917 0.294
435.000 0.918 0.294
436.000 0.917 0.294
437.000 0.918 0.294
438.000 0.918 0.294
439.000 0.917 0.294
440.000 0.918 0.294
441.000 0.917 0.294
442.000 0.917 0.294
443.000 0.917 0.294
444.000 0.917 0.294
445.000 0.917 0.294
446.000 0.917 0.294
447.000 0.921 0.292
448.000 0.919 0.290
449.000 0.917 0.294
450.000 0.918 0.294
451.000 0.918 0.294
452.000 0.917 0.294
453.000 0.917 0.294
454.000 0.918 0.294
455.000 0.917 0.294
456.000 0.917 0.294
457.000 0.918 0.294
458.000 0.918 0.294
459.000 0.918 0.294
460.000 0.918 0.294
461.000 0.918 0.294
462.000 0.917 0.294
463.000 0.917 0.294
464.000 0.917 0.294
465.000 0.918 0.294
466.000 0.917 0.294
467.000 0.918 0.294
468.000 0.918 0.294
469.000 0.918 0.294
470.000 0.918 0.294
471.000 0.917 0.294
472.000 0.917 0.294
473.000 0.921 0.292
474.000 0.917 0.295
475.000 0.917 0.294
476.000 0.917 0.295
477.000 0.917 0.295
478.000 0.919 0.292
479.000 0.918 0.294
480.000 0.921 0.292
481.000 0.917 0.295
482.000 0.918 0.295
483.000 0.917 0.295
484.000 0.917 0.295
485.000 0.917 0.295
486.000 0.918 0.295
487.000 0.917 0.295
488.000 0.918 0.295
489.000 0.917 0.295
490.000 0.917 0.296
491.000 0.917 0.296
492.000 0.917 0.296
493.000 0.917 0.296
494.000 0.917 0.296
495.000 0.917 0.296
496.000 0.917 0.296
497.000 0.918 0.295
498.000 0.917 0.295
499.000 0.917 0.295
500.000 0.917 0.296
501.000 0.917 0.295
502.000 0.917 0.296
503.000 0.917 0.296
504.000 0.918 0.296
505.000 0.918 0.296
506.000 0.918 0.296
507.000 0.918 0.296
508.000 0.918 0.296
509.000 0.918 0.296
510.000 0.917 0.296
511.000 0.923 0.295
512.000 0.918 0.296
513.000 0.918 0.297
514.000 0.918 0.296
515.000 0.919 0.297
516.000 0.919 0.296
517.000 0.919 0.296
518.000 0.919 0.297
519.000 0.919 0.297
520.000 0.919 0.297
521.000 0.919 0.296
522.000 0.919 0.296
523.000 0.919 0.296
524.000 0.919 0.296
525.000 0.918 0.296
526.000 0.919 0.296
527.000 0.919 0.297
528.000 0.919 0.297
529.000 0.919 0.297
530.000 0.919 0.296
531.000 0.919 0.296
532.000 0.919 0.297
533.000 0.920 0.297
534.000 0.920 0.297
535.000 0.919 0.297
536.000 0.919 0.297
537.000 0.918 0.295
538.000 0.915 0.290
539.000 0.908 0.285
540.000 0.891 0.315
541.000 0.779 0.340
542.000 0.662 0.285
543.000 0.606 0.114
544.000 0.509 0.026
545.000 0.446 0.028
546.000 0.399 0.021
547.000 0.447 0.026
548.000 0.482 0.024
549.000 0.542 0.024
550.000 0.639 0.034
551.000 0.735 0.029
552.000 0.814 0.008
553.000 0.873 0.021
554.000 0.899 0.046
555.000 0.945 0.086
556.000 1.026 0.105
557.000 1.015 0.100
558.000 1.101 0.065
559.000 1.166 0.038
560.000 1.069 0.039
561.000 0.960 0.035
562.000 0.799 0.033
563.000 0.726 0.014
564.000 0.680 0.028
565.000 0.586 0.037
566.000 0.465 0.045
567.000 0.349 0.034
568.000 0.291 0.034
569.000 0.238 0.030
570.000 0.180 0.037
571.000 0.124 0.062
572.000 0.053 0.063
573.000 0.062 0.038
574.000 0.063 0.058
575.000 0.043 0.155
576.000 0.031 0.299
577.000 0.021 0.404
578.000 0.030 0.577
579.000 0.016 0.752
580.000 0.015 0.872
581.000 0.029 0.961
582.000 0.042 1.072
583.000 0.105 1.139
584.000 0.206 1.147
585.000 0.331 1.173
586.000 0.397 1.168
587.000 0.482 1.166
588.000 0.600 1.157
589.000 0.730 1.172
590.000 0.824 1.182
591.000 0.814 1.187
592.000 0.891 1.154
593.000 1.081 1.139
594.000 1.166 1.171
595.000 1.164 1.172
596.000 1.119 1.164
597.000 1.171 1.165
598.000 1.175 1.096
599.000 1.185 1.017
600.000 1.179 0.912
601.000 1.168 0.779
602.000 1.105 0.729
603.000 1.154 0.655
604.000 1.168 0.755
605.000 1.131 0.912
606.000 1.146 1.017
607.000 1.085 1.084
608.000 1.069 0.886
609.000 1.067 0.725
610.000 0.974 0.882
611.000 0.917 1.063
612.000 0.874 1.187
613.000 0.801 1.184
614.000 0.735 1.173
615.000 0.665 1.182
616.000 0.605 1.178
617.000 0.536 1.181
618.000 0.488 1.167
619.000 0.389 1.160
620.000 0.313 1.173
621.000 0.267 1.161
622.000 0.225 1.166
623.000 0.159 1.161
624.000 0.099 1.159
625.000 0.047 1.158
626.000 0.029 1.144
627.000 0.032 1.126
628.000 0.038 1.113
629.000 0.037 1.084
630.000 0.030 1.039
631.000 0.032 0.987
632.000 0.026 0.950
633.000 0.025 0.918
634.000 0.030 0.883
635.000 0.039 0.915
636.000 0.043 1.022
637.000 0.054 1.115
638.000 0.090 1.154
639.000 0.080 1.103
640.000 0.056 1.054
641.000 0.058 0.998
642.000 0.026 0.907
643.000 0.024 0.862
644.000 0.030 0.832
645.000 0.028 0.759
646.000 0.034 0.672
647.000 0.031 0.536
648.000 0.033 0.351
649.000 0.045 0.137
650.000 0.082 0.031
651.000 0.152 0.034
652.000 0.223 0.030
653.000 0.331 0.028
654.000 0.481 0.021
655.000 0.706 0.019
656.000 0.955 0.032
657.000 1.048 0.030
658.000 1.189 0.064
659.000 1.182 0.147
660.000 1.173 0.040
661.000 1.099 0.041
662.000 1.172 0.189
663.000 1.180 0.366
664.000 1.176 0.533
665.000 1.184 0.677
666.000 1.180 0.809
667.000 1.177 0.981
668.000 1.176 1.129
669.000 1.067 1.172
670.000 0.934 1.182
671.000 0.761 1.186
672.000 0.579 1.182
673.000 0.413 1.177
674.000 0.226 1.166
675.000 0.086 1.150
676.000 0.056 1.166
677.000 0.043 1.018
678.000 0.041 0.876
679.000 0.053 0.701
680.000 0.022 0.479
681.000 0.034 0.294
682.000 0.048 0.104
683.000 0.029 0.073
684.000 0.129 0.135
685.000 0.246 0.136
686.000 0.350 0.188
687.000 0.482 0.205
688.000 0.684 0.113
689.000 0.907 0.055
690.000 0.983 0.147
691.000 1.112 0.179
692.000 1.170 0.130
693.000 1.179 0.054
694.000 1.172 0.196
695.000 1.188 0.383
696.000 1.188 0.567
697.000 1.168 0.771
698.000 1.178 0.959
699.000 1.157 1.126
700.000 1.161 1.097
701.000 1.014 1.139
702.000 0.796 1.148
703.000 0.596 1.155
704.000 0.410 1.142
705.000 0.213 1.139
706.000 0.084 1.084
707.000 0.062 0.956
708.000 0.053 0.789
709.000 0.034 0.651
710.000 0.033 0.502
711.000 0.054 0.330
712.000 0.037 0.175
713.000 0.056 0.045
714.000 0.162 0.038
715.000 0.252 0.036
716.000 0.432 0.044
717.000 0.599 0.047
718.000 0.791 0.035
719.000 0.951 0.047
720.000 1.095 0.024
721.000 1.125 0.018
722.000 0.992 0.021
723.000 0.884 0.043
724.000 0.835 0.145
725.000 0.909 0.312
726.000 1.024 0.435
727.000 1.153 0.554
728.000 1.146 0.722
729.000 1.126 0.881
730.000 1.149 1.025
731.000 1.057 1.133
732.000 0.897 1.141
733.000 0.738 1.128
734.000 0.568 1.151
735.000 0.401 1.108
736.000 0.207 1.129
737.000 0.077 1.143
738.000 0.052 1.016
739.000 0.048 0.859
740.000 0.032 0.695
741.000 0.035 0.551
742.000 0.063 0.390
743.000 0.043 0.223
744.000 0.073 0.101
745.000 0.030 0.185
746.000 0.034 0.362
747.000 0.037 0.536
748.000 0.043 0.693
749.000 0.055 0.868
750.000 0.123 1.005
751.000 0.168 1.105
752.000 0.313 1.143
753.000 0.473 1.139
754.000 0.624 1.129
755.000 0.747 1.088
756.000 0.837 0.981
757.000 0.950 0.895
758.000 1.063 0.940
759.000 1.158 0.921
760.000 1.172 0.755
761.000 1.173 0.585
762.000 1.169 0.419
763.000 1.146 0.253
764.000 1.083 0.118
765.000 1.123 0.027
766.000 0.946 0.023
767.000 0.788 0.019
768.000 0.608 0.027
769.000 0.480 0.061
770.000 0.351 0.119
771.000 0.176 0.126
772.000 0.054 0.081
773.000 0.033 0.164
774.000 0.026 0.325
775.000 0.033 0.489
776.000 0.046 0.682
777.000 0.081 0.825
778.000 0.193 0.940
779.000 0.284 1.055
780.000 0.450 1.071
781.000 0.635 1.103
782.000 0.807 1.086
783.000 0.970 1.014
784.000 1.131 0.960
785.000 1.181 0.834
786.000 1.192 0.662
787.000 1.181 0.489
788.000 1.159 0.341
789.000 1.166 0.173
790.000 1.147 0.068
791.000 1.005 0.045
792.000 0.871 0.039
793.000 0.691 0.033
794.000 0.514 0.031
795.000 0.356 0.030
796.000 0.207 0.042
797.000 0.083 0.109
798.000 0.059 0.235
799.000 0.043 0.402
800.000 0.025 0.555
801.000 0.030 0.738
802.000 0.030 0.891
803.000 0.047 1.048
804.000 0.118 1.140
805.000 0.271 1.153
806.000 0.431 1.165
807.000 0.574 1.157
808.000 0.739 1.179
809.000 0.913 1.169
810.000 1.060 1.169
811.000 1.159 1.087
812.000 1.175 0.977
813.000 1.179 0.849
814.000 1.185 0.689
815.000 1.171 0.531
816.000 1.179 0.383
817.000 1.173 0.224
818.000 1.128 0.092
819.000 1.002 0.047
820.000 0.859 0.050
821.000 0.751 0.029
822.000 0.608 0.030
823.000 0.441 0.024
824.000 0.278 0.037
825.000 0.133 0.036
826.000 0.039 0.138
827.000 0.037 0.309
828.000 0.063 0.485
829.000 0.033 0.629
830.000 0.035 0.786
831.000 0.034 0.954
832.000 0.051 1.099
833.000 0.186 1.151
834.000 0.338 1.168
835.000 0.490 1.163
836.000 0.637 1.167
837.000 0.803 1.174
838.000 0.970 1.171
839.000 1.112 1.150
840.000 1.143 1.191
841.000 1.079 1.080
842.000 1.130 0.957
843.000 1.180 0.809
844.000 1.182 0.632
845.000 1.182 0.481
846.000 1.174 0.322
847.000 1.178 0.179
848.000 1.126 0.073
849.000 0.998 0.022
850.000 0.869 0.040
851.000 0.753 0.014
852.000 0.596 0.020
853.000 0.463 0.030
854.000 0.338 0.031
855.000 0.204 0.038
856.000 0.082 0.104
857.000 0.042 0.283
858.000 0.046 0.439
859.000 0.081 0.606
860.000 0.074 0.772
861.000 0.115 0.940
862.000 0.137 1.089
863.000 0.292 1.146
864.000 0.470 1.158
865.000 0.634 1.158
866.000 0.775 1.109
867.000 0.927 1.093
868.000 1.099 1.083
869.000 1.170 0.941
870.000 1.180 0.792
871.000 1.182 0.659
872.000 1.188 0.566
873.000 1.162 0.420
874.000 1.151 0.262
875.000 1.131 0.128
876.000 1.008 0.047
877.000 0.854 0.050
878.000 0.729 0.025
879.000 0.586 0.035
880.000 0.451 0.028
881.000 0.300 0.039
882.000 0.157 0.070
883.000 0.087 0.189
884.000 0.029 0.335
885.000 0.052 0.435
886.000 0.011 0.554
887.000 0.028 0.680
888.000 0.033 0.836
889.000 0.043 0.994
890.000 0.075 1.131
891.000 0.223 1.154
892.000 0.308 1.158
893.000 0.444 1.157
894.000 0.583 1.158
895.000 0.734 1.176
896.000 0.888 1.164
897.000 1.019 1.176
898.000 1.146 1.112
899.000 1.172 0.958
900.000 1.166 0.820
901.000 1.187 0.678
902.000 1.183 0.549
903.000 1.158 0.436
904.000 1.185 0.365
905.000 1.154 0.377
906.000 1.135 0.234
907.000 1.109 0.096
908.000 0.950 0.040
909.000 0.794 0.046
910.000 0.651 0.043
911.000 0.489 0.029
912.000 0.318 0.039
913.000 0.158 0.047
914.000 0.048 0.052
915.000 0.016 0.217
916.000 0.014 0.324
917.000 0.038 0.406
918.000 0.018 0.386
919.000 0.048 0.532
920.000 0.068 0.668
921.000 0.029 0.835
922.000 0.022 1.009
923.000 0.078 1.137
924.000 0.229 1.167
925.000 0.372 1.165
926.000 0.531 1.170
927.000 0.634 1.173
928.000 0.751 1.174
929.000 0.897 1.165
930.000 1.052 1.156
931.000 1.146 1.036
932.000 1.182 0.886
933.000 1.181 0.765
934.000 1.190 0.626
935.000 1.179 0.472
936.000 1.196 0.366
937.000 1.199 0.223
938.000 1.147 0.125
939.000 1.089 0.138
940.000 1.084 0.202
941.000 1.045 0.264
942.000 0.883 0.280
943.000 0.766 0.194
944.000 0.697 0.083
945.000 0.854 0.058
946.000 0.901 0.082
947.000 0.753 0.023
948.000 0.600 0.028
949.000 0.468 0.075
950.000 0.394 0.159
951.000 0.252 0.206
952.000 0.231 0.369
953.000 0.154 0.506
954.000 0.031 0.576
955.000 0.046 0.710
956.000 0.035 0.864
957.000 0.046 1.035
958.000 0.095 1.138
959.000 0.253 1.117
960.000 0.396 1.162
961.000 0.551 1.157
962.000 0.658 1.099
963.000 0.821 1.079
964.000 1.001 1.091
965.000 1.151 1.060
966.000 1.170 0.928
967.000 1.186 0.783
968.000 1.189 0.669
969.000 1.180 0.585
970.000 1.150 0.436
971.000 1.053 0.391
972.000 0.915 0.387
973.000 0.776 0.353
974.000 0.738 0.429
975.000 0.739 0.505
976.000 0.854 0.532
977.000 1.026 0.497
978.000 1.136 0.377
979.000 1.133 0.216
980.000 1.079 0.126
981.000 1.040 0.141
982.000 1.054 0.083
983.000 0.925 0.025
984.000 0.817 0.067
985.000 0.662 0.066
986.000 0.505 0.034
987.000 0.450 0.155
988.000 0.303 0.230
989.000 0.158 0.301
990.000 0.098 0.466
991.000 0.077 0.658
992.000 0.075 0.834
993.000 0.068 0.988
994.000 0.156 1.099
995.000 0.286 1.160
996.000 0.432 1.164
997.000 0.588 1.157
998.000 0.719 1.154
999.000 0.757 1.194
1000.000 0.919 1.146
1001.000 1.056 1.117
1002.000 1.135 0.975
1003.000 1.166 0.818
1004.000 1.156 0.657
1005.000 1.151 0.530
1006.000 1.184 0.398
1007.000 1.183 0.275
1008.000 1.164 0.130
1009.000 1.044 0.120
1010.000 0.931 0.109
1011.000 0.786 0.067
1012.000 0.631 0.019
1013.000 0.520 0.046
1014.000 0.458 0.142
1015.000 0.316 0.148
1016.000 0.168 0.156
1017.000 0.064 0.100
1018.000 0.088 0.019
1019.000 0.035 0.116
1020.000 0.012 0.231
1021.000 0.021 0.309
1022.000 0.100 0.415
1023.000 0.164 0.507
1024.000 0.092 0.619
1025.000 0.036 0.773
1026.000 0.034 0.936
1027.000 0.063 1.070
1028.000 0.060 1.139
1029.000 0.170 1.154
1030.000 0.329 1.160
1031.000 0.491 1.178
1032.000 0.661 1.169
1033.000 0.798 1.162
1034.000 0.868 1.063
1035.000 1.024 1.023
1036.000 1.149 1.003
1037.000 1.167 0.840
1038.000 1.152 0.674
1039.000 1.156 0.559
1040.000 1.107 0.416
1041.000 1.099 0.258
1042.000 1.156 0.118
1043.000 1.103 0.055
1044.000 1.031 0.108
1045.000 1.060 0.196
1046.000 0.927 0.186
1047.000 0.801 0.068
1048.000 0.670 0.036
1049.000 0.523 0.048
1050.000 0.371 0.030
1051.000 0.215 0.033
1052.000 0.071 0.073
1053.000 0.048 0.207
1054.000 0.043 0.316
1055.000 0.104 0.389
1056.000 0.193 0.450
1057.000 0.154 0.574
1058.000 0.083 0.729
1059.000 0.041 0.859
1060.000 0.029 1.015
1061.000 0.077 1.146
1062.000 0.193 1.149
1063.000 0.313 1.151
1064.000 0.441 1.152
1065.000 0.595 1.140
1066.000 0.652 1.178
1067.000 0.788 1.153
1068.000 0.955 1.164
1069.000 1.094 1.125
1070.000 1.142 1.019
1071.000 1.166 0.870
1072.000 1.160 0.726
1073.000 1.167 0.590
1074.000 1.169 0.443
1075.000 1.187 0.349
1076.000 1.119 0.314
1077.000 1.012 0.290
1078.000 0.986 0.171
1079.000 1.022 0.082
1080.000 0.928 0.042
1081.000 0.788 0.021
1082.000 0.646 0.034
1083.000 0.510 0.055
1084.000 0.388 0.116
1085.000 0.283 0.228
1086.000 0.207 0.333
1087.000 0.211 0.375
1088.000 0.125 0.433
1089.000 0.145 0.612
1090.000 0.175 0.769
1091.000 0.260 0.891
1092.000 0.332 1.008
1093.000 0.427 1.097
1094.000 0.549 1.170
1095.000 0.697 1.150
1096.000 0.880 1.155
1097.000 1.033 1.130
1098.000 1.139 1.009
1099.000 1.154 0.843
1100.000 1.154 0.670
1101.000 1.146 0.544
1102.000 1.086 0.378
1103.000 1.121 0.250
1104.000 1.045 0.105
1105.000 0.886 0.057
1106.000 0.716 0.080
1107.000 0.561 0.058
1108.000 0.441 0.121
1109.000 0.301 0.190
1110.000 0.219 0.311
1111.000 0.172 0.453
1112.000 0.050 0.578
1113.000 0.028 0.703
1114.000 0.042 0.862
1115.000 0.073 1.021
1116.000 0.183 1.122
1117.000 0.323 1.159
1118.000 0.488 1.156
1119.000 0.598 1.106
1120.000 0.655 0.997
1121.000 0.624 0.902
1122.000 0.621 1.088
1123.000 0.785 1.132
1124.000 0.938 1.092
1125.000 1.084 0.986
1126.000 1.157 0.823
1127.000 1.177 0.671
1128.000 1.184 0.568
1129.000 1.160 0.408
1130.000 1.181 0.295
1131.000 1.168 0.127
1132.000 1.105 0.082
1133.000 0.960 0.082
1134.000 0.806 0.064
1135.000 0.652 0.107
1136.000 0.475 0.100
1137.000 0.305 0.122
1138.000 0.162 0.118
1139.000 0.058 0.128
1140.000 0.043 0.292
1141.000 0.021 0.428
1142.000 0.015 0.508
1143.000 0.040 0.614
1144.000 0.014 0.765
1145.000 0.032 0.894
1146.000 0.056 1.012
1147.000 0.168 1.113
1148.000 0.330 1.168
1149.000 0.482 1.180
1150.000 0.526 1.161
1151.000 0.587 1.109
1152.000 0.727 1.080
1153.000 0.878 1.079
1154.000 1.041 1.048
1155.000 1.160 1.028
1156.000 1.172 0.894
1157.000 1.181 0.783
1158.000 1.188 0.687
1159.000 1.185 0.593
1160.000 1.196 0.467
1161.000 1.190 0.306
1162.000 1.168 0.134
1163.000 1.102 0.045
1164.000 0.979 0.034
1165.000 0.814 0.051
1166.000 0.676 0.060
1167.000 0.499 0.036
1168.000 0.343 0.043
1169.000 0.218 0.084
1170.000 0.130 0.203
1171.000 0.102 0.348
1172.000 0.074 0.494
1173.000 0.154 0.604
1174.000 0.299 0.581
1175.000 0.453 0.592
1176.000 0.565 0.485
1177.000 0.686 0.389
1178.000 0.791 0.368
1179.000 0.918 0.306
1180.000 0.913 0.142
1181.000 0.890 0.028
1182.000 0.742 0.017
1183.000 0.591 0.027
1184.000 0.410 0.031
1185.000 0.279 0.043
1186.000 0.189 0.091
1187.000 0.122 0.244
1188.000 0.064 0.408
1189.000 0.040 0.544
1190.000 0.056 0.709
1191.000 0.150 0.775
1192.000 0.260 0.740
1193.000 0.422 0.812
1194.000 0.622 0.833
1195.000 0.767 0.785
1196.000 0.943 0.684
1197.000 1.102 0.610
1198.000 1.173 0.471
1199.000 1.171 0.313
1200.000 1.181 0.185
1201.000 1.036 0.123
1202.000 0.871 0.054
1203.000 0.711 0.035
1204.000 0.533 0.028
1205.000 0.355 0.039
1206.000 0.211 0.062
1207.000 0.092 0.163
1208.000 0.051 0.324
1209.000 0.036 0.492
1210.000 0.037 0.656
1211.000 0.039 0.816
1212.000 0.052 0.967
1213.000 0.108 1.096
1214.000 0.251 1.157
1215.000 0.404 1.168
1216.000 0.529 1.180
1217.000 0.608 1.144
1218.000 0.614 1.026
1219.000 0.676 0.934
1220.000 0.810 0.901
1221.000 0.972 0.942
1222.000 1.145 0.942
1223.000 1.186 0.825
1224.000 1.176 0.708
1225.000 1.196 0.584
1226.000 1.183 0.462
1227.000 1.196 0.385
1228.000 1.183 0.286
1229.000 1.181 0.202
1230.000 1.166 0.140
1231.000 1.056 0.062
1232.000 0.927 0.033
1233.000 0.807 0.013
1234.000 0.664 0.016
1235.000 0.559 0.017
1236.000 0.450 0.015
1237.000 0.337 0.034
1238.000 0.197 0.029
1239.000 0.083 0.044
1240.000 0.024 0.160
1241.000 0.010 0.288
1242.000 0.032 0.382
1243.000 0.079 0.472
1244.000 0.044 0.659
1245.000 0.040 0.822
1246.000 0.036 0.959
1247.000 0.059 1.088
1248.000 0.095 1.157
1249.000 0.132 1.151
1250.000 0.113 1.143
1251.000 0.176 1.156
1252.000 0.189 1.150
1253.000 0.280 1.168
1254.000 0.324 1.164
1255.000 0.362 1.165
1256.000 0.448 1.174
1257.000 0.516 1.156
1258.000 0.617 1.181
1259.000 0.734 1.177
1260.000 0.805 1.165
1261.000 0.929 1.177
1262.000 1.014 1.170
1263.000 1.077 1.107
1264.000 1.168 1.068
1265.000 1.168 1.001
1266.000 1.179 0.897
1267.000 1.181 0.765
1268.000 1.179 0.620
1269.000 1.183 0.464
1270.000 1.197 0.349
1271.000 1.197 0.223
1272.000 1.185 0.087
1273.000 1.188 0.029
1274.000 1.112 0.021
1275.000 1.025 0.017
1276.000 0.951 0.059
1277.000 0.794 0.038
1278.000 0.647 0.024
1279.000 0.483 0.038
1280.000 0.328 0.032
1281.000 0.199 0.026
1282.000 0.089 0.038
1283.000 0.045 0.134
1284.000 0.046 0.265
1285.000 0.098 0.340
1286.000 0.157 0.353
1287.000 0.239 0.371
1288.000 0.263 0.261
1289.000 0.302 0.019
1290.000 0.376 0.018
1291.000 0.338 0.019
1292.000 0.276 0.030
1293.000 0.205 0.016
1294.000 0.150 0.018
1295.000 0.136 0.017
1296.000 0.137 0.019
1297.000 0.139 0.020
1298.000 0.141 0.019
1299.000 0.145 0.019
1300.000 0.148 0.020
1301.000 0.156 0.019
1302.000 0.164 0.022
1303.000 0.171 0.020
1304.000 0.178 0.020
1305.000 0.183 0.020
1306.000 0.185 0.020
1307.000 0.187 0.020
1308.000 0.193 0.021
1309.000 0.191 0.018
1310.000 0.195 0.017
1311.000 0.193 0.020
1312.000 0.194 0.021
1313.000 0.196 0.020
1314.000 0.199 0.019
1315.000 0.204 0.019
1316.000 0.206 0.020
1317.000 0.204 0.020
1318.000 0.205 0.020
1319.000 0.205 0.021
1320.000 0.205 0.022
1321.000 0.193 0.019
1322.000 0.195 0.021
1323.000 0.203 0.021
1324.000 0.201 0.022
1325.000 0.201 0.020
1326.000 0.204 0.020
1327.000 0.199 0.018
1328.000 0.199 0.020
1329.000 0.200 0.021
1330.000 0.200 0.021
1331.000 0.200 0.021
1332.000 0.199 0.022
1333.000 0.200 0.022
1334.000 0.200 0.022
1335.000 0.200 0.022
1336.000 0.199 0.022
1337.000 0.199 0.022
1338.000 0.199 0.022
1339.000 0.199 0.022
1340.000 0.198 0.023
1341.000 0.199 0.023
1342.000 0.198 0.023
1343.000 0.199 0.023
1344.000 0.199 0.023
1345.000 0.199 0.023
1346.000 0.198 0.023
1347.000 0.198 0.023
1348.000 0.199 0.022
1349.000 0.198 0.023
1350.000 0.198 0.023
1351.000 0.198 0.023
1352.000 0.199 0.022
1353.000 0.198 0.023
1354.000 0.198 0.023
1355.000 0.198 0.023
1356.000 0.198 0.023
1357.000 0.198 0.023
1358.000 0.198 0.023
1359.000 0.198 0.023
1360.000 0.198 0.023
1361.000 0.198 0.023
1362.000 0.199 0.023
1363.000 0.198 0.023
1364.000 0.198 0.023
1365.000 0.198 0.023
1366.000 0.198 0.023
1367.000 0.198 0.023
1368.000 0.198 0.023
1369.000 0.198 0.023
1370.000 0.198 0.023
1371.000 0.198 0.023
1372.000 0.198 0.023
1373.000 0.198 0.023
1374.000 0.198 0.023
1375.000 0.197 0.023
1376.000 0.198 0.023
1377.000 0.198 0.023
1378.000 0.198 0.023
1379.000 0.198 0.023
1380.000 0.197 0.023
1381.000 0.198 0.023
1382.000 0.198 0.023
1383.000 0.197 0.023
1384.000 0.197 0.023
1385.000 0.197 0.023
1386.000 0.198 0.023
1387.000 0.198 0.023
1388.000 0.198 0.023
1389.000 0.198 0.023
1390.000 0.197 0.023
1391.000 0.198 0.023
1392.000 0.197 0.023
1393.000 0.198 0.023
1394.000 0.198 0.023
1395.000 0.198 0.023
1396.000 0.198 0.023
1397.000 0.197 0.023
1398.000 0.198 0.023
1399.000 0.198 0.023
1400.000 0.198 0.023
1401.000 0.199 0.023
1402.000 0.199 0.023
1403.000 0.198 0.023
1404.000 0.198 0.023
1405.000 0.198 0.022
1406.000 0.198 0.023
1407.000 0.198 0.023
1408.000 0.198 0.023
1409.000 0.198 0.023
1410.000 0.198 0.023
1411.000 0.198 0.023
1412.000 0.199 0.023
1413.000 0.199 0.023
1414.000 0.198 0.022
1415.000 0.198 0.022
1416.000 0.198 0.022
1417.000 0.198 0.022
1418.000 0.198 0.023
1419.000 0.198 0.022
1420.000 0.198 0.022
1421.000 0.198 0.023
1422.000 0.198 0.024
1423.000 0.200 0.023
1424.000 0.199 0.022
1425.000 0.195 0.023
1426.000 0.186 0.021
1427.000 0.182 0.030
1428.000 0.169 0.037
1429.000 0.030 0.074
1430.000 0.047 0.104
1431.000 0.052 0.059
1432.000 0.075 0.037
1433.000 0.099 0.045
1434.000 0.157 0.040
1435.000 0.226 0.042
1436.000 0.213 0.022
1437.000 0.166 0.039
1438.000 0.122 0.042
1439.000 0.080 0.057
1440.000 0.056 0.106
1441.000 0.039 0.287
1442.000 0.019 0.407
1443.000 0.041 0.503
1444.000 0.035 0.372
1445.000 0.041 0.239
1446.000 0.043 0.143
1447.000 0.070 0.074
1448.000 0.090 0.036
1449.000 0.039 0.061
1450.000 0.081 0.038
1451.000 0.117 0.029
1452.000 0.135 0.036
1453.000 0.151 0.034
1454.000 0.184 0.041
1455.000 0.224 0.035
1456.000 0.260 0.053
1457.000 0.301 0.044
1458.000 0.359 0.045
1459.000 0.416 0.021
1460.000 0.484 0.025
1461.000 0.546 0.024
1462.000 0.629 0.032
1463.000 0.699 0.016
1464.000 0.780 0.042
1465.000 0.846 0.054
1466.000 0.944 0.066
1467.000 1.064 0.063
1468.000 1.164 0.062
1469.000 1.164 0.160
1470.000 1.188 0.234
1471.000 1.187 0.309
1472.000 1.177 0.378
1473.000 1.107 0.336
1474.000 1.062 0.238
1475.000 1.010 0.125
1476.000 0.936 0.045
1477.000 0.802 0.032
1478.000 0.731 0.018
1479.000 0.685 0.011
1480.000 0.669 0.011
1481.000 0.658 0.012
1482.000 0.656 0.013
1483.000 0.649 0.013
1484.000 0.649 0.011
1485.000 0.650 0.011
1486.000 0.648 0.009
1487.000 0.650 0.011
1488.000 0.652 0.010
1489.000 0.659 0.009
1490.000 0.671 0.009
1491.000 0.679 0.008
1492.000 0.686 0.011
1493.000 0.688 0.016
1494.000 0.683 0.015
1495.000 0.684 0.030
1496.000 0.649 0.030
1497.000 0.588 0.023
1498.000 0.524 0.031
1499.000 0.486 0.018
1500.000 0.436 0.023
1501.000 0.354 0.024
1502.000 0.323 0.015
1503.000 0.348 0.030
1504.000 0.369 0.029
1505.000 0.379 0.036
1506.000 0.412 0.033
1507.000 0.423 0.061
1508.000 0.280 0.062
1509.000 0.169 0.034
1510.000 0.097 0.028
1511.000 0.039 0.031
1512.000 0.024 0.112
1513.000 0.028 0.198
1514.000 0.019 0.296
1515.000 0.025 0.386
1516.000 0.020 0.472
1517.000 0.024 0.554
1518.000 0.030 0.601
1519.000 0.035 0.680
1520.000 0.023 0.790
1521.000 0.026 0.903
1522.000 0.030 1.014
1523.000 0.048 1.137
1524.000 0.166 1.160
1525.000 0.295 1.172
1526.000 0.426 1.180
1527.000 0.556 1.171
1528.000 0.713 1.179
1529.000 0.838 1.174
1530.000 0.982 1.174
1531.000 1.105 1.162
1532.000 1.170 1.061
1533.000 1.177 0.934
1534.000 1.183 0.818
1535.000 1.172 0.723
1536.000 1.170 0.597
1537.000 1.176 0.508
1538.000 1.187 0.380
1539.000 1.185 0.271
1540.000 1.179 0.165
1541.000 1.158 0.065
1542.000 1.059 0.030
1543.000 1.153 0.246
1544.000 1.182 0.371
1545.000 1.185 0.430
1546.000 1.187 0.460
1547.000 1.189 0.491
1548.000 1.192 0.522
1549.000 1.196 0.564
1550.000 1.196 0.575
1551.000 1.193 0.579
1552.000 1.191 0.583
1553.000 1.193 0.585
1554.000 1.192 0.586
1555.000 1.191 0.587
1556.000 1.191 0.587
1557.000 1.191 0.587
1558.000 1.191 0.587
1559.000 1.191 0.587
1560.000 1.191 0.588
1561.000 1.191 0.588
1562.000 1.191 0.588
1563.000 1.191 0.588
1564.000 1.191 0.587
1565.000 1.191 0.588
1566.000 1.191 0.587
1567.000 1.191 0.587
1568.000 1.191 0.587
1569.000 1.191 0.588
1570.000 1.191 0.588
1571.000 1.191 0.588
1572.000 1.191 0.588
1573.000 1.191 0.587
1574.000 1.191 0.587
1575.000 1.191 0.588
1576.000 1.191 0.587
1577.000 1.191 0.588
1578.000 1.191 0.588
1579.000 1.191 0.588
1580.000 1.191 0.588
1581.000 1.191 0.588
1582.000 1.191 0.588
1583.000 1.191 0.587
1584.000 1.191 0.588
1585.000 1.191 0.588
1586.000 1.191 0.588
1587.000 1.191 0.588
1588.000 1.191 0.588
1589.000 1.191 0.588
1590.000 1.191 0.588
1591.000 1.191 0.588
1592.000 1.191 0.588
1593.000 1.191 0.588
1594.000 1.191 0.588
1595.000 1.191 0.588
1596.000 1.191 0.588
1597.000 1.191 0.588
1598.000 1.191 0.587
1599.000 1.191 0.588
1600.000 1.191 0.587
1601.000 1.191 0.588
1602.000 1.191 0.587
1603.000 1.191 0.588
1604.000 1.191 0.587
1605.000 1.191 0.587
1606.000 1.191 0.587
1607.000 1.191 0.588
1608.000 1.191 0.587
1609.000 1.191 0.587
1610.000 1.191 0.587
1611.000 1.191 0.588
1612.000 1.191 0.587
1613.000 1.191 0.588
1614.000 1.191 0.588
1615.000 1.191 0.587
1616.000 1.191 0.587
1617.000 1.191 0.588
1618.000 1.191 0.587
1619.000 1.191 0.587
1620.000 1.191 0.588
1621.000 1.191 0.587
1622.000 1.191 0.587
1623.000 1.191 0.587
1624.000 1.191 0.587
1625.000 1.191 0.588
1626.000 1.191 0.588
1627.000 1.191 0.587
1628.000 1.191 0.587
1629.000 1.191 0.588
1630.000 1.191 0.587
1631.000 1.191 0.588
1632.000 1.191 0.587
1633.000 1.191 0.588
1634.000 1.191 0.587
1635.000 1.191 0.587
1636.000 1.191 0.587
1637.000 1.191 0.587
1638.000 1.191 0.588
1639.000 1.191 0.588
1640.000 1.191 0.587
1641.000 1.191 0.588
1642.000 1.191 0.588
1643.000 1.191 0.587
1644.000 1.191 0.588
1645.000 1.191 0.588
1646.000 1.191 0.588
1647.000 1.191 0.588
1648.000 1.191 0.588
1649.000 1.191 0.587
1650.000 1.191 0.588
1651.000 1.191 0.588
1652.000 1.191 0.588
1653.000 1.191 0.588
1654.000 1.191 0.588
1655.000 1.191 0.587
1656.000 1.191 0.588
1657.000 1.191 0.588
1658.000 1.191 0.588
1659.000 1.191 0.587
1660.000 1.191 0.587
1661.000 1.191 0.587
1662.000 1.191 0.587
1663.000 1.191 0.587
1664.000 1.191 0.587
1665.000 1.191 0.588
1666.000 1.191 0.588
1667.000 1.191 0.588
1668.000 1.191 0.587
1669.000 1.191 0.587
1670.000 1.191 0.587
1671.000 1.191 0.588
1672.000 1.191 0.588
1673.000 1.191 0.588
1674.000 1.191 0.588
1675.000 1.191 0.588
1676.000 1.191 0.587
1677.000 1.191 0.587
1678.000 1.191 0.587
1679.000 1.191 0.587
1680.000 1.191 0.587
1681.000 1.191 0.588
1682.000 1.191 0.588
1683.000 1.191 0.587
1684.000 1.191 0.587
1685.000 1.191 0.588
1686.000 1.191 0.587
1687.000 1.191 0.588
1688.000 1.191 0.588
1689.000 1.191 0.587
1690.000 1.191 0.588
1691.000 1.191 0.587
1692.000 1.191 0.588
1693.000 1.190 0.588
1694.000 1.191 0.588
1695.000 1.191 0.588
1696.000 1.191 0.588
1697.000 1.191 0.588
1698.000 1.191 0.588
1699.000 1.190 0.588
1700.000 1.190 0.589
1701.000 1.190 0.588
1702.000 1.191 0.587
1703.000 1.191 0.587
1704.000 1.191 0.588
1705.000 1.191 0.588
1706.000 1.190 0.589
1707.000 1.190 0.588
1708.000 1.191 0.588
1709.000 1.191 0.588
1710.000 1.191 0.588
1711.000 1.191 0.588
1712.000 1.191 0.586
1713.000 1.191 0.586
1714.000 1.191 0.587
1715.000 1.190 0.587
1716.000 1.191 0.587
1717.000 1.190 0.587
1718.000 1.190 0.587
1719.000 1.190 0.587
1720.000 1.191 0.587
1721.000 1.191 0.586
1722.000 1.190 0.587
1723.000 1.190 0.587
1724.000 1.190 0.588
1725.000 1.190 0.587
1726.000 1.190 0.587
1727.000 1.191 0.586
1728.000 1.190 0.587
1729.000 1.190 0.587
1730.000 1.190 0.587
1731.000 1.190 0.587
1732.000 1.191 0.586
1733.000 1.191 0.587
1734.000 1.190 0.587
1735.000 1.190 0.587
1736.000 1.190 0.587
1737.000 1.190 0.587
1738.000 1.190 0.587
1739.000 1.190 0.587
1740.000 1.190 0.587
1741.000 1.190 0.587
1742.000 1.190 0.587
1743.000 1.190 0.587
1744.000 1.190 0.587
1745.000 1.190 0.587
1746.000 1.190 0.587
1747.000 1.190 0.587
1748.000 1.190 0.588
1749.000 1.190 0.587
1750.000 1.190 0.588
1751.000 1.190 0.588
1752.000 1.190 0.587
1753.000 1.190 0.587
1754.000 1.190 0.587
1755.000 1.190 0.587
1756.000 1.190 0.588
1757.000 1.190 0.588
1758.000 1.190 0.587
1759.000 1.190 0.587
1760.000 1.189 0.588
1761.000 1.189 0.588
1762.000 1.190 0.588
1763.000 1.189 0.588
1764.000 1.190 0.588
1765.000 1.189 0.588
1766.000 1.189 0.588
1767.000 1.189 0.588
1768.000 1.190 0.588
1769.000 1.189 0.588
1770.000 1.190 0.588
1771.000 1.190 0.586
1772.000 1.189 0.587
1773.000 1.189 0.588
1774.000 1.193 0.584
1775.000 1.192 0.582
1776.000 1.189 0.581
1777.000 1.188 0.582
1778.000 1.191 0.584
1779.000 1.189 0.585
1780.000 1.189 0.586
1781.000 1.188 0.587
1782.000 1.192 0.582
1783.000 1.189 0.578
1784.000 1.185 0.576
1785.000 1.183 0.578
1786.000 1.183 0.582
1787.000 1.186 0.584
1788.000 1.189 0.589
1789.000 1.186 0.597
1790.000 1.186 0.597
1791.000 1.186 0.597
1792.000 1.186 0.597
1793.000 1.186 0.597
1794.000 1.186 0.597
1795.000 1.186 0.597
1796.000 1.187 0.599
1797.000 1.189 0.596
1798.000 1.186 0.596
1799.000 1.183 0.597
1800.000 1.179 0.595
1801.000 1.171 0.607
1802.000 1.179 0.625
1803.000 1.163 0.749
1804.000 1.172 0.856
1805.000 1.174 0.977
1806.000 1.174 1.030
1807.000 1.129 1.136
1808.000 1.034 1.122
1809.000 1.045 1.165
1810.000 1.078 1.163
1811.000 1.062 1.154
1812.000 0.994 1.167
1813.000 0.943 1.164
1814.000 0.890 1.168
1815.000 0.822 1.170
1816.000 0.720 1.181
1817.000 0.662 1.175
1818.000 0.587 1.174
1819.000 0.521 1.179
1820.000 0.471 1.179
1821.000 0.425 1.176
1822.000 0.376 1.175
1823.000 0.314 1.174
1824.000 0.268 1.176
1825.000 0.220 1.170
1826.000 0.172 1.162
1827.000 0.118 1.160
1828.000 0.157 1.157
1829.000 0.190 1.163
1830.000 0.211 1.161
1831.000 0.235 1.169
1832.000 0.273 1.167
1833.000 0.295 1.169
1834.000 0.327 1.167
1835.000 0.286 1.139
1836.000 0.127 1.128
1837.000 0.043 1.147
1838.000 0.035 1.107
1839.000 0.034 1.067
1840.000 0.030 1.031
1841.000 0.029 0.994
1842.000 0.024 0.963
1843.000 0.028 0.939
1844.000 0.030 0.892
1845.000 0.030 0.839
1846.000 0.034 0.791
1847.000 0.029 0.748
1848.000 0.027 0.702
1849.000 0.039 0.774
1850.000 0.034 0.975
1851.000 0.038 1.089
1852.000 0.049 1.147
1853.000 0.084 1.156
1854.000 0.093 1.158
1855.000 0.090 1.158
1856.000 0.082 1.163
1857.000 0.077 1.162
1858.000 0.074 1.162
1859.000 0.072 1.161
1860.000 0.066 1.162
1861.000 0.060 1.160
1862.000 0.057 1.160
1863.000 0.057 1.158
1864.000 0.056 1.155
1865.000 0.058 1.151
1866.000 0.057 1.154
1867.000 0.059 1.155
1868.000 0.058 1.147
1869.000 0.049 1.133
1870.000 0.044 1.129
1871.000 0.043 1.123
1872.000 0.038 1.118
1873.000 0.037 1.112
1874.000 0.034 1.104
1875.000 0.034 1.107
1876.000 0.035 1.109
1877.000 0.034 1.114
1878.000 0.033 1.118
1879.000 0.034 1.121
1880.000 0.032 1.120
1881.000 0.035 1.133
1882.000 0.039 1.138
1883.000 0.040 1.141
1884.000 0.036 1.132
1885.000 0.033 1.134
1886.000 0.030 1.127
1887.000 0.032 1.130
1888.000 0.028 1.134
1889.000 0.027 1.142
1890.000 0.031 1.142
1891.000 0.044 1.152
1892.000 0.057 1.137
1893.000 0.043 1.106
1894.000 0.030 1.073
1895.000 0.025 1.048
1896.000 0.027 1.020
1897.000 0.024 0.995
1898.000 0.024 0.962
1899.000 0.024 0.961
1900.000 0.034 1.003
1901.000 0.036 1.061
1902.000 0.041 1.117
1903.000 0.067 1.152
1904.000 0.086 1.143
1905.000 0.057 1.082
1906.000 0.041 1.038
1907.000 0.034 0.977
1908.000 0.031 0.956
1909.000 0.028 0.937
1910.000 0.025 0.928
1911.000 0.028 0.908
1912.000 0.025 0.887
1913.000 0.023 0.860
1914.000 0.026 0.827
1915.000 0.023 0.779
1916.000 0.020 0.704
1917.000 0.021 0.632
1918.000 0.014 0.533
1919.000 0.029 0.455
1920.000 0.031 0.370
1921.000 0.025 0.281
1922.000 0.021 0.212
1923.000 0.044 0.155
1924.000 0.070 0.090
1925.000 0.137 0.031
1926.000 0.200 0.028
1927.000 0.235 0.031
1928.000 0.288 0.028
1929.000 0.345 0.021
1930.000 0.391 0.013
1931.000 0.456 0.020
1932.000 0.535 0.020
1933.000 0.645 0.023
1934.000 0.736 0.020
1935.000 0.805 0.047
1936.000 0.885 0.027
1937.000 0.954 0.035
1938.000 1.051 0.025
1939.000 1.147 0.054
1940.000 1.183 0.092
1941.000 1.179 0.156
1942.000 1.185 0.212
1943.000 1.188 0.278
1944.000 1.184 0.347
1945.000 1.177 0.427
1946.000 1.158 0.324
1947.000 1.134 0.200
1948.000 1.190 0.101
1949.000 1.164 0.034
1950.000 1.099 0.025
1951.000 1.082 0.028
1952.000 1.074 0.027
1953.000 1.070 0.026
1954.000 1.049 0.026
1955.000 1.007 0.027
1956.000 0.956 0.026
1957.000 0.880 0.027
1958.000 0.773 0.015
1959.000 0.698 0.010
1960.000 0.638 0.020
1961.000 0.556 0.022
1962.000 0.473 0.020
1963.000 0.396 0.014
1964.000 0.366 0.017
1965.000 0.287 0.030
1966.000 0.209 0.025
1967.000 0.143 0.024
1968.000 0.103 0.027
1969.000 0.057 0.035
1970.000 0.034 0.094
1971.000 0.041 0.137
1972.000 0.018 0.135
1973.000 0.045 0.070
1974.000 0.047 0.038
1975.000 0.034 0.076
1976.000 0.031 0.124
1977.000 0.024 0.191
1978.000 0.021 0.257
1979.000 0.015 0.319
1980.000 0.024 0.377
1981.000 0.015 0.448
1982.000 0.014 0.513
1983.000 0.022 0.585
1984.000 0.022 0.672
1985.000 0.018 0.763
1986.000 0.022 0.839
1987.000 0.021 0.914
1988.000 0.029 1.003
1989.000 0.050 1.070
1990.000 0.084 1.072
1991.000 0.048 0.975
1992.000 0.027 0.886
1993.000 0.026 0.785
1994.000 0.025 0.746
1995.000 0.012 0.661
1996.000 0.035 0.586
1997.000 0.040 0.498
1998.000 0.032 0.396
1999.000 0.032 0.340
2000.000 0.019 0.248
2001.000 0.023 0.181
2002.000 0.031 0.113
2003.000 0.057 0.053
2004.000 0.105 0.027
2005.000 0.165 0.032
2006.000 0.208 0.031
2007.000 0.240 0.027
2008.000 0.230 0.035
2009.000 0.229 0.049
2010.000 0.306 0.026
2011.000 0.390 0.028
2012.000 0.449 0.021
2013.000 0.531 0.022
2014.000 0.600 0.016
2015.000 0.670 0.019
2016.000 0.727 0.029
2017.000 0.806 0.026
2018.000 0.859 0.017
2019.000 0.917 0.025
2020.000 0.787 0.034
2021.000 0.669 0.015
2022.000 0.602 0.023
2023.000 0.534 0.020
2024.000 0.454 0.023
2025.000 0.390 0.019
2026.000 0.342 0.014
2027.000 0.302 0.017
2028.000 0.274 0.017
2029.000 0.264 0.018
2030.000 0.314 0.010
2031.000 0.277 0.054
2032.000 0.180 0.064
2033.000 0.090 0.031
2034.000 0.098 0.036
2035.000 0.045 0.090
2036.000 0.020 0.173
2037.000 0.014 0.255
2038.000 0.007 0.328
2039.000 0.007 0.398
2040.000 0.010 0.446
2041.000 0.004 0.478
2042.000 0.040 0.500
2043.000 0.028 0.627
2044.000 0.012 0.740
2045.000 0.014 0.828
2046.000 0.016 0.922
2047.000 0.028 1.024
2048.000 0.065 1.127
2049.000 0.134 1.159
2050.000 0.247 1.162
2051.000 0.360 1.174
2052.000 0.469 1.174
2053.000 0.581 1.175
2054.000 0.633 1.181
2055.000 0.718 1.180
2056.000 0.793 1.170
2057.000 0.892 1.181
2058.000 1.002 1.180
2059.000 1.106 1.176
2060.000 1.154 1.104
2061.000 1.153 1.036
2062.000 1.156 0.960
2063.000 1.171 0.904
2064.000 1.184 0.821
2065.000 1.162 0.723
2066.000 1.136 0.526
2067.000 1.188 0.402
2068.000 1.175 0.280
2069.000 1.187 0.170
2070.000 1.139 0.079
2071.000 1.110 0.178
2072.000 1.172 0.330
2073.000 1.182 0.452
2074.000 1.177 0.548
2075.000 1.177 0.640
2076.000 1.168 0.742
2077.000 1.154 0.824
2078.000 1.167 0.910
2079.000 1.181 0.961
2080.000 1.170 1.023
2081.000 1.161 1.081
2082.000 1.144 1.155
2083.000 1.104 1.183
2084.000 1.096 1.179
2085.000 1.086 1.168
2086.000 1.059 1.167
2087.000 1.040 1.176
2088.000 1.035 1.179
2089.000 1.027 1.181
2090.000 1.035 1.185
2091.000 1.040 1.184
2092.000 1.045 1.183
2093.000 1.048 1.181
2094.000 1.054 1.182
2095.000 1.053 1.184
2096.000 1.049 1.181
2097.000 1.055 1.184
2098.000 1.047 1.181
2099.000 1.062 1.185
2100.000 1.062 1.181
2101.000 1.063 1.183
2102.000 1.061 1.181
2103.000 1.070 1.181
2104.000 1.078 1.181
2105.000 1.074 1.176
2106.000 1.066 1.174
2107.000 1.055 1.174
2108.000 1.040 1.172
2109.000 1.009 1.172
2110.000 0.970 1.175
2111.000 0.960 1.186
2112.000 1.042 1.172
2113.000 1.104 1.166
2114.000 1.144 1.134
2115.000 1.153 1.085
2116.000 1.126 1.090
2117.000 1.083 1.155
2118.000 1.035 1.175
2119.000 1.018 1.176
2120.000 1.014 1.180
2121.000 1.011 1.179
2122.000 1.019 1.183
2123.000 1.024 1.185
2124.000 1.026 1.185
2125.000 1.015 1.179
2126.000 1.027 1.185
2127.000 1.028 1.183
2128.000 1.026 1.183
2129.000 1.017 1.184
2130.000 1.004 1.190
2131.000 1.154 1.114
2132.000 1.148 1.133
2133.000 1.118 1.166
2134.000 1.112 1.174
2135.000 1.114 1.175
2136.000 1.113 1.177
2137.000 1.113 1.177
2138.000 1.113 1.176
2139.000 1.113 1.176
2140.000 1.113 1.176
2141.000 1.113 1.176
2142.000 1.113 1.176
2143.000 1.113 1.176
2144.000 1.113 1.176
2145.000 1.113 1.176
2146.000 1.113 1.176
2147.000 1.113 1.176
2148.000 1.113 1.176
2149.000 1.113 1.176
2150.000 1.113 1.176
2151.000 1.112 1.176
2152.000 1.113 1.176
2153.000 1.113 1.176
2154.000 1.113 1.176
2155.000 1.113 1.176
2156.000 1.113 1.176
2157.000 1.112 1.176
2158.000 1.113 1.176
2159.000 1.113 1.176
2160.000 1.113 1.176
2161.000 1.112 1.176
2162.000 1.113 1.176
2163.000 1.113 1.176
2164.000 1.113 1.176
2165.000 1.113 1.176
2166.000 1.113 1.176
2167.000 1.112 1.176
2168.000 1.112 1.175
2169.000 1.113 1.176
2170.000 1.113 1.176
2171.000 1.113 1.176
2172.000 1.113 1.176
2173.000 1.113 1.175
2174.000 1.112 1.175
2175.000 1.113 1.176
2176.000 1.112 1.175
2177.000 1.113 1.176
2178.000 1.113 1.176
2179.000 1.113 1.176
2180.000 1.112 1.176
2181.000 1.113 1.175
2182.000 1.113 1.176
2183.000 1.113 1.176
2184.000 1.113 1.175
2185.000 1.113 1.175
2186.000 1.113 1.176
2187.000 1.113 1.176
2188.000 1.113 1.175
2189.000 1.113 1.176
2190.000 1.113 1.176
2191.000 1.113 1.176
2192.000 1.113 1.175
2193.000 1.113 1.175
2194.000 1.113 1.175
2195.000 1.113 1.175
2196.000 1.113 1.176
2197.000 1.113 1.176
2198.000 1.113 1.176
2199.000 1.113 1.176
2200.000 1.113 1.175
2201.000 1.112 1.175
2202.000 1.113 1.176
2203.000 1.113 1.176
2204.000 1.113 1.176
2205.000 1.113 1.176
2206.000 1.113 1.176
2207.000 1.113 1.176
2208.000 1.113 1.176
2209.000 1.113 1.176
2210.000 1.113 1.176
2211.000 1.113 1.176
2212.000 1.113 1.176
2213.000 1.113 1.176
2214.000 1.113 1.176
2215.000 1.113 1.176
2216.000 1.113 1.176
2217.000 1.112 1.175
2218.000 1.113 1.176
2219.000 1.113 1.176
2220.000 1.113 1.176
2221.000 1.112 1.176
2222.000 1.113 1.176
2223.000 1.113 1.176
2224.000 1.113 1.176
2225.000 1.113 1.176
2226.000 1.113 1.176
2227.000 1.113 1.176
2228.000 1.113 1.176
2229.000 1.113 1.176
2230.000 1.113 1.176
2231.000 1.113 1.176
2232.000 1.112 1.176
2233.000 1.113 1.176
2234.000 1.113 1.176
2235.000 1.113 1.176
2236.000 1.113 1.176
2237.000 1.113 1.176
2238.000 1.112 1.175
2239.000 1.112 1.175
2240.000 1.113 1.176
2241.000 1.113 1.176
2242.000 1.113 1.176
2243.000 1.113 1.175
2244.000 1.113 1.175
2245.000 1.113 1.176
2246.000 1.113 1.175
2247.000 1.113 1.175
2248.000 1.113 1.176
2249.000 1.112 1.175
2250.000 1.113 1.175
2251.000 1.113 1.176
2252.000 1.113 1.175
2253.000 1.113 1.175
2254.000 1.112 1.175
2255.000 1.113 1.175
2256.000 1.113 1.175
2257.000 1.113 1.175
2258.000 1.113 1.175
2259.000 1.113 1.175
2260.000 1.112 1.175
2261.000 1.113 1.175
2262.000 1.113 1.175
2263.000 1.113 1.175
2264.000 1.113 1.175
2265.000 1.113 1.175
2266.000 1.113 1.175
2267.000 1.112 1.175
2268.000 1.113 1.175
2269.000 1.112 1.175
2270.000 1.113 1.175
2271.000 1.113 1.175
2272.000 1.113 1.175
2273.000 1.113 1.175
2274.000 1.113 1.175
2275.000 1.113 1.175
2276.000 1.113 1.175
2277.000 1.113 1.175
2278.000 1.113 1.175
2279.000 1.113 1.175
2280.000 1.113 1.175
2281.000 1.113 1.175
2282.000 1.113 1.175
2283.000 1.113 1.175
2284.000 1.113 1.175
2285.000 1.112 1.175
2286.000 1.113 1.175
2287.000 1.113 1.175
2288.000 1.113 1.175
2289.000 1.112 1.175
2290.000 1.113 1.175
2291.000 1.113 1.175
2292.000 1.113 1.175
2293.000 1.113 1.175
2294.000 1.113 1.175
2295.000 1.113 1.175
2296.000 1.113 1.175
2297.000 1.112 1.175
2298.000 1.113 1.175
2299.000 1.113 1.175
2300.000 1.112 1.175
2301.000 1.113 1.175
2302.000 1.112 1.175
2303.000 1.113 1.175
2304.000 1.113 1.175
2305.000 1.113 1.175
2306.000 1.113 1.175
2307.000 1.113 1.175
2308.000 1.113 1.175
2309.000 1.112 1.175
2310.000 1.113 1.175
2311.000 1.113 1.175
2312.000 1.113 1.175
2313.000 1.112 1.175
2314.000 1.112 1.175
2315.000 1.113 1.175
2316.000 1.113 1.175
2317.000 1.112 1.175
2318.000 1.113 1.175
2319.000 1.113 1.175
2320.000 1.113 1.175
2321.000 1.113 1.175
2322.000 1.112 1.175
2323.000 1.113 1.175
2324.000 1.113 1.175
2325.000 1.113 1.175
2326.000 1.113 1.175
2327.000 1.113 1.175
2328.000 1.113 1.175
2329.000 1.113 1.175
2330.000 1.113 1.175
2331.000 1.113 1.175
2332.000 1.113 1.175
2333.000 1.113 1.175
2334.000 1.113 1.175
2335.000 1.113 1.175
2336.000 1.113 1.175
2337.000 1.113 1.175
2338.000 1.113 1.175
2339.000 1.112 1.175
2340.000 1.113 1.175
2341.000 1.113 1.176
2342.000 1.113 1.176
2343.000 1.113 1.175
2344.000 1.113 1.176
2345.000 1.113 1.175
2346.000 1.113 1.176
2347.000 1.113 1.175
2348.000 1.113 1.175
2349.000 1.113 1.175
2350.000 1.113 1.175
2351.000 1.113 1.176
2352.000 1.113 1.175
2353.000 1.112 1.176
2354.000 1.113 1.176
2355.000 1.113 1.176
2356.000 1.113 1.175
2357.000 1.113 1.176
2358.000 1.113 1.175
2359.000 1.113 1.176
2360.000 1.113 1.176
2361.000 1.113 1.176
2362.000 1.113 1.176
2363.000 1.113 1.176
2364.000 1.113 1.176
2365.000 1.113 1.176
2366.000 1.113 1.176
2367.000 1.113 1.176
2368.000 1.113 1.175
2369.000 1.113 1.176
2370.000 1.113 1.176
2371.000 1.113 1.176
2372.000 1.113 1.176
2373.000 1.113 1.176
2374.000 1.113 1.176
2375.000 1.113 1.176
2376.000 1.113 1.176
2377.000 1.113 1.176
2378.000 1.113 1.176
2379.000 1.113 1.176
2380.000 1.113 1.176
2381.000 1.113 1.176
2382.000 1.113 1.175
2383.000 1.113 1.176
2384.000 1.113 1.176
2385.000 1.113 1.176
2386.000 1.113 1.176
2387.000 1.113 1.176
2388.000 1.113 1.176
2389.000 1.113 1.176
2390.000 1.113 1.176
2391.000 1.112 1.176
2392.000 1.113 1.176
2393.000 1.112 1.176
2394.000 1.112 1.176
2395.000 1.113 1.176
2396.000 1.112 1.176
2397.000 1.113 1.176
2398.000 1.112 1.176
2399.000 1.112 1.176
2400.000 1.112 1.176
2401.000 1.113 1.176
2402.000 1.113 1.176
2403.000 1.112 1.176
2404.000 1.112 1.176
2405.000 1.112 1.176
2406.000 1.112 1.176
2407.000 1.112 1.176
2408.000 1.112 1.176
2409.000 1.112 1.176
2410.000 1.112 1.176
2411.000 1.112 1.176
2412.000 1.112 1.176
2413.000 1.112 1.176
2414.000 1.116 1.175
2415.000 1.117 1.177
2416.000 1.114 1.176
2417.000 1.113 1.175
2418.000 1.116 1.177
2419.000 1.116 1.177
2420.000 1.115 1.178
2421.000 1.116 1.173
2422.000 1.119 1.176
2423.000 1.135 1.185
2424.000 1.165 1.156
2425.000 1.165 1.130
2426.000 1.162 1.105
2427.000 1.164 1.126
2428.000 1.142 1.166
2429.000 1.118 1.169
2430.000 1.125 1.175
2431.000 1.123 1.176
2432.000 1.123 1.177
2433.000 1.122 1.176
2434.000 1.114 1.174
2435.000 1.123 1.176
2436.000 1.123 1.175
2437.000 1.121 1.176
2438.000 1.121 1.176
2439.000 1.121 1.176
2440.000 1.122 1.176
2441.000 1.122 1.176
2442.000 1.122 1.175
2443.000 1.122 1.176
2444.000 1.122 1.176
2445.000 1.122 1.176
2446.000 1.125 1.175
2447.000 1.126 1.177
2448.000 1.120 1.177
2449.000 1.110 1.176
2450.000 1.113 1.182
2451.000 1.102 1.186
2452.000 1.174 1.105
2453.000 1.166 1.029
2454.000 1.152 1.072
2455.000 1.086 1.177
2456.000 1.067 1.179
2457.000 1.064 1.180
2458.000 1.062 1.180
2459.000 1.063 1.181
2460.000 1.062 1.180
2461.000 1.063 1.179
2462.000 1.064 1.180
2463.000 1.066 1.180
2464.000 1.061 1.183
2465.000 1.064 1.184
2466.000 1.066 1.183
2467.000 1.064 1.182
2468.000 1.093 1.175
2469.000 1.140 1.137
2470.000 1.146 1.141
2471.000 1.120 1.170
2472.000 1.110 1.172
2473.000 1.113 1.174
2474.000 1.114 1.175
2475.000 1.114 1.176
2476.000 1.112 1.176
2477.000 1.113 1.177
2478.000 1.115 1.178
2479.000 1.118 1.177
2480.000 1.119 1.177
2481.000 1.119 1.175
2482.000 1.118 1.175
2483.000 1.118 1.175
2484.000 1.119 1.176
2485.000 1.121 1.177
2486.000 1.122 1.176
2487.000 1.121 1.176
2488.000 1.123 1.176
2489.000 1.126 1.177
2490.000 1.126 1.175
2491.000 1.128 1.175
2492.000 1.129 1.175
2493.000 1.129 1.174
2494.000 1.129 1.176
2495.000 1.129 1.176
2496.000 1.128 1.175
2497.000 1.130 1.176
2498.000 1.130 1.175
2499.000 1.131 1.175
2500.000 1.130 1.175
2501.000 1.130 1.176
2502.000 1.133 1.176
2503.000 1.132 1.176
2504.000 1.132 1.175
2505.000 1.132 1.175
2506.000 1.133 1.174
2507.000 1.133 1.173
2508.000 1.132 1.173
2509.000 1.132 1.173
2510.000 1.133 1.174
2511.000 1.132 1.174
2512.000 1.132 1.173
2513.000 1.132 1.173
2514.000 1.132 1.173
2515.000 1.132 1.173
2516.000 1.132 1.173
2517.000 1.132 1.173
2518.000 1.132 1.173
2519.000 1.133 1.174
2520.000 1.134 1.175
2521.000 1.124 1.172
2522.000 1.133 1.175
2523.000 1.133 1.174
2524.000 1.133 1.175
2525.000 1.133 1.174
2526.000 1.132 1.174
2527.000 1.132 1.175
2528.000 1.132 1.175
2529.000 1.131 1.174
2530.000 1.132 1.175
2531.000 1.132 1.175
2532.000 1.131 1.175
2533.000 1.131 1.175
2534.000 1.129 1.174
2535.000 1.131 1.175
2536.000 1.130 1.176
2537.000 1.130 1.176
2538.000 1.130 1.176
2539.000 1.130 1.176
2540.000 1.129 1.176
2541.000 1.130 1.176
2542.000 1.129 1.176
2543.000 1.129 1.176
2544.000 1.129 1.176
2545.000 1.130 1.176
2546.000 1.129 1.175
2547.000 1.129 1.175
2548.000 1.129 1.176
2549.000 1.130 1.176
2550.000 1.130 1.175
2551.000 1.130 1.175
2552.000 1.133 1.176
2553.000 1.134 1.177
2554.000 1.134 1.176
2555.000 1.134 1.176
2556.000 1.135 1.176
2557.000 1.135 1.175
2558.000 1.135 1.175
2559.000 1.134 1.175
2560.000 1.135 1.175
2561.000 1.135 1.175
2562.000 1.135 1.175
2563.000 1.135 1.175
2564.000 1.134 1.175
2565.000 1.134 1.175
2566.000 1.135 1.175
2567.000 1.128 1.174
2568.000 1.135 1.175
2569.000 1.136 1.176
2570.000 1.136 1.175
2571.000 1.135 1.175
2572.000 1.135 1.175
2573.000 1.135 1.175
2574.000 1.135 1.175
2575.000 1.135 1.175
2576.000 1.135 1.175
2577.000 1.136 1.176
2578.000 1.137 1.176
2579.000 1.137 1.173
2580.000 1.136 1.172
2581.000 1.133 1.173
2582.000 1.132 1.175
2583.000 1.130 1.175
2584.000 1.130 1.176
2585.000 1.129 1.174
2586.000 1.128 1.174
2587.000 1.127 1.174
2588.000 1.127 1.174
2589.000 1.127 1.174
2590.000 1.127 1.174
2591.000 1.127 1.174
2592.000 1.127 1.174
2593.000 1.128 1.174
2594.000 1.128 1.174
2595.000 1.129 1.175
2596.000 1.129 1.174
2597.000 1.128 1.174
2598.000 1.127 1.174
2599.000 1.128 1.174
2600.000 1.128 1.173
2601.000 1.127 1.173
2602.000 1.127 1.173
2603.000 1.127 1.173
2604.000 1.127 1.174
2605.000 1.118 1.172
2606.000 1.129 1.173
2607.000 1.127 1.173
2608.000 1.127 1.173
2609.000 1.127 1.173
2610.000 1.127 1.173
2611.000 1.127 1.173
2612.000 1.127 1.173
2613.000 1.127 1.173
2614.000 1.127 1.174
2615.000 1.127 1.174
2616.000 1.127 1.175
2617.000 1.129 1.174
2618.000 1.128 1.174
2619.000 1.128 1.173
2620.000 1.128 1.173
2621.000 1.128 1.173
2622.000 1.128 1.172
2623.000 1.127 1.172
2624.000 1.127 1.172
2625.000 1.127 1.172
2626.000 1.127 1.174
2627.000 1.126 1.174
2628.000 1.126 1.174
2629.000 1.126 1.174
2630.000 1.125 1.173
2631.000 1.125 1.173
2632.000 1.126 1.172
2633.000 1.126 1.172
2634.000 1.125 1.172
2635.000 1.127 1.172
2636.000 1.127 1.173
2637.000 1.129 1.173
2638.000 1.129 1.174
2639.000 1.128 1.174
2640.000 1.130 1.173
2641.000 1.130 1.173
2642.000 1.129 1.172
2643.000 1.129 1.172
2644.000 1.129 1.171
2645.000 1.129 1.171
2646.000 1.130 1.171
2647.000 1.131 1.172
2648.000 1.131 1.172
2649.000 1.130 1.171
2650.000 1.131 1.173
2651.000 1.132 1.171
2652.000 1.129 1.170
2653.000 1.121 1.171
2654.000 1.119 1.172
2655.000 1.123 1.175
2656.000 1.119 1.173
2657.000 1.120 1.172
2658.000 1.120 1.172
2659.000 1.119 1.171
2660.000 1.117 1.171
2661.000 1.116 1.175
2662.000 1.117 1.175
2663.000 1.115 1.175
2664.000 1.115 1.175
2665.000 1.116 1.175
2666.000 1.118 1.177
2667.000 1.119 1.175
2668.000 1.124 1.173
2669.000 1.126 1.173
2670.000 1.127 1.174
2671.000 1.130 1.176
2672.000 1.132 1.178
2673.000 1.134 1.179
2674.000 1.137 1.182
2675.000 1.134 1.180
2676.000 1.132 1.176
2677.000 1.129 1.174
2678.000 1.129 1.175
2679.000 1.128 1.178
2680.000 1.127 1.174
2681.000 1.120 1.169
2682.000 1.128 1.174
2683.000 1.130 1.172
2684.000 1.131 1.171
2685.000 1.133 1.172
2686.000 1.134 1.173
2687.000 1.137 1.171
2688.000 1.131 1.168
2689.000 1.125 1.172
2690.000 1.102 1.175
2691.000 1.078 1.178
2692.000 1.040 1.181
2693.000 0.995 1.174
2694.000 0.941 1.173
2695.000 0.995 1.163
2696.000 1.092 1.159
2697.000 1.155 1.097
2698.000 1.164 1.057
2699.000 1.173 1.006
2700.000 1.168 0.951
2701.000 1.185 0.912
2702.000 1.162 0.977
2703.000 1.152 1.066
2704.000 1.125 1.167
2705.000 1.092 1.179
2706.000 1.082 1.178
2707.000 1.078 1.181
2708.000 1.076 1.182
2709.000 1.077 1.179
2710.000 1.079 1.178
2711.000 1.081 1.179
2712.000 1.087 1.181
2713.000 1.089 1.178
2714.000 1.091 1.179
2715.000 1.094 1.178
2716.000 1.096 1.175
2717.000 1.103 1.174
2718.000 1.107 1.174
2719.000 1.108 1.175
2720.000 1.111 1.175
2721.000 1.115 1.174
2722.000 1.118 1.174
2723.000 1.117 1.175
2724.000 1.115 1.176
2725.000 1.117 1.175
2726.000 1.121 1.174
2727.000 1.123 1.173
2728.000 1.126 1.175
2729.000 1.125 1.178
2730.000 1.119 1.176
2731.000 1.141 1.169
2732.000 1.179 1.133
2733.000 1.174 1.101
2734.000 1.171 1.082
2735.000 1.112 1.165
2736.000 1.066 1.170
2737.000 1.055 1.169
2738.000 1.124 1.157
2739.000 1.163 1.108
2740.000 1.170 1.059
2741.000 1.166 1.011
2742.000 1.181 0.926
2743.000 1.178 0.866
2744.000 1.182 0.758
2745.000 1.171 0.619
2746.000 1.188 0.490
2747.000 1.193 0.356
2748.000 1.186 0.254
2749.000 1.176 0.126
2750.000 1.155 0.025
2751.000 1.091 0.021
2752.000 1.029 0.018
2753.000 0.943 0.023
2754.000 0.869 0.030
2755.000 0.875 0.066
2756.000 0.998 0.059
2757.000 1.083 0.021
2758.000 1.164 0.045
2759.000 1.182 0.076
2760.000 1.181 0.085
2761.000 1.183 0.089
2762.000 1.184 0.094
2763.000 1.186 0.097
2764.000 1.189 0.094
2765.000 1.188 0.097
2766.000 1.185 0.096
2767.000 1.184 0.116
2768.000 1.182 0.126
2769.000 1.171 0.163
2770.000 1.180 0.237
2771.000 1.162 0.265
2772.000 1.146 0.121
2773.000 1.142 0.025
2774.000 1.180 0.036
2775.000 1.182 0.063
2776.000 1.181 0.078
2777.000 1.179 0.096
2778.000 1.178 0.121
2779.000 1.178 0.138
2780.000 1.179 0.154
2781.000 1.180 0.165
2782.000 1.190 0.149
2783.000 1.167 0.095
2784.000 1.149 0.136
2785.000 1.132 0.200
2786.000 1.051 0.247
2787.000 1.121 0.399
2788.000 1.168 0.541
2789.000 1.191 0.668
2790.000 1.176 0.770
2791.000 1.186 0.902
2792.000 1.180 0.966
2793.000 1.168 1.030
2794.000 1.165 1.116
2795.000 1.137 1.178
2796.000 1.120 1.179
2797.000 1.112 1.174
2798.000 1.125 1.178
2799.000 1.122 1.176
2800.000 1.134 1.178
2801.000 1.136 1.178
2802.000 1.139 1.177
2803.000 1.132 1.174
2804.000 1.140 1.174
2805.000 1.149 1.176
2806.000 1.152 1.175
2807.000 1.153 1.174
2808.000 1.150 1.172
2809.000 1.149 1.168
2810.000 1.150 1.168
2811.000 1.150 1.169
2812.000 1.154 1.160
2813.000 1.143 1.155
2814.000 1.122 1.164
2815.000 1.091 1.169
2816.000 1.053 1.167
2817.000 1.100 1.173
2818.000 1.157 1.171
2819.000 1.176 1.144
2820.000 1.172 1.123
2821.000 1.174 1.100
2822.000 1.090 1.038
2823.000 1.155 0.947
2824.000 1.183 0.883
2825.000 1.171 0.922
2826.000 1.058 0.898
2827.000 0.978 0.958
2828.000 0.998 1.106
2829.000 0.987 1.182
2830.000 0.921 1.177
2831.000 0.852 1.174
2832.000 0.764 1.186
2833.000 0.668 1.189
2834.000 0.561 1.181
2835.000 0.441 1.181
2836.000 0.337 1.168
2837.000 0.225 1.171
2838.000 0.111 1.153
2839.000 0.037 1.139
2840.000 0.031 1.110
2841.000 0.031 1.105
2842.000 0.029 1.107
2843.000 0.029 1.106
2844.000 0.028 1.092
2845.000 0.031 1.091
2846.000 0.031 1.084
2847.000 0.032 1.073
2848.000 0.024 1.037
2849.000 0.033 1.021
2850.000 0.047 1.015
2851.000 0.051 1.101
2852.000 0.057 1.164
2853.000 0.087 1.158
2854.000 0.131 1.159
2855.000 0.186 1.164
2856.000 0.207 1.146
2857.000 0.137 1.110
2858.000 0.034 1.079
2859.000 0.031 1.044
2860.000 0.034 1.020
2861.000 0.028 0.986
2862.000 0.031 0.950
2863.000 0.036 0.925
2864.000 0.031 0.877
2865.000 0.023 0.809
2866.000 0.028 0.765
2867.000 0.068 0.719
2868.000 0.039 0.603
2869.000 0.027 0.483
2870.000 0.020 0.357
2871.000 0.026 0.227
2872.000 0.035 0.077
2873.000 0.077 0.025
2874.000 0.090 0.025
2875.000 0.092 0.026
2876.000 0.089 0.025
2877.000 0.087 0.027
2878.000 0.083 0.027
2879.000 0.081 0.029
2880.000 0.081 0.028
2881.000 0.080 0.028
2882.000 0.079 0.028
2883.000 0.078 0.028
2884.000 0.076 0.030
2885.000 0.074 0.038
2886.000 0.053 0.047
2887.000 0.040 0.062
2888.000 0.074 0.037
2889.000 0.072 0.029
2890.000 0.100 0.047
2891.000 0.178 0.028
2892.000 0.249 0.028
2893.000 0.173 0.028
2894.000 0.078 0.027
2895.000 0.038 0.032
2896.000 0.067 0.029
2897.000 0.072 0.030
2898.000 0.073 0.028
2899.000 0.074 0.029
2900.000 0.072 0.029
2901.000 0.067 0.031
2902.000 0.062 0.030
2903.000 0.080 0.030
2904.000 0.084 0.033
2905.000 0.085 0.031
2906.000 0.088 0.032
2907.000 0.088 0.028
2908.000 0.089 0.029
2909.000 0.087 0.029
2910.000 0.084 0.028
2911.000 0.086 0.026
2912.000 0.077 0.028
2913.000 0.070 0.028
2914.000 0.069 0.029
2915.000 0.068 0.031
2916.000 0.068 0.030
2917.000 0.068 0.028
2918.000 0.061 0.030
2919.000 0.060 0.031
2920.000 0.054 0.031
2921.000 0.051 0.032
2922.000 0.050 0.034
2923.000 0.050 0.036
2924.000 0.051 0.034
2925.000 0.046 0.030
2926.000 0.056 0.032
2927.000 0.055 0.031
2928.000 0.055 0.032
2929.000 0.052 0.032
2930.000 0.051 0.031
2931.000 0.051 0.031
2932.000 0.050 0.032
2933.000 0.052 0.033
2934.000 0.051 0.033
2935.000 0.049 0.035
2936.000 0.050 0.037
2937.000 0.048 0.035
2938.000 0.049 0.035
2939.000 0.047 0.035
2940.000 0.047 0.035
2941.000 0.047 0.034
2942.000 0.049 0.035
2943.000 0.049 0.037
2944.000 0.049 0.039
2945.000 0.048 0.042
2946.000 0.051 0.044
2947.000 0.069 0.029
2948.000 0.091 0.027
2949.000 0.093 0.028
2950.000 0.089 0.029
2951.000 0.084 0.029
2952.000 0.079 0.029
2953.000 0.076 0.031
2954.000 0.072 0.031
2955.000 0.071 0.031
2956.000 0.069 0.032
2957.000 0.067 0.031
2958.000 0.066 0.032
2959.000 0.066 0.033
2960.000 0.066 0.032
2961.000 0.065 0.031
2962.000 0.064 0.032
2963.000 0.062 0.033
2964.000 0.060 0.033
2965.000 0.057 0.033
2966.000 0.057 0.032
2967.000 0.055 0.031
2968.000 0.054 0.032
2969.000 0.052 0.033
2970.000 0.048 0.033
2971.000 0.046 0.033
2972.000 0.045 0.033
2973.000 0.045 0.034
2974.000 0.042 0.035
2975.000 0.042 0.037
2976.000 0.045 0.034
2977.000 0.046 0.030
2978.000 0.045 0.031
2979.000 0.046 0.033
2980.000 0.044 0.034
2981.000 0.046 0.031
2982.000 0.048 0.031
2983.000 0.049 0.031
2984.000 0.050 0.032
2985.000 0.050 0.033
2986.000 0.052 0.035
2987.000 0.057 0.034
2988.000 0.057 0.032
2989.000 0.057 0.032
2990.000 0.056 0.033
2991.000 0.054 0.031
2992.000 0.051 0.031
2993.000 0.052 0.032
2994.000 0.051 0.032
2995.000 0.049 0.034
2996.000 0.048 0.034
2997.000 0.048 0.034
2998.000 0.052 0.033
2999.000 0.047 0.033
3000.000 0.048 0.034
3001.000 0.047 0.033
3002.000 0.049 0.034
3003.000 0.051 0.036
3004.000 0.050 0.037
3005.000 0.054 0.035
3006.000 0.053 0.035
3007.000 0.050 0.035
3008.000 0.051 0.034
3009.000 0.052 0.035
3010.000 0.051 0.035
3011.000 0.050 0.035
3012.000 0.050 0.036
3013.000 0.050 0.035
3014.000 0.049 0.036
3015.000 0.052 0.035
3016.000 0.055 0.035
3017.000 0.056 0.034
3018.000 0.049 0.036
3019.000 0.050 0.037
3020.000 0.051 0.037
3021.000 0.048 0.035
3022.000 0.048 0.031
3023.000 0.045 0.032
3024.000 0.045 0.034
3025.000 0.043 0.036
3026.000 0.044 0.038
3027.000 0.044 0.037
3028.000 0.043 0.038
3029.000 0.044 0.033
3030.000 0.041 0.036
3031.000 0.044 0.030
3032.000 0.043 0.028
3033.000 0.038 0.026
3034.000 0.054 0.038
3035.000 0.097 0.068
3036.000 0.051 0.038
3037.000 0.078 0.032
3038.000 0.087 0.033
3039.000 0.089 0.030
3040.000 0.093 0.028
3041.000 0.098 0.028
3042.000 0.099 0.028
3043.000 0.097 0.029
3044.000 0.096 0.028
3045.000 0.107 0.023
3046.000 0.115 0.028
3047.000 0.113 0.029
3048.000 0.122 0.031
3049.000 0.137 0.033
3050.000 0.124 0.028
3051.000 0.079 0.039
3052.000 0.042 0.028
3053.000 0.059 0.030
3054.000 0.058 0.033
3055.000 0.055 0.031
3056.000 0.054 0.031
3057.000 0.053 0.031
3058.000 0.052 0.032
3059.000 0.051 0.033
3060.000 0.049 0.033
3061.000 0.048 0.033
3062.000 0.047 0.033
3063.000 0.047 0.032
3064.000 0.046 0.034
3065.000 0.044 0.036
3066.000 0.045 0.037
3067.000 0.047 0.035
3068.000 0.043 0.035
3069.000 0.042 0.037
3070.000 0.040 0.040
3071.000 0.037 0.041
3072.000 0.038 0.050
3073.000 0.046 0.047
3074.000 0.056 0.040
3075.000 0.060 0.041
3076.000 0.067 0.039
3077.000 0.072 0.038
3078.000 0.069 0.034
3079.000 0.069 0.036
3080.000 0.071 0.034
3081.000 0.068 0.033
3082.000 0.066 0.033
3083.000 0.064 0.032
3084.000 0.062 0.033
3085.000 0.060 0.034
3086.000 0.058 0.034
3087.000 0.055 0.034
3088.000 0.053 0.031
3089.000 0.054 0.030
3090.000 0.050 0.031
3091.000 0.047 0.032
3092.000 0.044 0.033
3093.000 0.045 0.033
3094.000 0.043 0.032
3095.000 0.038 0.032
3096.000 0.035 0.038
3097.000 0.026 0.052
3098.000 0.036 0.055
3099.000 0.048 0.047
3100.000 0.070 0.037
3101.000 0.093 0.034
3102.000 0.120 0.033
3103.000 0.144 0.031
3104.000 0.171 0.033
3105.000 0.189 0.034
3106.000 0.218 0.038
3107.000 0.220 0.022
3108.000 0.153 0.021
3109.000 0.107 0.026
3110.000 0.042 0.037
3111.000 0.036 0.079
3112.000 0.031 0.083
3113.000 0.037 0.049
3114.000 0.054 0.035
3115.000 0.061 0.034
3116.000 0.060 0.034
3117.000 0.058 0.034
3118.000 0.057 0.033
3119.000 0.053 0.033
3120.000 0.050 0.034
3121.000 0.047 0.035
3122.000 0.046 0.036
3123.000 0.045 0.035
3124.000 0.046 0.034
3125.000 0.044 0.036
3126.000 0.048 0.033
3127.000 0.044 0.038
3128.000 0.044 0.040
3129.000 0.043 0.041
3130.000 0.044 0.041
3131.000 0.046 0.038
3132.000 0.045 0.037
3133.000 0.044 0.036
3134.000 0.047 0.034
3135.000 0.048 0.031
3136.000 0.056 0.031
3137.000 0.055 0.032
3138.000 0.053 0.032
3139.000 0.052 0.031
3140.000 0.051 0.032
3141.000 0.053 0.034
3142.000 0.048 0.035
3143.000 0.048 0.037
3144.000 0.054 0.035
3145.000 0.051 0.036
3146.000 0.049 0.035
3147.000 0.048 0.036
3148.000 0.045 0.038
3149.000 0.044 0.042
3150.000 0.045 0.039
3151.000 0.048 0.036
3152.000 0.046 0.037
3153.000 0.043 0.039
3154.000 0.044 0.040
3155.000 0.041 0.040
3156.000 0.040 0.040
3157.000 0.046 0.038
3158.000 0.040 0.038
3159.000 0.042 0.035
3160.000 0.043 0.036
3161.000 0.040 0.040
3162.000 0.037 0.041
3163.000 0.035 0.038
3164.000 0.040 0.030
3165.000 0.043 0.031
3166.000 0.042 0.032
3167.000 0.035 0.032
3168.000 0.034 0.036
3169.000 0.036 0.033
3170.000 0.046 0.033
3171.000 0.049 0.034
3172.000 0.050 0.031
3173.000 0.058 0.030
3174.000 0.065 0.032
3175.000 0.072 0.034
3176.000 0.093 0.036
3177.000 0.122 0.032
3178.000 0.161 0.024
3179.000 0.212 0.024
3180.000 0.256 0.027
3181.000 0.314 0.026
3182.000 0.368 0.030
3183.000 0.336 0.018
3184.000 0.283 0.020
3185.000 0.221 0.025
3186.000 0.149 0.025
3187.000 0.104 0.023
3188.000 0.065 0.033
3189.000 0.036 0.049
3190.000 0.028 0.080
3191.000 0.030 0.080
3192.000 0.028 0.078
3193.000 0.031 0.078
3194.000 0.034 0.076
3195.000 0.033 0.080
3196.000 0.031 0.081
3197.000 0.027 0.084
3198.000 0.026 0.094
3199.000 0.028 0.096
3200.000 0.027 0.097
3201.000 0.029 0.097
3202.000 0.030 0.106
3203.000 0.031 0.120
3204.000 0.026 0.148
3205.000 0.030 0.184
3206.000 0.030 0.219
3207.000 0.033 0.258
3208.000 0.032 0.302
3209.000 0.057 0.289
3210.000 0.036 0.199
3211.000 0.043 0.127
3212.000 0.054 0.045
3213.000 0.071 0.031
3214.000 0.076 0.029
3215.000 0.077 0.029
3216.000 0.080 0.028
3217.000 0.076 0.028
3218.000 0.073 0.028
3219.000 0.071 0.028
3220.000 0.072 0.024
3221.000 0.065 0.028
3222.000 0.063 0.029
3223.000 0.059 0.029
3224.000 0.056 0.028
3225.000 0.055 0.031
3226.000 0.053 0.030
3227.000 0.051 0.031
3228.000 0.049 0.031
3229.000 0.047 0.031
3230.000 0.047 0.032
3231.000 0.045 0.031
3232.000 0.043 0.031
3233.000 0.046 0.035
3234.000 0.046 0.035
3235.000 0.053 0.036
3236.000 0.056 0.032
3237.000 0.060 0.031
3238.000 0.061 0.030
3239.000 0.076 0.028
3240.000 0.076 0.032
3241.000 0.076 0.032
3242.000 0.080 0.032
3243.000 0.085 0.032
3244.000 0.085 0.033
3245.000 0.085 0.031
3246.000 0.091 0.029
3247.000 0.094 0.029
3248.000 0.093 0.030
3249.000 0.090 0.032
3250.000 0.101 0.031
3251.000 0.103 0.028
3252.000 0.118 0.028
3253.000 0.103 0.037
3254.000 0.060 0.037
3255.000 0.044 0.066
3256.000 0.038 0.097
3257.000 0.051 0.108
3258.000 0.065 0.088
3259.000 0.087 0.046
3260.000 0.114 0.039
3261.000 0.064 0.042
3262.000 0.030 0.077
3263.000 0.040 0.109
3264.000 0.043 0.138
3265.000 0.040 0.169
3266.000 0.038 0.198
3267.000 0.032 0.221
3268.000 0.023 0.263
3269.000 0.019 0.340
3270.000 0.014 0.415
3271.000 0.017 0.445
3272.000 0.013 0.457
3273.000 0.015 0.421
3274.000 0.025 0.376
3275.000 0.026 0.304
3276.000 0.025 0.253
3277.000 0.024 0.153
3278.000 0.028 0.104
3279.000 0.044 0.055
3280.000 0.058 0.040
3281.000 0.060 0.038
3282.000 0.055 0.035
3283.000 0.050 0.033
3284.000 0.048 0.033
3285.000 0.049 0.032
3286.000 0.047 0.033
3287.000 0.050 0.033
3288.000 0.047 0.036
3289.000 0.050 0.033
3290.000 0.044 0.034
3291.000 0.048 0.038
3292.000 0.046 0.038
3293.000 0.044 0.038
3294.000 0.045 0.036
3295.000 0.044 0.036
3296.000 0.052 0.035
3297.000 0.046 0.040
3298.000 0.044 0.041
3299.000 0.045 0.038
3300.000 0.044 0.039
3301.000 0.046 0.042
3302.000 0.046 0.038
3303.000 0.048 0.035
3304.000 0.047 0.034
3305.000 0.047 0.035
3306.000 0.049 0.034
3307.000 0.050 0.033
3308.000 0.050 0.036
3309.000 0.051 0.036
3310.000 0.050 0.037
3311.000 0.049 0.039
3312.000 0.054 0.035
3313.000 0.054 0.037
3314.000 0.056 0.035
3315.000 0.056 0.035
3316.000 0.055 0.037
3317.000 0.051 0.038
3318.000 0.047 0.035
3319.000 0.045 0.035
3320.000 0.047 0.035
3321.000 0.048 0.033
3322.000 0.049 0.035
3323.000 0.061 0.030
3324.000 0.061 0.032
3325.000 0.061 0.031
3326.000 0.060 0.031
3327.000 0.057 0.032
3328.000 0.054 0.033
3329.000 0.053 0.033
3330.000 0.051 0.034
3331.000 0.050 0.034
3332.000 0.047 0.036
3333.000 0.046 0.037
3334.000 0.043 0.037
3335.000 0.041 0.036
3336.000 0.042 0.039
3337.000 0.048 0.037
3338.000 0.047 0.035
3339.000 0.048 0.033
3340.000 0.054 0.033
3341.000 0.053 0.034
3342.000 0.053 0.031
3343.000 0.056 0.031
3344.000 0.054 0.032
3345.000 0.051 0.033
3346.000 0.050 0.032
3347.000 0.045 0.033
3348.000 0.049 0.033
3349.000 0.048 0.035
3350.000 0.046 0.033
3351.000 0.048 0.035
3352.000 0.049 0.037
3353.000 0.049 0.035
3354.000 0.048 0.031
3355.000 0.054 0.033
3356.000 0.058 0.032
3357.000 0.071 0.029
3358.000 0.090 0.031
3359.000 0.121 0.031
3360.000 0.165 0.033
3361.000 0.216 0.024
3362.000 0.240 0.023
3363.000 0.285 0.031
3364.000 0.273 0.024
3365.000 0.193 0.037
3366.000 0.091 0.026
3367.000 0.037 0.046
3368.000 0.037 0.071
3369.000 0.041 0.074
3370.000 0.052 0.081
3371.000 0.065 0.060
3372.000 0.087 0.041
3373.000 0.101 0.041
3374.000 0.115 0.037
3375.000 0.132 0.039
3376.000 0.146 0.041
3377.000 0.076 0.041
3378.000 0.031 0.073
3379.000 0.030 0.101
3380.000 0.031 0.120
3381.000 0.032 0.153
3382.000 0.032 0.182
3383.000 0.030 0.230
3384.000 0.027 0.275
3385.000 0.033 0.328
3386.000 0.023 0.373
3387.000 0.021 0.462
3388.000 0.015 0.530
3389.000 0.014 0.585
3390.000 0.012 0.542
3391.000 0.020 0.479
3392.000 0.016 0.384
3393.000 0.015 0.286
3394.000 0.018 0.210
3395.000 0.029 0.121
3396.000 0.037 0.058
3397.000 0.061 0.032
3398.000 0.074 0.031
3399.000 0.071 0.031
3400.000 0.070 0.030
3401.000 0.068 0.029
3402.000 0.067 0.029
3403.000 0.065 0.029
3404.000 0.063 0.030
3405.000 0.060 0.030
3406.000 0.056 0.031
3407.000 0.053 0.030
3408.000 0.051 0.031
3409.000 0.050 0.031
3410.000 0.052 0.031
3411.000 0.051 0.032
3412.000 0.049 0.033
3413.000 0.050 0.032
3414.000 0.051 0.031
3415.000 0.049 0.032
3416.000 0.049 0.031
3417.000 0.052 0.031
3418.000 0.054 0.031
3419.000 0.052 0.032
3420.000 0.046 0.031
3421.000 0.046 0.031
3422.000 0.047 0.033
3423.000 0.048 0.034
3424.000 0.047 0.035
3425.000 0.046 0.033
3426.000 0.047 0.036
3427.000 0.048 0.037
3428.000 0.046 0.036
3429.000 0.045 0.037
3430.000 0.047 0.036
3431.000 0.047 0.035
3432.000 0.048 0.036
3433.000 0.047 0.037
3434.000 0.048 0.037
3435.000 0.047 0.037
3436.000 0.047 0.039
3437.000 0.052 0.038
3438.000 0.051 0.036
3439.000 0.052 0.035
3440.000 0.052 0.035
3441.000 0.052 0.035
3442.000 0.050 0.035
3443.000 0.052 0.034
3444.000 0.050 0.033
3445.000 0.052 0.036
3446.000 0.053 0.037
3447.000 0.055 0.036
3448.000 0.056 0.035
3449.000 0.055 0.035
3450.000 0.055 0.037
3451.000 0.053 0.035
3452.000 0.049 0.035
3453.000 0.047 0.034
3454.000 0.048 0.034
3455.000 0.049 0.034
3456.000 0.046 0.037
3457.000 0.044 0.040
3458.000 0.043 0.042
3459.000 0.045 0.040
3460.000 0.048 0.040
3461.000 0.050 0.038
3462.000 0.049 0.042
3463.000 0.049 0.043
3464.000 0.046 0.043
3465.000 0.046 0.044
3466.000 0.047 0.041
3467.000 0.046 0.039
3468.000 0.046 0.040
3469.000 0.048 0.039
3470.000 0.049 0.039
3471.000 0.050 0.038
3472.000 0.048 0.038
3473.000 0.050 0.038
3474.000 0.050 0.037
3475.000 0.049 0.037
3476.000 0.049 0.037
3477.000 0.049 0.037
3478.000 0.048 0.037
3479.000 0.045 0.038
3480.000 0.045 0.038
3481.000 0.045 0.036
3482.000 0.044 0.037
3483.000 0.043 0.038
3484.000 0.042 0.039
3485.000 0.041 0.040
3486.000 0.044 0.038
3487.000 0.048 0.036
3488.000 0.049 0.035
3489.000 0.047 0.035
3490.000 0.047 0.038
3491.000 0.047 0.038
3492.000 0.047 0.037
3493.000 0.048 0.037
3494.000 0.048 0.036
3495.000 0.047 0.037
3496.000 0.048 0.036
3497.000 0.048 0.037
3498.000 0.048 0.038
3499.000 0.049 0.038
3500.000 0.049 0.038
3501.000 0.052 0.037
3502.000 0.054 0.035
3503.000 0.052 0.035
3504.000 0.053 0.037
3505.000 0.053 0.035
3506.000 0.054 0.034
3507.000 0.055 0.035
3508.000 0.054 0.036
3509.000 0.053 0.036
3510.000 0.051 0.034
3511.000 0.049 0.035
3512.000 0.047 0.034
3513.000 0.045 0.035
3514.000 0.044 0.035
3515.000 0.046 0.035
3516.000 0.045 0.035
3517.000 0.045 0.033
3518.000 0.045 0.033
3519.000 0.044 0.034
3520.000 0.043 0.034
3521.000 0.041 0.034
3522.000 0.040 0.034
3523.000 0.039 0.035
3524.000 0.037 0.038
3525.000 0.032 0.045
3526.000 0.040 0.047
3527.000 0.046 0.044
3528.000 0.050 0.041
3529.000 0.049 0.039
3530.000 0.047 0.040
3531.000 0.047 0.038
3532.000 0.047 0.038
3533.000 0.046 0.038
3534.000 0.045 0.039
3535.000 0.044 0.039
3536.000 0.044 0.039
3537.000 0.044 0.037
3538.000 0.044 0.037
3539.000 0.045 0.035
3540.000 0.046 0.038
3541.000 0.045 0.038
3542.000 0.042 0.038
3543.000 0.044 0.037
3544.000 0.044 0.036
3545.000 0.045 0.040
3546.000 0.044 0.041
3547.000 0.050 0.038
3548.000 0.051 0.036
3549.000 0.052 0.033
3550.000 0.052 0.033
3551.000 0.052 0.033
3552.000 0.050 0.034
3553.000 0.051 0.033
3554.000 0.048 0.033
3555.000 0.046 0.034
3556.000 0.046 0.035
3557.000 0.045 0.034
3558.000 0.046 0.032
3559.000 0.049 0.032
3560.000 0.050 0.033
3561.000 0.047 0.035
3562.000 0.045 0.035
3563.000 0.043 0.035
3564.000 0.047 0.036
3565.000 0.049 0.034
3566.000 0.050 0.034
3567.000 0.048 0.034
3568.000 0.046 0.035
3569.000 0.044 0.035
3570.000 0.047 0.035
3571.000 0.048 0.034
3572.000 0.046 0.035
3573.000 0.045 0.032
3574.000 0.047 0.034
3575.000 0.047 0.036
3576.000 0.052 0.034
3577.000 0.052 0.035
3578.000 0.048 0.036
3579.000 0.047 0.034
3580.000 0.046 0.031
3581.000 0.046 0.032
3582.000 0.043 0.033
3583.000 0.047 0.034
3584.000 0.053 0.032
3585.000 0.060 0.030
3586.000 0.065 0.031
3587.000 0.066 0.033
3588.000 0.068 0.034
3589.000 0.072 0.033
3590.000 0.076 0.031
3591.000 0.080 0.032
3592.000 0.079 0.032
3593.000 0.083 0.031
3594.000 0.084 0.031
3595.000 0.083 0.033
3596.000 0.083 0.039
3597.000 0.091 0.046
3598.000 0.105 0.040
3599.000 0.122 0.033
3600.000 0.142 0.030
