time X0 Y0 X1 Y1 X2 Y2 X3 Y3 X4 Y4 X5 Y5 X6 Y6 X7 Y7 X8 Y8 X9 Y9
2542 1.107 1.154 0.757 0.154 0.66 0.171 0.502 0.168 1.142 1.122 0.899 0.139 0.7224999999999999 0.1765 0.502 1.095 1.144 1.108 0.067 0.022
2543 1.025 1.141 0.741 0.14 0.701 0.158 0.524 0.132 1.131 1.094 0.94 0.128 0.748 0.16 0.56 1.088 1.132 1.014 0.079 0.029
2544 1.048 1.136 0.733 0.136 0.718 0.147 0.54 0.086 1.135 1.038 0.986 0.111 0.758 0.138 0.588 1.137 1.14 0.921 0.09 0.074
2545 1.072 1.065 0.774 0.128 0.735 0.147 0.534 0.042 1.12 0.971 1.039 0.109 0.842 0.107 0.617 1.129 1.141 0.86 0.066 0.196
2546 1.026 0.883 0.884 0.11 0.76 0.145 0.476 0.035 1.102 0.854 1.09 0.114 0.999 0.103 0.646 1.027 1.084 0.768 0.054 0.304
2547 0.992 0.71 0.992 0.112 0.819 0.138 0.432 0.049 1.078 0.699 1.123 0.155 1.108 0.128 0.746 0.923 1.079 0.611 0.064 0.387
2548 0.957 0.558 1.046 0.154 0.869 0.135 0.516 0.152 1.067 0.57 1.097 0.268 1.063 0.283 0.82 0.783 1.072 0.464 0.128 0.461
2549 0.916 0.413 1.025 0.265 0.907 0.15 0.615 0.15 1.035 0.447 1.059 0.338 0.995 0.325 0.873 0.584 1.028 0.35 0.324 0.506
2550 1.022 0.403 1.004 0.326 0.93 0.17 0.631 0.199 1.031 0.401 1.03 0.358 0.979 0.347 0.922 0.46 1.038 0.393 0.513 0.513
2551 1.028 0.466 0.999 0.395 0.961 0.183 0.638 0.241 1.029 0.444 1.033 0.382 0.968 0.398 1.029 0.48 1.035 0.412 0.676 0.499
2552 1.012 0.483 1.017 0.443 0.985 0.203 0.645 0.301 1.012 0.473 1.026 0.379 1.007 0.456 1.002 0.512 1.056 0.443 0.755 0.482
2553 0.989 0.528 1.002 0.506 0.979 0.252 0.69 0.36 0.978 0.528 1.067 0.429 0.986 0.508 0.989 0.551 1.035 0.495 0.836 0.467
2554 1.024 0.616 1.015 0.581 0.986 0.309 0.729 0.4 0.981 0.578 1.091 0.522 1.002 0.516 1.007 0.637 1.012 0.502 0.937 0.508
2555 1.071 0.721 1.024 0.717 1.002 0.352 0.755 0.44 0.982 0.695 1.116 0.616 1.015 0.567 1.002 0.717 1.029 0.569 0.996 0.599
2556 1.121 0.752 1.102 0.733 1.015 0.389 0.791 0.519 1.045 0.74 1.13 0.686 1.014 0.634 1.047 0.777 1.058 0.643 0.992 0.703
2557 1.116 0.814 1.117 0.8 1.044 0.408 0.804 0.568 1.111 0.791 1.138 0.767 1.025 0.671 1.107 0.852 1.099 0.685 0.975 0.816
2558 1.059 0.901 1.128 0.874 1.072 0.407 0.838 0.618 1.096 0.878 1.143 0.812 1.024 0.716 1.061 0.922 1.117 0.745 1.017 0.925
2559 1.067 0.962 1.114 0.979 1.1 0.406 0.857 0.691 1.086 0.975 1.114 0.872 1.008 0.773 1.049 1.018 1.118 0.799 1.021 0.935
2560 1.078 1.004 1.117 1.067 1.131 0.403 0.848 0.755 1.096 1.053 1.083 0.923 1.017 0.826 1.09 1.05 1.119 0.857 0.966 0.907
2561 1.06 1.05 1.095 1.037 1.146 0.4 0.84 0.809 1.061 1.077 1.052 1.027 0.985 0.867 1.022 1.091 1.14 0.869 0.905 0.908
2562 0.925 1.013 1.045 1.064 1.164 0.353 0.82 0.863 0.969 1.076 0.883 0.988 0.897 0.909 0.96 1.075 1.138 0.93 0.855 0.925
2563 0.813 0.98 0.983 1.068 1.163 0.322 0.791 0.9 0.907 1.091 0.769 0.965 0.819 0.929 0.862 1.042 1.07 0.964 0.778 0.936
2564 0.713 0.977 0.903 1.077 1.156 0.288 0.72 0.9 0.814 1.094 0.676 0.948 0.782 0.937 0.796 0.979 0.993 0.945 0.701 0.923
2565 0.636 0.918 0.817 1.076 1.155 0.25 0.677 0.872 0.728 1.086 0.621 0.921 0.768 0.937 0.825 0.938 0.938 0.937 0.644 0.893
2566 0.604 0.828 0.722 1.058 1.158 0.215 0.653 0.846 0.629 1.048 0.61 0.859 0.697 0.911 0.849 0.994 0.886 0.985 0.614 0.828
2567 0.621 0.791 0.631 1.025 1.152 0.189 0.67 0.798 0.559 0.981 0.635 0.815 0.654 0.854 0.816 1.048 0.832 0.967 0.639 0.752
2568 0.642 0.731 0.562 0.973 1.141 0.169 0.681 0.746 0.516 0.916 0.654 0.756 0.698 0.775 0.802 1.082 0.769 0.99 0.654 0.694
2569 0.706 0.667 0.541 0.891 1.131 0.154 0.718 0.699 0.536 0.814 0.644 0.703 0.753 0.712 0.81 1.113 0.763 1.048 0.714 0.621
2570 0.792 0.573 0.553 0.792 1.119 0.137 0.805 0.618 0.59 0.693 0.659 0.654 0.824 0.614 0.784 1.129 0.784 1.093 0.805 0.526
2571 0.865 0.48 0.615 0.701 1.116 0.101 0.876 0.513 0.669 0.615 0.73 0.55 0.891 0.561 0.827 1.119 0.747 1.114 0.882 0.44
2572 0.931 0.382 0.691 0.614 1.134 0.076 0.93 0.412 0.805 0.535 0.817 0.452 0.973 0.521 0.875 1.118 0.711 1.1 0.929 0.372
2573 1.001 0.308 0.79 0.533 1.15 0.067 0.942 0.319 0.907 0.447 0.849 0.368 1.017 0.436 0.933 1.114 0.674 1.106 0.958 0.29
2574 1.028 0.208 0.849 0.414 1.167 0.074 0.96 0.25 0.924 0.356 0.841 0.295 1.031 0.333 0.961 1.124 0.63 1.092 1.0 0.233
2575 1.062 0.194 0.852 0.303 1.16 0.109 0.991 0.14 0.917 0.273 0.822 0.246 1.048 0.266 0.958 1.139 0.577 1.059 1.023 0.211
2576 1.106 0.132 0.807 0.233 1.118 0.113 0.899 0.102 0.941 0.187 0.749 0.213 1.094 0.233 0.943 1.136 0.576 1.036 1.105 0.178
2577 1.015 0.102 0.764 0.199 1.089 0.119 0.803 0.071 0.926 0.119 0.733 0.153 1.11 0.204 0.931 1.113 0.623 0.996 1.024 0.107
2578 0.902 0.09 0.742 0.16 1.007 0.103 0.711 0.08 0.846 0.087 0.7 0.155 1.094 0.151 0.949 1.103 0.715 0.982 0.944 0.134
2579 0.819 0.096 0.69 0.138 0.933 0.139 0.61 0.091 0.745 0.067 0.652 0.118 1.0 0.118 0.979 1.081 0.792 0.914 0.863 0.153
2580 0.751 0.108 0.647 0.119 0.85 0.158 0.52 0.143 0.666 0.057 0.604 0.132 0.9 0.077 0.967 1.03 0.84 0.807 0.768 0.191
2581 0.714 0.125 0.617 0.13 0.785 0.187 0.478 0.187 0.589 0.08 0.59 0.169 0.792 0.067 0.938 0.978 0.868 0.705 0.71 0.198
2582 0.651 0.139 0.588 0.204 0.695 0.201 0.409 0.185 0.518 0.095 0.576 0.206 0.686 0.064 0.906 0.903 0.885 0.607 0.641 0.217
2583 0.594 0.151 0.569 0.223 0.622 0.22 0.363 0.256 0.447 0.092 0.56 0.3 0.584 0.086 0.862 0.805 0.856 0.499 0.595 0.284
2584 0.495 0.143 0.524 0.172 0.536 0.275 0.362 0.353 0.392 0.108 0.492 0.353 0.533 0.136 0.818 0.705 0.798 0.42 0.575 0.339
2585 0.421 0.203 0.458 0.178 0.478 0.344 0.43 0.383 0.342 0.139 0.433 0.398 0.466 0.128 0.791 0.605 0.735 0.386 0.547 0.396
2586 0.385 0.25 0.401 0.239 0.417 0.36 0.424 0.388 0.311 0.195 0.385 0.44 0.43 0.141 0.701 0.609 0.636 0.388 0.514 0.442
2587 0.326 0.32 0.374 0.36 0.398 0.432 0.478 0.497 0.297 0.258 0.396 0.507 0.39 0.168 0.621 0.601 0.565 0.439 0.486 0.521
2588 0.27 0.437 0.379 0.453 0.403 0.532 0.438 0.557 0.288 0.329 0.386 0.584 0.365 0.199 0.52 0.579 0.55 0.522 0.418 0.61
2589 0.249 0.525 0.394 0.529 0.372 0.61 0.425 0.589 0.294 0.391 0.366 0.656 0.335 0.259 0.437 0.616 0.524 0.573 0.353 0.674
2590 0.227 0.618 0.409 0.62 0.36 0.706 0.376 0.684 0.304 0.455 0.379 0.737 0.319 0.324 0.442 0.684 0.514 0.644 0.236 0.688
2591 0.233 0.692 0.442 0.699 0.36 0.766 0.384 0.77 0.3 0.55 0.374 0.793 0.312 0.387 0.469 0.742 0.485 0.726 0.159 0.727
2592 0.282 0.767 0.463 0.747 0.347 0.831 0.372 0.801 0.292 0.622 0.369 0.867 0.297 0.438 0.485 0.81 0.489 0.789 0.14 0.815
2593 0.25 0.855 0.473 0.795 0.34 0.912 0.301 0.827 0.32 0.681 0.387 0.915 0.261 0.492 0.495 0.872 0.524 0.837 0.146 0.91
2594 0.252 0.859 0.467 0.854 0.378 0.982 0.315 0.929 0.369 0.718 0.405 0.971 0.263 0.495 0.472 0.936 0.555 0.86 0.144 0.988
2595 0.3 0.935 0.467 0.924 0.415 1.037 0.39 0.944 0.411 0.741 0.442 1.047 0.239 0.513 0.432 0.973 0.596 0.905 0.145 1.072
2596 0.381 0.944 0.448 0.972 0.478 1.052 0.425 0.941 0.451 0.785 0.47 1.086 0.212 0.503 0.45 0.999 0.641 0.945 0.269 1.127
2597 0.469 0.962 0.482 1.002 0.562 1.045 0.514 0.92 0.513 0.829 0.529 1.106 0.209 0.489 0.479 1.016 0.69 0.954 0.399 1.125
2598 0.579 1.002 0.496 1.045 0.644 1.076 0.598 0.925 0.588 0.835 0.608 1.094 0.193 0.447 0.497 1.069 0.743 0.961 0.514 1.123
2599 0.657 1.057 0.529 1.101 0.718 1.08 0.688 0.939 0.648 0.857 0.663 1.12 0.15 0.416 0.493 1.107 0.802 0.972 0.591 1.114
2600 0.748 1.086 0.606 1.119 0.807 1.058 0.769 0.983 0.713 0.848 0.759 1.101 0.126 0.397 0.522 1.102 0.868 0.97 0.685 1.132
2601 0.823 1.051 0.679 1.126 0.856 1.01 0.818 0.982 0.766 0.838 0.859 1.092 0.122 0.372 0.568 1.098 0.934 0.974 0.751 1.141
2602 0.839 0.987 0.738 1.128 0.939 0.963 0.878 0.958 0.823 0.839 0.922 1.063 0.13 0.347 0.61 1.096 0.977 0.987 0.818 1.105
2603 0.879 0.956 0.806 1.109 0.984 0.976 0.985 0.922 0.902 0.888 0.987 1.026 0.149 0.333 0.647 1.069 1.012 1.004 0.91 1.081
2604 0.973 0.951 0.9 1.089 0.996 0.981 1.037 0.926 0.982 0.929 1.0 1.005 0.166 0.339 0.682 1.034 1.035 1.022 1.007 1.063
2605 1.021 0.979 0.996 1.082 1.033 1.002 1.041 0.977 1.036 0.927 1.054 1.044 0.186 0.357 0.734 1.002 1.104 1.051 1.106 1.076
2606 1.011 0.974 1.08 1.064 1.064 1.018 1.106 0.992 1.106 0.925 1.113 1.029 0.213 0.398 0.785 0.982 1.134 1.015 1.152 1.083
2607 1.048 1.063 1.114 1.029 1.099 1.017 1.12 0.983 1.131 0.942 1.152 1.025 0.254 0.438 0.838 0.961 1.138 0.995 1.157 1.056
2608 1.036 1.029 1.119 1.056 1.089 1.04 1.093 0.971 1.12 0.951 1.132 1.004 0.281 0.468 0.888 0.957 1.119 0.966 1.151 1.046
2609 1.008 0.998 1.138 1.089 1.028 0.991 1.059 0.97 1.101 0.975 1.105 0.998 0.343 0.507 0.941 0.951 1.073 0.991 1.156 1.084
2610 1.012 0.992 1.094 1.065 1.01 0.973 1.054 0.939 1.061 0.974 1.061 1.001 0.4 0.549 0.979 0.966 1.043 1.007 1.132 1.129
2611 1.036 1.018 1.09 1.026 1.034 1.015 1.083 0.934 1.104 1.003 1.067 1.015 0.455 0.589 1.018 0.981 1.057 1.001 1.12 1.078
2612 1.062 1.074 1.086 1.051 1.068 1.019 1.078 0.965 1.098 1.038 1.085 1.021 0.519 0.63 1.023 1.008 1.056 0.999 1.119 1.049
2613 1.075 1.11 1.092 1.087 1.064 0.983 1.102 0.986 1.101 1.018 1.114 1.006 0.571 0.667 0.995 1.037 1.021 0.983 1.11 1.023
2614 1.014 1.15 0.991 1.093 1.041 0.979 1.061 0.959 1.072 1.009 1.136 0.948 0.63 0.708 0.994 1.077 0.983 0.993 1.108 0.983
2615 0.927 1.147 0.924 1.084 0.973 0.975 0.994 0.959 1.029 1.03 1.109 0.888 0.671 0.743 1.027 1.071 0.94 1.032 1.051 0.974
2616 0.863 1.126 0.926 1.07 0.919 1.004 0.946 0.961 0.965 0.987 1.056 0.893 0.712 0.783 1.034 1.048 0.898 1.049 0.998 0.982
2617 0.818 1.117 0.972 1.09 0.837 0.947 0.902 0.973 0.915 1.005 1.028 0.926 0.742 0.816 1.034 1.018 0.863 0.978 0.952 0.981
2618 0.758 1.094 1.004 1.077 0.771 0.904 0.84 1.02 0.877 1.006 0.974 0.901 0.764 0.861 1.015 0.989 0.811 0.937 0.897 0.979
2619 0.689 1.086 1.017 1.033 0.739 0.948 0.831 0.993 0.871 1.045 0.93 0.879 0.769 0.893 0.984 0.977 0.8 0.993 0.836 0.969
2620 0.669 1.101 1.039 0.983 0.72 0.922 0.883 0.966 0.925 1.021 0.893 0.924 0.765 0.916 0.95 0.977 0.827 1.005 0.9 0.933
2621 0.623 1.103 1.04 0.936 0.751 0.928 0.919 0.946 1.006 0.957 0.882 0.887 0.744 0.847 0.98 0.904 0.91 0.978 0.944 0.89
2622 0.595 1.149 1.07 0.854 0.731 0.896 1.04 0.869 1.08 0.936 0.897 0.833 0.797 0.798 1.062 0.855 0.9 0.931 1.058 0.835
2623 0.54 1.125 1.118 0.807 0.733 0.872 1.03 0.78 1.15 0.873 0.941 0.766 0.882 0.747 1.095 0.804 0.925 0.898 1.148 0.766
2624 0.479 1.127 1.109 0.683 0.752 0.846 1.029 0.711 1.137 0.821 0.985 0.69 0.943 0.699 1.083 0.691 0.963 0.87 1.109 0.659
2625 0.414 1.129 1.06 0.593 0.773 0.826 1.035 0.621 1.137 0.74 1.009 0.582 0.96 0.645 1.027 0.591 0.983 0.831 1.057 0.552
2626 0.337 1.134 1.054 0.528 0.803 0.81 1.036 0.562 1.132 0.636 0.968 0.523 0.972 0.607 1.009 0.485 0.997 0.778 1.074 0.453
2627 0.315 1.11 1.069 0.465 0.826 0.802 1.048 0.494 1.141 0.526 0.949 0.437 0.963 0.522 1.003 0.414 0.986 0.729 1.092 0.385
2628 0.324 1.08 1.083 0.399 0.85 0.793 1.047 0.427 1.128 0.408 0.967 0.351 0.961 0.445 1.003 0.333 0.966 0.66 1.098 0.295
2629 0.338 0.996 1.096 0.311 0.884 0.757 1.032 0.361 1.115 0.292 0.948 0.256 0.935 0.36 1.032 0.27 0.983 0.607 1.148 0.237
2630 0.43 0.898 1.121 0.256 0.91 0.713 1.011 0.318 1.117 0.17 0.969 0.174 0.943 0.279 1.033 0.178 1.006 0.542 1.09 0.149
2631 0.534 0.824 1.101 0.18 0.951 0.712 1.036 0.281 1.087 0.068 0.983 0.082 0.956 0.203 0.988 0.12 1.03 0.481 1.017 0.046
2632 0.638 0.726 1.058 0.108 0.964 0.739 1.038 0.212 0.978 0.076 0.87 0.038 0.91 0.129 0.874 0.063 1.029 0.416 0.977 0.042
2633 0.755 0.58 0.955 0.081 0.975 0.772 1.02 0.164 0.904 0.07 0.72 0.052 0.837 0.11 0.732 0.096 0.998 0.346 0.845 0.055
2634 0.776 0.416 0.843 0.099 0.996 0.816 0.94 0.148 0.822 0.083 0.607 0.091 0.733 0.127 0.613 0.102 0.971 0.297 0.731 0.07
2635 0.717 0.274 0.751 0.103 1.015 0.847 0.871 0.156 0.736 0.117 0.479 0.088 0.642 0.124 0.506 0.143 0.925 0.265 0.619 0.081
2636 0.591 0.205 0.692 0.143 0.996 0.854 0.794 0.163 0.611 0.124 0.353 0.073 0.543 0.144 0.45 0.197 0.856 0.292 0.509 0.109
2637 0.459 0.195 0.625 0.156 0.998 0.837 0.734 0.198 0.507 0.151 0.244 0.096 0.455 0.173 0.386 0.185 0.807 0.303 0.399 0.129
2638 0.326 0.223 0.548 0.159 0.992 0.821 0.597 0.231 0.428 0.18 0.177 0.183 0.318 0.185 0.273 0.207 0.747 0.3 0.294 0.175
2639 0.208 0.281 0.462 0.205 0.984 0.81 0.521 0.255 0.335 0.201 0.107 0.255 0.203 0.213 0.174 0.284 0.705 0.294 0.193 0.222
2640 0.122 0.299 0.369 0.197 0.97 0.796 0.471 0.272 0.23 0.224 0.074 0.336 0.12 0.246 0.102 0.342 0.657 0.284 0.112 0.272
2641 0.12 0.396 0.261 0.239 0.963 0.783 0.396 0.311 0.147 0.268 0.061 0.469 0.068 0.299 0.087 0.46 0.606 0.291 0.06 0.387
2642 0.136 0.51 0.173 0.319 0.96 0.772 0.366 0.372 0.094 0.325 0.071 0.591 0.048 0.362 0.124 0.532 0.556 0.319 0.084 0.508
2643 0.176 0.611 0.13 0.435 0.947 0.75 0.297 0.428 0.081 0.427 0.122 0.69 0.072 0.461 0.155 0.644 0.519 0.35 0.117 0.638
2644 0.222 0.685 0.143 0.56 0.921 0.727 0.194 0.383 0.093 0.522 0.183 0.788 0.106 0.582 0.172 0.737 0.505 0.382 0.149 0.744
2645 0.18 0.717 0.192 0.691 0.913 0.711 0.157 0.337 0.122 0.619 0.195 0.892 0.163 0.692 0.203 0.841 0.485 0.354 0.138 0.853
2646 0.206 0.798 0.22 0.785 0.909 0.697 0.115 0.31 0.168 0.699 0.214 0.924 0.163 0.811 0.122 0.891 0.437 0.335 0.081 0.858
2647 0.225 0.901 0.247 0.889 0.912 0.674 0.064 0.352 0.203 0.758 0.191 0.982 0.144 0.869 0.119 0.973 0.406 0.365 0.153 0.917
2648 0.249 1.003 0.276 0.997 0.902 0.644 0.099 0.416 0.224 0.856 0.211 1.064 0.195 0.962 0.196 1.073 0.363 0.395 0.218 1.024
2649 0.329 1.087 0.329 1.065 0.917 0.614 0.152 0.532 0.248 0.947 0.361 1.134 0.235 1.037 0.271 1.136 0.316 0.406 0.323 1.102
2650 0.453 1.091 0.422 1.062 0.928 0.578 0.208 0.637 0.32 1.026 0.467 1.144 0.314 1.078 0.381 1.16 0.322 0.46 0.455 1.122
2651 0.553 1.044 0.515 1.027 0.927 0.551 0.258 0.72 0.407 1.05 0.619 1.112 0.38 1.12 0.444 1.164 0.362 0.526 0.587 1.091
2652 0.615 1.048 0.57 0.992 0.922 0.533 0.198 0.798 0.474 1.041 0.718 1.082 0.48 1.082 0.521 1.152 0.389 0.57 0.686 1.041
2653 0.694 1.03 0.66 1.008 0.946 0.508 0.21 0.872 0.556 1.022 0.774 1.044 0.581 1.08 0.596 1.158 0.414 0.613 0.767 1.023
2654 0.764 1.051 0.752 1.004 0.964 0.501 0.24 0.921 0.654 1.013 0.87 0.983 0.694 1.077 0.695 1.138 0.456 0.638 0.858 0.975
2655 0.867 1.026 0.844 0.981 0.984 0.487 0.3 0.972 0.743 1.003 0.924 0.916 0.791 1.087 0.801 1.132 0.49 0.683 0.884 0.949
2656 0.967 0.98 0.891 0.941 1.004 0.475 0.369 0.991 0.831 0.98 0.999 0.921 0.902 1.06 0.865 1.13 0.503 0.742 0.953 0.933
2657 1.069 0.928 0.99 0.914 1.033 0.44 0.439 0.991 0.901 0.935 1.088 0.928 0.984 1.031 0.904 1.141 0.523 0.815 1.055 0.889
2658 1.088 0.819 1.071 0.87 1.045 0.398 0.515 0.988 0.985 0.909 1.119 0.891 1.02 1.05 0.991 1.119 0.58 0.858 1.093 0.816
2659 1.065 0.728 1.099 0.786 1.043 0.364 0.586 0.995 1.041 0.873 1.111 0.795 1.058 1.068 1.04 1.072 0.632 0.878 1.115 0.685
2660 1.043 0.609 1.099 0.674 1.034 0.34 0.65 1.006 1.077 0.789 1.109 0.69 1.102 1.003 1.078 0.92 0.668 0.89 1.149 0.578
2661 1.023 0.511 1.113 0.567 1.024 0.321 0.733 1.02 1.093 0.694 1.124 0.573 1.108 0.913 1.083 0.782 0.73 0.891 1.115 0.476
2662 0.986 0.411 1.106 0.468 1.032 0.294 0.773 1.012 1.096 0.584 1.122 0.458 1.103 0.821 1.096 0.666 0.783 0.9 1.044 0.352
2663 0.892 0.371 1.094 0.378 1.002 0.26 0.814 0.965 1.091 0.484 1.075 0.334 1.064 0.723 1.098 0.556 0.852 0.804 1.046 0.271
2664 0.837 0.309 1.094 0.278 1.009 0.166 0.889 0.899 1.078 0.39 1.031 0.288 1.035 0.619 1.088 0.454 0.884 0.714 1.061 0.217
2665 0.824 0.22 1.149 0.218 1.061 0.113 0.98 0.741 1.06 0.294 1.024 0.202 1.01 0.509 1.082 0.341 0.903 0.634 1.072 0.177
2666 0.901 0.136 1.148 0.124 1.142 0.072 0.963 0.622 1.043 0.183 1.039 0.128 1.018 0.399 1.112 0.268 0.918 0.553 1.074 0.149
2667 0.995 0.103 1.138 0.063 1.103 0.029 0.977 0.517 1.067 0.128 1.065 0.101 1.023 0.298 1.133 0.192 0.908 0.485 1.111 0.065
2668 1.005 0.079 1.106 0.045 1.101 0.047 0.966 0.365 1.065 0.107 1.036 0.039 1.027 0.207 1.158 0.138 0.908 0.407 1.085 0.052
2669 0.885 0.1 1.066 0.052 1.049 0.064 0.954 0.27 1.069 0.092 0.909 0.046 1.027 0.163 1.163 0.049 0.902 0.34 1.012 0.063
2670 0.778 0.089 0.961 0.059 0.963 0.068 0.912 0.203 1.082 0.082 0.8 0.045 0.943 0.149 1.125 0.046 0.888 0.288 0.877 0.064
2671 0.661 0.088 0.839 0.073 0.883 0.085 0.827 0.166 1.021 0.073 0.686 0.042 0.843 0.145 1.077 0.059 0.835 0.264 0.764 0.072
2672 0.564 0.128 0.736 0.071 0.798 0.091 0.721 0.156 0.9 0.091 0.595 0.051 0.718 0.119 1.045 0.052 0.759 0.261 0.67 0.055
2673 0.497 0.186 0.648 0.069 0.719 0.091 0.654 0.177 0.779 0.094 0.495 0.055 0.59 0.123 1.022 0.052 0.618 0.233 0.561 0.089
2674 0.446 0.27 0.552 0.098 0.63 0.112 0.561 0.172 0.682 0.097 0.447 0.052 0.467 0.121 0.991 0.064 0.504 0.237 0.449 0.125
2675 0.407 0.343 0.451 0.108 0.537 0.13 0.447 0.145 0.576 0.089 0.341 0.052 0.346 0.116 0.963 0.067 0.419 0.241 0.35 0.134
2676 0.435 0.423 0.358 0.087 0.433 0.143 0.353 0.128 0.459 0.08 0.248 0.076 0.242 0.143 0.925 0.074 0.349 0.266 0.288 0.178
2677 0.457 0.493 0.319 0.055 0.389 0.187 0.252 0.12 0.369 0.085 0.203 0.118 0.26 0.201 0.888 0.077 0.315 0.338 0.232 0.251
2678 0.443 0.564 0.214 0.069 0.332 0.295 0.203 0.192 0.302 0.121 0.147 0.118 0.241 0.293 0.865 0.069 0.336 0.42 0.247 0.353
2679 0.423 0.649 0.131 0.08 0.336 0.395 0.139 0.242 0.261 0.188 0.096 0.162 0.244 0.388 0.831 0.064 0.359 0.498 0.247 0.46
2680 0.366 0.688 0.092 0.119 0.345 0.496 0.123 0.346 0.247 0.305 0.065 0.235 0.263 0.5 0.799 0.072 0.375 0.562 0.28 0.576
2681 0.335 0.782 0.124 0.241 0.35 0.6 0.14 0.475 0.262 0.424 0.064 0.334 0.294 0.616 0.757 0.075 0.381 0.652 0.299 0.688
2682 0.366 0.849 0.149 0.376 0.358 0.7 0.125 0.56 0.336 0.496 0.066 0.423 0.298 0.715 0.722 0.071 0.4 0.724 0.302 0.764
2683 0.448 0.89 0.158 0.49 0.388 0.767 0.178 0.675 0.421 0.519 0.036 0.448 0.313 0.768 0.688 0.076 0.444 0.78 0.358 0.84
2684 0.542 0.853 0.113 0.546 0.453 0.832 0.162 0.774 0.503 0.469 0.065 0.558 0.36 0.831 0.655 0.072 0.508 0.811 0.438 0.868
2685 0.565 0.783 0.133 0.689 0.513 0.834 0.269 0.819 0.559 0.376 0.085 0.677 0.416 0.838 0.629 0.058 0.593 0.739 0.523 0.877
2686 0.567 0.735 0.177 0.794 0.542 0.78 0.4 0.797 0.634 0.322 0.087 0.772 0.485 0.828 0.655 0.073 0.626 0.618 0.586 0.829
2687 0.565 0.676 0.323 0.846 0.568 0.718 0.495 0.747 0.663 0.216 0.087 0.854 0.533 0.754 0.639 0.077 0.655 0.503 0.615 0.796
2688 0.569 0.597 0.466 0.793 0.604 0.655 0.518 0.679 0.686 0.223 0.085 0.912 0.573 0.693 0.648 0.128 0.707 0.424 0.661 0.733
2689 0.598 0.545 0.561 0.663 0.657 0.596 0.58 0.608 0.716 0.276 0.188 0.958 0.615 0.641 0.673 0.188 0.787 0.436 0.621 0.692
2690 0.645 0.488 0.651 0.564 0.699 0.537 0.674 0.501 0.778 0.359 0.33 0.908 0.673 0.576 0.716 0.261 0.823 0.52 0.661 0.624
2691 0.7 0.436 0.717 0.532 0.777 0.496 0.725 0.511 0.788 0.432 0.465 0.81 0.793 0.593 0.755 0.332 0.801 0.462 0.714 0.61
2692 0.767 0.409 0.783 0.513 0.845 0.534 0.75 0.491 0.826 0.511 0.582 0.747 0.8 0.674 0.776 0.388 0.89 0.521 0.752 0.628
2693 0.823 0.441 0.837 0.534 0.936 0.613 0.819 0.473 0.915 0.548 0.701 0.764 0.858 0.751 0.835 0.422 0.951 0.587 0.822 0.64
2694 0.844 0.452 0.918 0.576 1.036 0.652 0.885 0.527 1.0 0.619 0.784 0.82 0.958 0.768 0.902 0.448 1.036 0.627 0.886 0.668
2695 0.87 0.481 0.991 0.624 1.048 0.734 0.962 0.54 1.1 0.658 0.857 0.872 1.069 0.765 0.963 0.462 1.127 0.653 0.932 0.705
2696 0.909 0.498 1.06 0.669 1.035 0.861 1.034 0.527 1.099 0.739 0.91 0.926 1.111 0.856 1.012 0.469 1.136 0.732 0.973 0.779
2697 0.946 0.491 1.087 0.757 1.036 0.979 1.08 0.51 1.114 0.834 0.959 0.983 1.072 0.966 1.07 0.48 1.142 0.769 0.982 0.876
2698 0.976 0.475 1.077 0.845 1.04 1.083 1.087 0.534 1.129 0.925 1.001 1.051 1.044 1.049 1.111 0.513 1.101 0.847 1.003 0.965
2699 1.01 0.479 1.088 0.964 1.071 1.152 1.073 0.605 1.119 1.012 1.022 1.124 1.035 1.074 1.096 0.549 1.118 0.945 1.032 1.024
2700 1.031 0.471 1.104 1.03 1.123 1.161 1.071 0.681 1.132 1.15 0.951 1.128 1.002 1.088 1.081 0.494 1.123 1.006 1.019 1.082
2701 1.033 0.434 1.092 1.089 1.109 1.117 1.078 0.745 1.109 1.108 0.965 1.097 0.969 1.068 1.083 0.443 1.136 1.042 1.07 1.125
2702 1.006 0.392 1.028 1.071 1.072 1.138 1.074 0.806 1.061 1.121 0.982 1.054 1.022 0.989 1.097 0.395 1.118 1.081 1.041 1.129
2703 0.98 0.362 1.019 0.968 0.985 1.125 1.063 0.842 0.981 1.077 0.981 1.046 1.04 0.869 1.076 0.36 1.081 1.084 0.972 1.106
2704 0.966 0.341 1.037 0.9 0.984 1.149 1.029 0.804 1.033 1.054 0.985 0.957 1.046 0.878 1.049 0.347 1.053 0.994 0.954 1.035
2705 0.955 0.299 0.975 0.922 1.004 1.081 0.988 0.747 0.984 1.066 0.964 0.973 1.042 0.847 1.008 0.341 1.037 0.934 0.955 0.97
2706 0.982 0.262 0.999 0.895 0.962 1.054 0.993 0.645 0.999 0.971 0.982 0.935 1.011 0.776 0.987 0.31 1.006 0.885 0.956 0.895
2707 0.986 0.265 0.978 0.857 0.973 0.96 0.937 0.564 1.019 0.896 0.982 0.902 0.98 0.685 1.027 0.266 1.003 0.782 0.973 0.868
2708 0.973 0.289 0.937 0.747 0.945 0.896 0.96 0.44 1.023 0.797 0.974 0.835 0.961 0.604 1.007 0.286 0.975 0.684 0.984 0.792
2709 0.934 0.307 0.931 0.653 0.903 0.881 0.973 0.342 0.986 0.676 0.964 0.7 0.954 0.496 0.987 0.273 0.961 0.595 0.965 0.689
2710 0.937 0.248 0.903 0.53 0.866 0.853 0.903 0.301 0.937 0.551 0.92 0.577 0.916 0.402 0.978 0.261 0.935 0.499 0.905 0.542
2711 0.893 0.231 0.84 0.435 0.843 0.81 0.84 0.298 0.926 0.465 0.857 0.537 0.842 0.334 0.971 0.24 0.863 0.406 0.885 0.439
2712 0.83 0.217 0.744 0.396 0.807 0.792 0.785 0.271 0.905 0.369 0.76 0.45 0.741 0.309 0.961 0.221 0.813 0.338 0.821 0.373
2713 0.742 0.16 0.647 0.358 0.77 0.814 0.73 0.255 0.92 0.291 0.639 0.392 0.653 0.274 0.946 0.207 0.688 0.287 0.704 0.301
2714 0.653 0.099 0.558 0.277 0.733 0.839 0.646 0.208 0.874 0.218 0.546 0.304 0.552 0.21 0.933 0.2 0.585 0.233 0.584 0.252
2715 0.555 0.069 0.421 0.227 0.737 0.834 0.605 0.186 0.764 0.181 0.373 0.258 0.417 0.206 0.909 0.195 0.474 0.2 0.453 0.23
2716 0.423 0.104 0.328 0.3 0.733 0.813 0.528 0.166 0.659 0.172 0.274 0.307 0.317 0.239 0.861 0.193 0.425 0.175 0.341 0.283
2717 0.284 0.136 0.153 0.348 0.693 0.81 0.478 0.192 0.538 0.163 0.09 0.362 0.185 0.276 0.802 0.188 0.297 0.223 0.188 0.341
2718 0.161 0.207 0.114 0.375 0.653 0.82 0.365 0.204 0.428 0.163 0.102 0.341 0.149 0.337 0.744 0.196 0.17 0.318 0.155 0.364
2719 0.102 0.278 0.124 0.44 0.636 0.854 0.268 0.262 0.323 0.175 0.102 0.311 0.136 0.313 0.687 0.204 0.172 0.312 0.19 0.345
2720 0.121 0.276 0.129 0.51 0.662 0.892 0.232 0.292 0.223 0.19 0.117 0.316 0.128 0.364 0.632 0.213 0.154 0.346 0.121 0.43
2721 0.126 0.325 0.143 0.587 0.699 0.905 0.21 0.305 0.185 0.128 0.145 0.391 0.139 0.455 0.575 0.229 0.153 0.474 0.156 0.548
2722 0.16 0.407 0.204 0.688 0.725 0.947 0.184 0.37 0.135 0.214 0.146 0.482 0.148 0.54 0.522 0.227 0.16 0.572 0.181 0.677
2723 0.161 0.511 0.204 0.822 0.726 0.981 0.2 0.451 0.12 0.334 0.172 0.577 0.164 0.605 0.484 0.224 0.172 0.66 0.178 0.77
2724 0.181 0.602 0.306 0.89 0.742 1.014 0.232 0.554 0.112 0.428 0.224 0.685 0.188 0.7 0.477 0.213 0.22 0.755 0.226 0.827
2725 0.219 0.692 0.427 0.891 0.783 1.028 0.252 0.631 0.123 0.525 0.236 0.775 0.204 0.791 0.485 0.199 0.252 0.817 0.324 0.876
2726 0.281 0.754 0.569 0.906 0.811 0.995 0.294 0.7 0.138 0.633 0.341 0.831 0.265 0.886 0.439 0.169 0.34 0.857 0.448 0.891
2727 0.404 0.782 0.706 0.907 0.816 0.943 0.356 0.765 0.164 0.728 0.46 0.877 0.328 0.927 0.392 0.221 0.454 0.884 0.56 0.91
2728 0.536 0.788 0.79 0.845 0.801 0.892 0.414 0.833 0.212 0.816 0.562 0.897 0.39 0.953 0.382 0.274 0.54 0.902 0.665 0.89
2729 0.656 0.771 0.808 0.832 0.782 0.894 0.487 0.898 0.257 0.888 0.67 0.884 0.477 0.966 0.386 0.318 0.675 0.94 0.751 0.762
2730 0.714 0.702 0.824 0.775 0.861 0.936 0.569 0.89 0.348 0.947 0.771 0.904 0.555 0.981 0.381 0.371 0.745 0.967 0.749 0.682
2731 0.734 0.611 0.876 0.77 0.871 0.982 0.644 0.873 0.437 0.964 0.822 0.934 0.619 0.961 0.38 0.442 0.798 1.014 0.81 0.615
2732 0.81 0.57 0.931 0.768 0.891 1.053 0.727 0.829 0.561 0.994 0.843 0.972 0.678 0.96 0.397 0.508 0.849 1.048 0.923 0.623
2733 0.884 0.558 0.968 0.718 0.989 1.072 0.812 0.794 0.654 0.999 0.877 1.021 0.773 0.974 0.433 0.581 0.94 1.046 0.934 0.546
2734 0.916 0.533 0.979 0.676 1.072 1.019 0.858 0.735 0.738 1.026 0.935 1.033 0.865 0.971 0.468 0.627 1.026 0.991 0.95 0.639
2735 0.902 0.605 0.979 0.707 1.114 0.89 0.915 0.704 0.816 1.049 1.004 0.985 0.931 0.97 0.501 0.655 1.066 0.89 0.945 0.611
2736 0.866 0.657 0.969 0.7 1.118 0.782 0.915 0.71 0.893 1.053 1.044 0.894 0.964 0.945 0.546 0.666 1.041 0.791 0.932 0.591
2737 0.767 0.663 0.997 0.641 1.139 0.703 0.852 0.64 0.961 1.022 1.032 0.797 0.961 0.877 0.61 0.662 1.015 0.747 0.904 0.595
2738 0.711 0.574 0.971 0.561 1.133 0.606 0.759 0.642 1.034 0.952 1.013 0.735 0.965 0.811 0.655 0.643 1.004 0.672 0.863 0.564
2739 0.679 0.483 0.952 0.48 1.106 0.516 0.683 0.656 1.055 0.85 1.004 0.66 0.949 0.741 0.674 0.602 1.006 0.58 0.824 0.527
2740 0.711 0.43 0.973 0.436 1.054 0.419 0.641 0.623 1.051 0.741 1.011 0.601 0.918 0.661 0.673 0.542 1.03 0.547 0.795 0.495
2741 0.804 0.385 0.952 0.361 1.002 0.315 0.611 0.595 1.056 0.629 1.024 0.542 0.892 0.572 0.688 0.498 1.018 0.49 0.768 0.456
2742 0.858 0.334 0.938 0.309 0.92 0.263 0.62 0.55 1.067 0.535 1.011 0.494 0.852 0.501 0.721 0.464 0.973 0.429 0.736 0.434
2743 0.815 0.243 0.94 0.286 0.889 0.277 0.671 0.476 1.091 0.471 0.977 0.431 0.848 0.452 0.764 0.423 0.962 0.372 0.731 0.402
2744 0.713 0.256 0.967 0.218 0.838 0.226 0.744 0.412 1.064 0.364 0.977 0.371 0.818 0.399 0.825 0.37 0.974 0.315 0.698 0.367
2745 0.605 0.258 0.925 0.125 0.821 0.178 0.812 0.377 1.063 0.273 0.976 0.31 0.808 0.328 0.853 0.308 0.957 0.241 0.647 0.366
2746 0.551 0.306 0.86 0.057 0.799 0.142 0.852 0.314 1.056 0.188 0.961 0.25 0.796 0.251 0.857 0.254 0.919 0.213 0.609 0.396
2747 0.517 0.355 0.758 0.028 0.809 0.097 0.855 0.226 1.02 0.124 0.907 0.2 0.719 0.185 0.828 0.2 0.857 0.144 0.577 0.433
2748 0.467 0.403 0.669 0.048 0.784 0.11 0.81 0.174 0.988 0.082 0.86 0.145 0.673 0.134 0.785 0.156 0.824 0.115 0.552 0.471
2749 0.387 0.436 0.569 0.067 0.708 0.107 0.763 0.174 0.967 0.051 0.809 0.13 0.61 0.149 0.708 0.179 0.785 0.09 0.537 0.513
2750 0.306 0.459 0.498 0.087 0.63 0.142 0.673 0.2 0.902 0.049 0.742 0.162 0.526 0.204 0.643 0.285 0.733 0.066 0.539 0.561
2751 0.235 0.428 0.39 0.113 0.567 0.146 0.636 0.276 0.825 0.065 0.683 0.197 0.431 0.262 0.596 0.383 0.679 0.058 0.536 0.601
2752 0.23 0.32 0.291 0.113 0.515 0.151 0.601 0.347 0.751 0.076 0.644 0.263 0.374 0.328 0.57 0.455 0.615 0.069 0.533 0.641
2753 0.191 0.207 0.178 0.071 0.446 0.156 0.559 0.42 0.681 0.115 0.604 0.333 0.321 0.364 0.558 0.486 0.558 0.059 0.574 0.651
2754 0.115 0.136 0.089 0.055 0.389 0.151 0.554 0.474 0.58 0.101 0.565 0.401 0.286 0.41 0.565 0.521 0.504 0.094 0.592 0.609
2755 0.075 0.207 0.035 0.047 0.337 0.144 0.564 0.5 0.476 0.124 0.562 0.467 0.28 0.454 0.566 0.541 0.434 0.156 0.582 0.562
2756 0.104 0.352 0.053 0.19 0.294 0.176 0.575 0.529 0.351 0.143 0.566 0.51 0.327 0.524 0.572 0.557 0.348 0.21 0.581 0.569
2757 0.155 0.478 0.075 0.313 0.251 0.257 0.573 0.541 0.258 0.183 0.528 0.505 0.388 0.559 0.527 0.594 0.311 0.296 0.562 0.578
2758 0.205 0.59 0.094 0.441 0.23 0.334 0.564 0.564 0.219 0.27 0.473 0.516 0.436 0.559 0.516 0.643 0.303 0.398 0.526 0.592
2759 0.255 0.693 0.157 0.552 0.234 0.388 0.526 0.588 0.184 0.333 0.424 0.544 0.472 0.591 0.475 0.67 0.32 0.506 0.519 0.618
2760 0.254 0.794 0.229 0.649 0.262 0.434 0.516 0.62 0.164 0.282 0.381 0.575 0.473 0.632 0.351 0.673 0.316 0.615 0.499 0.645
2761 0.265 0.902 0.267 0.766 0.278 0.48 0.5 0.644 0.124 0.361 0.366 0.613 0.474 0.672 0.283 0.774 0.316 0.722 0.484 0.654
2762 0.348 0.957 0.305 0.925 0.271 0.535 0.474 0.678 0.121 0.467 0.354 0.67 0.441 0.708 0.326 0.888 0.346 0.828 0.431 0.701
2763 0.475 0.954 0.395 0.972 0.246 0.61 0.442 0.713 0.135 0.558 0.361 0.715 0.408 0.782 0.43 0.951 0.433 0.886 0.418 0.714
2764 0.556 1.008 0.497 1.026 0.197 0.646 0.432 0.801 0.18 0.635 0.375 0.754 0.435 0.848 0.496 0.951 0.517 0.924 0.386 0.722
2765 0.676 1.054 0.597 1.075 0.244 0.736 0.446 0.884 0.164 0.726 0.38 0.81 0.482 0.906 0.643 0.996 0.627 0.971 0.379 0.708
2766 0.802 1.042 0.662 1.1 0.319 0.822 0.497 0.936 0.148 0.785 0.37 0.838 0.595 0.985 0.811 1.024 0.726 1.004 0.348 0.723
2767 0.913 1.047 0.715 1.124 0.364 0.876 0.582 0.96 0.176 0.875 0.394 0.843 0.705 1.015 0.866 0.97 0.79 1.049 0.352 0.769
2768 0.995 1.053 0.782 1.132 0.371 0.91 0.661 0.977 0.255 0.937 0.47 0.908 0.8 1.055 0.965 0.974 0.87 1.098 0.362 0.798
2769 1.065 0.994 0.891 1.117 0.367 0.94 0.732 1.007 0.265 0.997 0.5 1.003 0.885 1.103 1.086 0.96 0.944 1.112 0.357 0.827
2770 1.068 0.889 0.961 1.105 0.366 0.983 0.779 1.053 0.311 1.045 0.433 1.074 0.995 1.078 1.129 0.879 1.015 1.08 0.344 0.853
2771 1.043 0.79 1.052 1.058 0.385 1.016 0.854 1.062 0.336 1.106 0.391 1.078 1.045 0.996 1.115 0.754 1.099 1.003 0.326 0.89
2772 1.047 0.708 1.106 0.976 0.445 0.993 0.942 1.031 0.281 1.109 0.445 1.072 1.087 0.884 1.158 0.751 1.134 0.917 0.36 0.906
2773 1.03 0.606 1.133 0.913 0.501 0.95 1.0 0.975 0.224 1.074 0.503 1.057 1.088 0.773 1.14 0.724 1.16 0.892 0.387 0.882
2774 1.029 0.505 1.151 0.879 0.52 0.94 1.051 0.946 0.156 1.039 0.541 1.074 1.064 0.669 1.085 0.606 1.165 0.844 0.4 0.841
2775 1.046 0.427 1.149 0.815 0.556 0.935 1.09 0.906 0.137 0.952 0.604 1.067 1.093 0.578 1.121 0.498 1.142 0.746 0.41 0.8
2776 1.06 0.338 1.138 0.717 0.595 0.909 1.116 0.841 0.226 0.873 0.664 1.022 1.123 0.495 1.136 0.358 1.138 0.642 0.41 0.773
2777 1.014 0.235 1.136 0.621 0.604 0.866 1.133 0.752 0.36 0.871 0.709 0.978 1.103 0.387 1.147 0.244 1.138 0.532 0.403 0.749
2778 0.978 0.156 1.127 0.509 0.627 0.835 1.112 0.662 0.429 0.834 0.73 0.921 1.108 0.28 1.125 0.15 1.12 0.414 0.383 0.726
2779 0.894 0.12 1.117 0.393 0.644 0.806 1.036 0.591 0.539 0.849 0.754 0.871 1.051 0.185 1.03 0.079 1.12 0.296 0.375 0.702
2780 0.817 0.106 1.101 0.273 0.67 0.768 1.049 0.453 0.632 0.828 0.824 0.796 0.983 0.131 0.905 0.052 1.112 0.191 0.371 0.669
2781 0.738 0.12 1.092 0.173 0.695 0.72 1.045 0.317 0.706 0.763 0.871 0.751 0.875 0.103 0.768 0.051 1.068 0.093 0.379 0.652
2782 0.657 0.168 1.04 0.091 0.68 0.685 0.968 0.195 0.774 0.692 0.866 0.665 0.777 0.107 0.646 0.094 0.946 0.056 0.398 0.643
2783 0.537 0.2 0.921 0.057 0.66 0.653 0.836 0.158 0.794 0.582 0.87 0.603 0.711 0.147 0.523 0.171 0.816 0.058 0.438 0.641
2784 0.454 0.192 0.865 0.056 0.62 0.633 0.725 0.159 0.769 0.468 0.848 0.517 0.613 0.201 0.415 0.178 0.698 0.065 0.462 0.647
2785 0.384 0.274 0.746 0.066 0.568 0.642 0.636 0.176 0.727 0.367 0.833 0.445 0.505 0.195 0.333 0.203 0.599 0.067 0.497 0.642
2786 0.298 0.318 0.622 0.063 0.521 0.669 0.58 0.16 0.656 0.269 0.772 0.379 0.401 0.17 0.25 0.299 0.485 0.066 0.511 0.639
2787 0.261 0.424 0.509 0.092 0.486 0.689 0.489 0.163 0.596 0.19 0.706 0.315 0.289 0.269 0.185 0.417 0.376 0.089 0.527 0.654
2788 0.261 0.533 0.399 0.151 0.479 0.731 0.423 0.162 0.521 0.149 0.584 0.253 0.251 0.392 0.141 0.51 0.286 0.159 0.511 0.673
2789 0.298 0.65 0.281 0.225 0.491 0.765 0.321 0.273 0.437 0.143 0.502 0.327 0.253 0.523 0.199 0.638 0.222 0.269 0.492 0.69
2790 0.346 0.734 0.211 0.313 0.516 0.792 0.283 0.429 0.393 0.172 0.385 0.412 0.303 0.624 0.311 0.732 0.196 0.389 0.484 0.726
2791 0.398 0.835 0.184 0.407 0.517 0.836 0.322 0.609 0.357 0.262 0.378 0.58 0.395 0.701 0.374 0.795 0.183 0.517 0.491 0.757
2792 0.483 0.93 0.201 0.516 0.531 0.886 0.412 0.718 0.327 0.396 0.428 0.715 0.486 0.789 0.501 0.867 0.276 0.652 0.524 0.812
2793 0.575 1.002 0.261 0.615 0.615 0.925 0.489 0.79 0.31 0.531 0.523 0.759 0.54 0.809 0.571 0.901 0.366 0.705 0.542 0.846
2794 0.696 0.99 0.342 0.692 0.723 0.996 0.539 0.809 0.359 0.656 0.572 0.823 0.542 0.874 0.625 0.92 0.446 0.753 0.606 0.893
2795 0.805 0.98 0.435 0.771 0.834 1.034 0.568 0.856 0.419 0.758 0.633 0.854 0.539 0.903 0.665 0.98 0.428 0.89 0.639 0.97
2796 0.87 0.968 0.5 0.88 0.927 1.006 0.616 0.914 0.439 0.863 0.674 0.894 0.545 0.938 0.68 1.052 0.352 0.996 0.627 0.999
2797 0.959 0.98 0.537 0.928 1.003 0.942 0.642 0.995 0.443 0.965 0.707 0.952 0.552 0.957 0.594 1.11 0.285 1.097 0.586 1.044
2798 1.017 0.9 0.554 0.955 1.091 0.856 0.627 1.041 0.397 1.066 0.701 1.009 0.584 0.962 0.474 1.131 0.357 1.151 0.538 1.063
2799 1.061 0.817 0.616 0.94 1.144 0.795 0.635 1.067 0.385 1.135 0.676 1.06 0.61 0.97 0.422 1.146 0.357 1.126 0.487 1.067
2800 1.064 0.713 0.629 0.917 1.122 0.708 0.657 1.092 0.356 1.081 0.722 1.084 0.663 1.023 0.489 1.146 0.292 1.125 0.438 1.06
2801 1.058 0.619 0.63 0.896 1.089 0.625 0.689 1.118 0.42 1.024 0.781 1.063 0.758 0.949 0.591 1.122 0.249 1.09 0.42 1.003
2802 1.089 0.536 0.615 0.858 1.111 0.501 0.677 1.092 0.503 0.995 0.841 1.039 0.875 0.825 0.678 1.159 0.285 1.035 0.425 0.961
2803 1.132 0.566 0.6 0.818 1.108 0.4 0.74 1.098 0.623 1.024 0.931 0.965 0.986 0.698 0.648 1.155 0.339 1.025 0.415 0.918
2804 1.067 0.646 0.587 0.793 1.116 0.304 0.821 1.045 0.735 1.051 1.006 0.861 1.083 0.672 0.625 1.151 0.384 1.03 0.419 0.882
2805 1.084 0.69 0.574 0.78 1.163 0.277 0.93 0.969 0.831 1.051 1.04 0.798 1.046 0.77 0.595 1.148 0.453 1.002 0.442 0.844
2806 1.049 0.739 0.57 0.746 1.155 0.211 0.995 0.88 0.927 1.033 1.001 0.774 1.017 0.741 0.57 1.141 0.509 0.988 0.464 0.808
2807 1.0 0.678 0.586 0.711 1.091 0.134 0.993 0.794 0.983 0.946 1.02 0.73 0.977 0.683 0.606 1.135 0.578 0.988 0.475 0.763
2808 1.04 0.608 0.606 0.687 1.004 0.133 0.99 0.746 1.004 0.849 1.015 0.682 1.008 0.575 0.634 1.119 0.673 0.99 0.467 0.73
2809 1.068 0.534 0.619 0.675 0.921 0.186 0.973 0.643 0.983 0.754 1.03 0.615 1.06 0.475 0.68 1.124 0.766 0.931 0.436 0.709
2810 1.065 0.473 0.637 0.657 0.81 0.234 0.961 0.522 0.974 0.65 1.046 0.518 1.066 0.366 0.696 1.079 0.859 0.881 0.389 0.721
2811 1.02 0.389 0.657 0.637 0.725 0.254 0.91 0.408 0.962 0.539 1.04 0.445 0.992 0.282 0.651 1.059 0.929 0.794 0.344 0.719
2812 0.956 0.356 0.675 0.62 0.692 0.234 0.846 0.31 0.917 0.446 1.011 0.384 0.906 0.251 0.623 1.074 0.966 0.684 0.3 0.724
2813 0.891 0.303 0.693 0.602 0.682 0.227 0.747 0.201 0.832 0.374 0.949 0.344 0.815 0.166 0.58 1.085 1.021 0.646 0.259 0.742
2814 0.791 0.263 0.693 0.568 0.643 0.142 0.685 0.199 0.747 0.328 0.875 0.286 0.706 0.1 0.499 1.06 1.063 0.572 0.225 0.772
2815 0.74 0.218 0.667 0.553 0.531 0.142 0.65 0.167 0.654 0.251 0.781 0.236 0.594 0.097 0.415 1.037 1.084 0.446 0.213 0.801
2816 0.671 0.142 0.627 0.571 0.416 0.177 0.616 0.167 0.541 0.212 0.72 0.197 0.477 0.086 0.316 0.966 1.091 0.315 0.168 0.829
2817 0.613 0.117 0.604 0.59 0.304 0.249 0.546 0.198 0.452 0.187 0.667 0.15 0.386 0.152 0.275 0.868 1.122 0.217 0.131 0.846
2818 0.542 0.122 0.58 0.576 0.209 0.363 0.486 0.19 0.399 0.168 0.617 0.129 0.286 0.231 0.194 0.846 1.153 0.181 0.094 0.792
2819 0.481 0.119 0.56 0.57 0.142 0.498 0.386 0.27 0.349 0.256 0.532 0.125 0.229 0.352 0.145 0.781 1.142 0.099 0.091 0.719
2820 0.465 0.101 0.54 0.582 0.105 0.602 0.285 0.411 0.254 0.36 0.492 0.121 0.189 0.456 0.085 0.73 1.12 0.051 0.097 0.653
2821 0.407 0.136 0.53 0.609 0.142 0.608 0.226 0.466 0.169 0.444 0.442 0.124 0.141 0.547 0.098 0.651 1.013 0.065 0.124 0.652
2822 0.348 0.175 0.53 0.631 0.124 0.602 0.184 0.555 0.113 0.518 0.369 0.169 0.183 0.59 0.151 0.7 0.977 0.035 0.16 0.643
2823 0.315 0.219 0.532 0.648 0.179 0.592 0.235 0.589 0.071 0.543 0.335 0.192 0.197 0.635 0.253 0.734 0.928 0.057 0.249 0.699
2824 0.278 0.561 0.553 0.68 0.11 0.62 0.242 0.61 0.102 0.606 0.301 0.265 0.255 0.708 0.338 0.782 0.879 0.049 0.306 0.727
2825 0.283 0.411 0.57 0.716 0.288 0.626 0.301 0.517 0.171 0.675 0.29 0.337 0.323 0.74 0.399 0.847 0.815 0.089 0.374 0.741
2826 0.269 0.481 0.593 0.74 0.336 0.617 0.322 0.476 0.263 0.647 0.284 0.422 0.385 0.683 0.434 0.88 0.71 0.2 0.467 0.797
2827 0.278 0.546 0.617 0.749 0.366 0.586 0.356 0.446 0.327 0.631 0.302 0.463 0.443 0.735 0.466 0.896 0.594 0.278 0.527 0.825
2828 0.29 0.587 0.646 0.751 0.381 0.558 0.345 0.397 0.425 0.709 0.338 0.454 0.478 0.826 0.531 0.919 0.49 0.374 0.59 0.883
2829 0.324 0.648 0.67 0.755 0.419 0.568 0.37 0.363 0.484 0.811 0.347 0.428 0.578 0.914 0.576 0.965 0.415 0.394 0.641 0.937
2830 0.354 0.689 0.693 0.76 0.467 0.622 0.343 0.357 0.561 0.909 0.361 0.391 0.656 1.015 0.66 1.027 0.407 0.336 0.701 0.971
2831 0.411 0.716 0.721 0.764 0.523 0.698 0.304 0.276 0.632 0.966 0.37 0.356 0.684 1.075 0.724 1.065 0.454 0.328 0.748 1.003
2832 0.47 0.721 0.754 0.787 0.583 0.793 0.32 0.173 0.683 1.021 0.42 0.329 0.698 1.089 0.741 1.091 0.493 0.309 0.822 0.98
2833 0.54 0.769 0.783 0.799 0.635 0.894 0.419 0.143 0.708 1.078 0.454 0.319 0.768 1.119 0.812 1.078 0.513 0.273 0.872 0.993
2834 0.619 0.81 0.797 0.802 0.694 0.986 0.472 0.087 0.773 1.106 0.543 0.42 0.89 1.102 0.892 1.073 0.564 0.243 0.893 1.043
2835 0.677 0.824 0.808 0.806 0.747 1.022 0.532 0.054 0.853 1.066 0.61 0.608 0.896 1.087 1.013 1.09 0.617 0.239 0.983 1.032
2836 0.741 0.851 0.807 0.837 0.815 1.047 0.621 0.088 0.93 1.044 0.692 0.722 0.961 1.031 1.02 1.056 0.662 0.253 1.039 0.957
2837 0.79 0.885 0.804 0.85 0.856 1.079 0.67 0.164 1.001 1.043 0.738 0.81 0.967 0.923 1.028 1.06 0.703 0.297 1.012 0.869
2838 0.791 0.907 0.797 0.865 0.873 1.117 0.706 0.246 1.014 1.057 0.766 0.865 0.964 0.837 1.042 1.058 0.732 0.34 1.034 0.765
2839 0.787 0.952 0.815 0.895 0.843 1.147 0.693 0.323 1.017 1.079 0.796 0.919 0.957 0.767 1.025 1.061 0.775 0.38 1.02 0.708
2840 0.772 1.005 0.816 0.925 0.84 1.155 0.646 0.345 1.028 1.073 0.788 0.955 0.985 0.725 1.021 1.043 0.819 0.396 1.011 0.61
2841 0.754 1.047 0.772 0.911 0.868 1.157 0.586 0.306 1.041 1.082 0.78 0.997 1.058 0.712 1.012 1.055 0.867 0.387 0.995 0.509
2842 0.767 1.086 0.746 0.882 0.918 1.144 0.547 0.288 1.062 1.12 0.77 1.037 1.086 0.622 1.024 1.057 0.911 0.356 1.009 0.428
2843 0.811 1.114 0.727 0.858 0.967 1.138 0.563 0.324 1.12 1.115 0.757 1.067 1.065 0.52 0.994 1.039 0.936 0.299 1.029 0.354
2844 0.851 1.137 0.71 0.831 0.987 1.149 0.627 0.35 1.117 1.034 0.786 1.095 0.986 0.461 0.987 0.927 0.937 0.254 1.038 0.291
2845 0.925 1.09 0.702 0.755 1.003 1.146 0.698 0.427 1.087 0.936 0.838 1.11 0.897 0.401 1.04 0.824 0.925 0.215 1.024 0.247
2846 0.966 1.015 0.719 0.697 1.028 1.147 0.781 0.467 1.068 0.842 0.901 1.084 0.848 0.301 1.066 0.754 0.901 0.187 1.013 0.202
2847 1.0 0.943 0.732 0.658 1.06 1.139 0.867 0.519 1.042 0.763 0.956 1.014 0.783 0.244 1.055 0.661 0.875 0.145 1.022 0.162
2848 1.031 0.893 0.75 0.632 1.058 1.107 0.929 0.579 1.01 0.686 0.993 0.938 0.725 0.151 0.99 0.557 0.881 0.102 1.012 0.095
2849 1.061 0.834 0.755 0.597 1.027 1.052 0.923 0.462 0.938 0.611 1.021 0.895 0.782 0.108 0.954 0.539 0.938 0.076 0.978 0.045
2850 1.046 0.742 0.766 0.573 1.01 1.005 0.904 0.34 0.893 0.538 1.045 0.845 0.739 0.074 0.918 0.43 0.99 0.096 0.986 0.078
2851 1.04 0.646 0.79 0.564 1.056 0.952 0.928 0.297 0.832 0.44 1.041 0.76 0.662 0.111 0.899 0.349 1.039 0.122 1.028 0.072
2852 1.01 0.549 0.799 0.507 1.068 0.869 0.98 0.203 0.831 0.314 1.019 0.652 0.58 0.146 0.912 0.259 1.068 0.157 1.061 0.036
2853 1.004 0.447 0.81 0.452 1.067 0.786 1.062 0.199 0.89 0.213 1.007 0.548 0.495 0.172 0.936 0.189 1.052 0.154 1.103 0.038
2854 1.05 0.372 0.831 0.413 1.031 0.734 1.079 0.244 0.973 0.18 1.023 0.44 0.434 0.14 1.011 0.165 1.118 0.133 1.144 0.05
2855 1.095 0.333 0.86 0.372 1.003 0.642 1.083 0.297 1.031 0.164 1.043 0.344 0.368 0.2 1.075 0.215 1.165 0.105 1.156 0.087
2856 1.074 0.323 0.891 0.337 0.973 0.549 1.14 0.296 1.109 0.202 1.069 0.355 0.294 0.211 1.109 0.264 1.162 0.125 1.15 0.054
2857 1.106 0.298 0.925 0.313 0.96 0.444 1.117 0.298 1.16 0.223 1.036 0.415 0.244 0.275 1.145 0.248 1.175 0.151 1.055 0.064
2858 1.088 0.37 0.943 0.291 0.995 0.451 1.112 0.282 1.125 0.182 0.991 0.368 0.231 0.353 1.112 0.244 1.156 0.177 0.986 0.039
2859 1.022 0.425 0.919 0.257 0.96 0.486 1.023 0.268 1.059 0.152 0.972 0.301 0.225 0.419 1.082 0.185 1.118 0.164 0.904 0.068
2860 0.953 0.427 0.874 0.265 0.935 0.528 0.956 0.198 1.018 0.153 0.879 0.283 0.243 0.499 1.035 0.144 1.085 0.135 0.792 0.095
2861 0.907 0.457 0.78 0.282 0.923 0.557 0.874 0.155 0.943 0.156 0.836 0.288 0.298 0.582 0.982 0.154 1.016 0.114 0.705 0.132
2862 0.891 0.515 0.7 0.26 0.896 0.59 0.777 0.141 0.876 0.164 0.811 0.32 0.286 0.618 0.911 0.163 0.936 0.096 0.631 0.156
2863 0.86 0.575 0.617 0.295 0.871 0.624 0.698 0.138 0.793 0.173 0.773 0.32 0.29 0.635 0.829 0.17 0.855 0.083 0.565 0.164
2864 0.889 0.605 0.593 0.392 0.827 0.659 0.607 0.15 0.762 0.157 0.747 0.319 0.329 0.62 0.77 0.145 0.773 0.08 0.478 0.173
2865 0.929 0.598 0.576 0.487 0.789 0.681 0.523 0.142 0.67 0.138 0.723 0.322 0.4 0.63 0.686 0.081 0.678 0.057 0.39 0.143
2866 0.968 0.597 0.587 0.516 0.753 0.709 0.431 0.133 0.635 0.092 0.707 0.365 0.478 0.629 0.638 0.063 0.593 0.076 0.296 0.179
2867 1.003 0.575 0.583 0.586 0.737 0.731 0.336 0.149 0.59 0.084 0.718 0.399 0.533 0.679 0.543 0.077 0.482 0.078 0.217 0.267
2868 0.965 0.538 0.622 0.667 0.739 0.717 0.236 0.198 0.525 0.079 0.751 0.418 0.618 0.718 0.466 0.086 0.378 0.102 0.18 0.259
2869 0.882 0.501 0.598 0.616 0.757 0.741 0.171 0.237 0.46 0.127 0.792 0.445 0.689 0.709 0.381 0.1 0.275 0.114 0.105 0.209
2870 0.824 0.473 0.363 0.36 0.765 0.776 0.103 0.231 0.345 0.15 0.764 0.463 0.688 0.747 0.279 0.113 0.173 0.12 0.055 0.297
2871 0.79 0.477 0.178 0.186 0.707 0.805 0.076 0.299 0.22 0.164 0.605 0.407 0.613 0.73 0.176 0.125 0.099 0.145 0.049 0.376
2872 0.761 0.464 0.073 0.249 0.686 0.802 0.117 0.364 0.124 0.221 0.446 0.358 0.518 0.704 0.07 0.226 0.056 0.261 0.078 0.482
2873 0.731 0.453 0.067 0.349 0.64 0.808 0.127 0.465 0.104 0.307 0.292 0.353 0.421 0.672 0.06 0.301 0.083 0.411 0.137 0.555
2874 0.708 0.453 0.092 0.476 0.595 0.827 0.094 0.538 0.126 0.347 0.224 0.342 0.33 0.665 0.078 0.375 0.065 0.512 0.217 0.611
2875 0.687 0.464 0.098 0.582 0.55 0.852 0.108 0.645 0.14 0.444 0.177 0.364 0.272 0.671 0.131 0.472 0.076 0.621 0.218 0.704
2876 0.674 0.472 0.126 0.713 0.511 0.887 0.144 0.759 0.143 0.564 0.149 0.455 0.214 0.657 0.129 0.579 0.105 0.739 0.227 0.781
2877 0.662 0.496 0.19 0.812 0.481 0.896 0.209 0.845 0.142 0.634 0.135 0.519 0.191 0.694 0.14 0.682 0.092 0.77 0.222 0.897
2878 0.643 0.513 0.283 0.861 0.435 0.91 0.251 0.896 0.152 0.719 0.126 0.618 0.213 0.74 0.141 0.776 0.108 0.827 0.218 0.967
2879 0.628 0.517 0.398 0.891 0.407 0.939 0.221 0.988 0.17 0.822 0.136 0.707 0.252 0.774 0.176 0.889 0.126 0.922 0.222 1.017
2880 0.604 0.505 0.426 0.941 0.43 0.976 0.33 1.032 0.185 0.915 0.099 0.753 0.287 0.806 0.224 0.97 0.136 0.997 0.233 1.051
2881 0.565 0.483 0.498 0.976 0.475 1.011 0.424 1.096 0.241 0.989 0.101 0.833 0.327 0.877 0.282 1.036 0.17 1.067 0.327 1.094
2882 0.508 0.517 0.576 1.014 0.515 1.042 0.531 1.139 0.309 1.048 0.098 0.909 0.376 0.921 0.352 1.085 0.24 1.121 0.429 1.123
2883 0.473 0.559 0.649 1.066 0.567 1.043 0.649 1.113 0.38 1.092 0.07 0.963 0.42 0.952 0.406 1.109 0.314 1.15 0.526 1.116
2884 0.468 0.606 0.735 1.049 0.587 0.999 0.761 1.121 0.438 1.14 0.094 1.026 0.477 0.974 0.458 1.123 0.353 1.162 0.626 1.058
2885 0.483 0.624 0.806 1.02 0.608 0.967 0.853 1.095 0.476 1.142 0.15 1.055 0.534 0.988 0.515 1.153 0.402 1.155 0.709 1.009
2886 0.507 0.621 0.885 0.98 0.624 0.937 0.947 1.123 0.513 1.15 0.214 1.036 0.587 0.987 0.569 1.159 0.444 1.17 0.794 0.996
2887 0.524 0.613 0.968 0.965 0.66 0.917 1.041 1.123 0.584 1.148 0.284 1.044 0.641 1.024 0.652 1.128 0.516 1.154 0.86 0.99
2888 0.551 0.613 1.059 0.997 0.698 0.899 1.112 1.082 0.671 1.129 0.357 1.055 0.656 1.065 0.708 1.105 0.573 1.132 0.951 0.941
2889 0.567 0.633 1.103 1.022 0.73 0.88 1.119 1.037 0.734 1.097 0.414 1.071 0.642 1.098 0.761 1.069 0.629 1.086 1.057 0.964
2890 0.567 0.656 1.139 1.043 0.765 0.855 1.136 1.107 0.794 1.052 0.445 1.102 0.727 1.088 0.84 1.044 0.685 1.131 1.136 0.965
2891 0.559 0.674 1.109 1.032 0.804 0.85 1.101 1.037 0.869 1.036 0.483 1.131 0.799 1.048 0.909 1.025 0.727 1.133 1.141 1.027
2892 0.535 0.703 1.122 1.004 0.848 0.866 1.011 0.962 0.933 1.011 0.535 1.121 0.878 0.991 0.96 0.972 0.726 1.1 1.118 0.941
2893 0.531 0.714 1.115 0.915 0.881 0.885 0.979 0.871 0.955 0.929 0.587 1.117 0.929 0.914 0.929 0.895 0.776 1.057 1.084 0.846
2894 0.531 0.744 1.07 0.838 0.901 0.822 0.955 0.791 0.931 0.893 0.649 1.095 0.904 0.914 0.937 0.836 0.853 1.046 1.004 0.816
2895 0.531 0.77 1.001 0.822 0.86 0.752 0.882 0.711 0.926 0.834 0.691 1.089 0.901 0.943 0.947 0.762 0.888 0.998 0.973 0.748
2896 0.509 0.791 0.973 0.746 0.844 0.682 0.851 0.617 0.942 0.778 0.739 1.111 0.932 0.963 0.933 0.665 0.863 0.966 0.941 0.619
2897 0.47 0.791 0.967 0.63 0.842 0.618 0.848 0.52 0.954 0.693 0.759 1.145 0.987 0.944 0.93 0.568 0.843 1.007 0.908 0.512
2898 0.461 0.797 0.968 0.514 0.842 0.551 0.829 0.449 0.963 0.618 0.815 1.12 1.064 0.926 0.97 0.473 0.805 1.037 0.918 0.461
2899 0.435 0.79 0.994 0.5 0.83 0.493 0.76 0.462 0.972 0.537 0.855 1.095 1.079 0.869 1.009 0.402 0.771 1.059 0.964 0.382
2900 0.406 0.786 0.943 0.446 0.802 0.422 0.707 0.416 0.995 0.48 0.88 1.03 1.068 0.797 0.981 0.299 0.736 1.087 0.963 0.331
2901 0.377 0.8 0.879 0.355 0.795 0.341 0.664 0.362 1.024 0.619 0.885 0.991 1.035 0.731 0.898 0.253 0.693 1.083 0.922 0.28
2902 0.356 0.827 0.838 0.295 0.786 0.248 0.606 0.342 0.986 0.689 0.872 0.936 1.009 0.691 0.793 0.225 0.652 1.068 0.839 0.203
2903 0.354 0.853 0.827 0.237 0.711 0.19 0.606 0.256 0.952 0.622 0.873 0.854 0.983 0.671 0.782 0.147 0.619 1.059 0.779 0.114
2904 0.358 0.877 0.778 0.196 0.663 0.093 0.611 0.145 0.892 0.537 0.849 0.783 0.95 0.614 0.728 0.118 0.591 1.032 0.704 0.056
2905 0.37 0.906 0.723 0.161 0.558 0.074 0.527 0.103 0.819 0.449 0.807 0.725 0.896 0.533 0.642 0.1 0.566 1.004 0.608 0.058
2906 0.415 0.93 0.646 0.157 0.446 0.1 0.438 0.126 0.746 0.382 0.735 0.695 0.822 0.447 0.544 0.104 0.532 0.975 0.443 0.088
2907 0.453 0.934 0.564 0.153 0.362 0.165 0.365 0.21 0.664 0.332 0.692 0.629 0.739 0.374 0.487 0.113 0.491 0.979 0.471 0.137
2908 0.54 0.867 0.519 0.179 0.301 0.212 0.335 0.325 0.591 0.295 0.656 0.538 0.65 0.322 0.399 0.153 0.456 1.002 0.408 0.251
2909 0.574 0.803 0.451 0.208 0.287 0.315 0.322 0.422 0.522 0.279 0.622 0.454 0.58 0.29 0.329 0.23 0.429 1.029 0.345 0.344
2910 0.59 0.715 0.358 0.252 0.249 0.378 0.29 0.528 0.463 0.301 0.607 0.387 0.516 0.285 0.296 0.29 0.386 1.028 0.299 0.439
2911 0.584 0.659 0.265 0.309 0.208 0.49 0.236 0.624 0.433 0.371 0.578 0.318 0.468 0.31 0.273 0.395 0.351 0.992 0.23 0.486
2912 0.576 0.591 0.185 0.392 0.164 0.542 0.206 0.726 0.454 0.465 0.521 0.295 0.444 0.369 0.214 0.483 0.368 0.961 0.179 0.605
2913 0.558 0.536 0.131 0.464 0.122 0.625 0.225 0.819 0.541 0.543 0.463 0.321 0.473 0.443 0.225 0.623 0.39 0.919 0.176 0.722
2914 0.557 0.532 0.099 0.536 0.109 0.722 0.286 0.876 0.546 0.543 0.419 0.391 0.51 0.487 0.239 0.747 0.418 0.874 0.175 0.803
2915 0.547 0.528 0.088 0.627 0.127 0.804 0.353 0.907 0.513 0.581 0.348 0.457 0.524 0.527 0.302 0.807 0.434 0.825 0.126 0.866
2916 0.529 0.534 0.101 0.745 0.15 0.895 0.428 0.949 0.444 0.648 0.305 0.547 0.503 0.584 0.326 0.876 0.428 0.776 0.195 0.953
2917 0.534 0.569 0.079 0.805 0.156 0.968 0.481 1.023 0.409 0.723 0.258 0.631 0.442 0.678 0.346 0.975 0.391 0.747 0.291 1.021
2918 0.543 0.596 0.097 0.91 0.194 1.041 0.534 1.074 0.356 0.764 0.219 0.723 0.401 0.738 0.401 1.069 0.375 0.785 0.378 1.048
2919 0.56 0.619 0.156 0.994 0.245 1.086 0.601 1.075 0.314 0.779 0.188 0.811 0.375 0.794 0.499 1.099 0.367 0.868 0.458 1.124
2920 0.579 0.636 0.214 1.076 0.328 1.101 0.666 1.041 0.296 0.821 0.171 0.885 0.368 0.876 0.603 1.094 0.376 0.933 0.511 1.149
2921 0.594 0.652 0.316 1.112 0.436 1.105 0.746 1.048 0.291 0.854 0.141 0.933 0.378 0.94 0.691 1.068 0.416 0.992 0.601 1.131
2922 0.607 0.659 0.41 1.119 0.527 1.117 0.817 1.02 0.278 0.883 0.122 0.98 0.413 0.985 0.766 1.036 0.469 1.016 0.681 1.091
2923 0.619 0.664 0.528 1.097 0.631 1.118 0.841 0.997 0.24 0.864 0.11 1.026 0.455 1.009 0.833 1.015 0.506 1.009 0.732 1.026
2924 0.626 0.667 0.615 1.118 0.734 1.091 0.912 0.978 0.228 0.814 0.081 1.073 0.511 1.017 0.838 1.047 0.534 0.991 0.8 1.04
2925 0.653 0.667 0.706 1.133 0.824 1.054 0.965 0.937 0.243 0.773 0.079 1.126 0.611 1.009 0.851 0.99 0.582 0.982 0.828 0.979
2926 0.674 0.649 0.803 1.104 0.901 0.993 1.021 0.889 0.274 0.74 0.077 1.154 0.731 0.987 0.945 0.945 0.623 0.918 0.891 0.87
2927 0.683 0.633 0.88 1.077 0.933 0.953 1.055 0.849 0.293 0.704 0.125 1.131 0.829 0.932 0.982 0.95 0.622 0.863 0.951 0.822
2928 0.691 0.62 0.954 1.067 0.98 0.95 1.063 0.767 0.292 0.662 0.142 1.086 0.886 0.855 1.023 0.867 0.652 0.815 1.034 0.749
2929 0.705 0.608 1.031 0.995 1.038 0.896 1.114 0.665 0.277 0.608 0.128 1.046 0.829 0.735 1.023 0.76 0.722 0.794 1.081 0.633
2930 0.712 0.597 1.062 0.894 1.084 0.874 1.124 0.581 0.268 0.56 0.148 1.001 0.761 0.659 1.018 0.659 0.779 0.767 1.098 0.522
2931 0.702 0.56 1.037 0.789 1.104 0.789 1.104 0.496 0.269 0.513 0.144 0.946 0.706 0.599 0.985 0.559 0.804 0.738 1.068 0.424
2932 0.662 0.538 0.98 0.619 1.108 0.698 1.052 0.416 0.296 0.467 0.188 0.896 0.688 0.561 0.955 0.457 0.853 0.699 0.979 0.372
2933 0.622 0.543 0.849 0.503 1.095 0.602 0.992 0.333 0.333 0.435 0.227 0.846 0.629 0.537 0.871 0.378 0.873 0.658 0.873 0.322
2934 0.516 0.479 0.762 0.456 1.062 0.514 0.944 0.269 0.372 0.397 0.208 0.792 0.608 0.53 0.759 0.337 0.874 0.621 0.792 0.281
2935 0.448 0.402 0.68 0.387 1.02 0.418 0.865 0.215 0.394 0.348 0.138 0.781 0.591 0.528 0.664 0.263 0.861 0.571 0.78 0.283
2936 0.409 0.361 0.632 0.34 0.97 0.33 0.803 0.187 0.375 0.315 0.09 0.775 0.567 0.53 0.58 0.225 0.867 0.531 0.743 0.286
2937 0.383 0.335 0.565 0.305 0.886 0.271 0.713 0.147 0.32 0.303 0.073 0.712 0.54 0.513 0.475 0.195 0.842 0.487 0.704 0.285
2938 0.336 0.308 0.494 0.308 0.788 0.268 0.6 0.134 0.266 0.265 0.071 0.632 0.514 0.502 0.415 0.179 0.79 0.475 0.667 0.317
2939 0.296 0.282 0.442 0.38 0.668 0.317 0.494 0.15 0.229 0.245 0.055 0.579 0.493 0.504 0.401 0.11 0.73 0.465 0.575 0.276
2940 0.257 0.255 0.403 0.414 0.573 0.275 0.416 0.122 0.205 0.261 0.055 0.519 0.457 0.518 0.308 0.106 0.646 0.426 0.476 0.212
2941 0.235 0.295 0.331 0.426 0.459 0.276 0.408 0.115 0.222 0.259 0.053 0.454 0.452 0.558 0.217 0.153 0.554 0.434 0.394 0.217
2942 0.294 0.313 0.267 0.437 0.352 0.295 0.361 0.18 0.238 0.28 0.055 0.386 0.448 0.59 0.167 0.253 0.477 0.451 0.336 0.285
2943 0.295 0.381 0.245 0.481 0.346 0.341 0.335 0.299 0.27 0.308 0.053 0.33 0.441 0.618 0.15 0.357 0.426 0.476 0.299 0.368
2944 0.314 0.506 0.215 0.539 0.367 0.354 0.349 0.345 0.285 0.359 0.059 0.272 0.441 0.643 0.123 0.467 0.35 0.507 0.285 0.413
2945 0.314 0.604 0.193 0.599 0.381 0.426 0.35 0.345 0.286 0.413 0.048 0.208 0.438 0.671 0.111 0.567 0.334 0.574 0.271 0.454
2946 0.315 0.685 0.165 0.654 0.315 0.512 0.347 0.328 0.276 0.454 0.043 0.134 0.435 0.698 0.121 0.679 0.315 0.65 0.301 0.479
2947 0.304 0.745 0.13 0.688 0.27 0.615 0.306 0.316 0.3 0.479 0.033 0.07 0.459 0.729 0.114 0.767 0.275 0.732 0.361 0.473
2948 0.317 0.813 0.12 0.729 0.223 0.722 0.257 0.368 0.328 0.476 0.07 0.036 0.49 0.743 0.101 0.846 0.226 0.798 0.412 0.474
2949 0.337 0.87 0.125 0.837 0.17 0.803 0.277 0.493 0.377 0.477 0.139 0.052 0.509 0.756 0.154 0.926 0.2 0.882 0.457 0.476
2950 0.345 0.914 0.063 0.904 0.103 0.815 0.312 0.607 0.425 0.477 0.225 0.051 0.521 0.774 0.169 1.001 0.215 0.965 0.503 0.484
2951 0.36 0.951 0.065 0.98 0.132 0.915 0.352 0.647 0.474 0.484 0.314 0.046 0.545 0.784 0.125 1.038 0.178 1.017 0.543 0.498
2952 0.373 0.99 0.131 1.048 0.159 0.99 0.423 0.629 0.514 0.493 0.41 0.06 0.568 0.8 0.12 1.101 0.145 1.015 0.581 0.526
2953 0.388 1.024 0.122 1.03 0.253 1.082 0.503 0.558 0.556 0.52 0.466 0.046 0.584 0.827 0.227 1.119 0.119 1.009 0.599 0.572
2954 0.426 1.051 0.184 1.086 0.354 1.095 0.582 0.607 0.585 0.564 0.546 0.082 0.566 0.857 0.328 1.137 0.099 1.014 0.593 0.617
2955 0.467 1.069 0.289 1.073 0.425 1.101 0.604 0.652 0.594 0.607 0.64 0.08 0.545 0.881 0.399 1.121 0.09 1.003 0.591 0.725
2956 0.548 1.057 0.392 1.033 0.517 1.109 0.643 0.671 0.599 0.64 0.736 0.085 0.526 0.905 0.458 1.059 0.088 0.98 0.558 0.84
2957 0.619 1.029 0.481 0.974 0.584 1.108 0.68 0.68 0.631 0.669 0.827 0.057 0.516 0.941 0.545 1.002 0.08 0.978 0.568 0.929
2958 0.654 0.995 0.537 0.967 0.649 1.077 0.714 0.667 0.654 0.679 0.912 0.079 0.571 0.944 0.601 0.979 0.081 1.006 0.623 0.948
2959 0.715 0.967 0.541 0.989 0.718 1.029 0.75 0.644 0.692 0.68 0.985 0.099 0.657 0.929 0.685 0.988 0.082 1.046 0.716 0.895
2960 0.779 0.951 0.526 1.012 0.79 0.993 0.783 0.613 0.732 0.66 1.039 0.042 0.693 0.844 0.694 0.862 0.069 1.084 0.809 0.848
2961 0.877 0.946 0.504 1.022 0.844 1.01 0.812 0.585 0.779 0.62 1.114 0.08 0.734 0.785 0.872 0.92 0.085 1.11 0.896 0.836
2962 0.974 0.886 0.474 1.025 0.892 0.987 0.844 0.55 0.808 0.592 1.121 0.193 0.822 0.746 0.954 0.879 0.109 1.107 0.973 0.751
2963 1.024 0.786 0.461 1.062 0.968 0.965 0.865 0.516 0.834 0.567 1.132 0.311 0.845 0.637 0.869 0.655 0.156 1.094 1.016 0.662
2964 1.069 0.696 0.469 1.083 0.994 0.88 0.893 0.482 0.865 0.525 1.103 0.438 0.94 0.575 1.04 0.562 0.188 1.053 1.057 0.665
2965 1.089 0.608 0.486 1.102 0.974 0.772 0.963 0.457 0.931 0.471 1.027 0.455 0.976 0.472 1.043 0.506 0.202 0.989 1.041 0.551
2966 1.045 0.556 0.491 1.128 0.964 0.662 0.923 0.407 0.916 0.395 0.976 0.364 0.937 0.426 0.954 0.466 0.174 0.957 0.944 0.532
2967 0.986 0.521 0.471 1.15 0.918 0.593 0.836 0.413 0.882 0.306 0.924 0.272 0.899 0.378 0.908 0.378 0.134 0.961 0.831 0.492
2968 0.934 0.461 0.448 1.176 0.864 0.513 0.781 0.391 0.838 0.219 0.849 0.19 0.867 0.266 0.881 0.326 0.11 0.981 0.758 0.465
2969 0.859 0.418 0.409 1.171 0.799 0.449 0.75 0.294 0.763 0.161 0.78 0.136 0.805 0.173 0.842 0.228 0.084 0.989 0.705 0.442
2970 0.772 0.346 0.376 1.179 0.718 0.385 0.666 0.231 0.67 0.121 0.699 0.123 0.717 0.125 0.77 0.157 0.067 0.963 0.658 0.345
2971 0.693 0.284 0.357 1.158 0.657 0.35 0.59 0.206 0.591 0.112 0.62 0.086 0.632 0.069 0.688 0.128 0.075 0.926 0.587 0.254
2972 0.622 0.254 0.338 1.136 0.614 0.354 0.511 0.154 0.511 0.065 0.544 0.067 0.542 0.049 0.632 0.095 0.066 0.89 0.507 0.198
