time X0 Y0 X1 Y1 X2 Y2 X3 Y3 X4 Y4 X5 Y5 X6 Y6 X7 Y7 X8 Y8 X9 Y9
1894 0.477 1.06 0.25 0.948 0.478 1.157 0.143 0.826 0.514 1.112 1.168 0.932 1.1560625 0.9478515625 0.434 0.452 0.559 1.126 0.251 0.717
1895 0.729 1.0 0.408 0.998 0.577 1.158 0.206 0.949 0.677 1.118 1.171 0.986 0.909 0.984 0.393 0.407 0.737 1.102 0.335 0.872
1896 0.909 0.986 0.568 1.025 0.732 1.124 0.314 1.035 0.826 1.082 1.147 1.044 1.051 1.01 0.402 0.369 0.891 1.077 0.482 0.962
1897 1.036 1.061 0.736 1.02 0.89 1.056 0.441 1.101 0.968 1.084 1.162 1.097 1.135 1.067 0.362 0.319 1.023 1.116 0.632 0.996
1898 1.157 1.063 0.83 0.989 1.007 1.018 0.575 1.116 1.06 0.984 1.155 1.133 1.164 1.091 0.283 0.31 1.111 1.131 0.745 0.982
1899 1.158 0.894 0.909 0.993 1.092 0.931 0.71 1.079 1.154 0.81 1.143 1.128 1.15 1.035 0.307 0.286 1.114 1.148 0.811 0.953
1900 1.149 0.679 0.944 1.038 1.12 0.779 0.827 1.037 1.153 0.577 1.148 1.015 1.145 0.859 0.214 0.295 1.091 1.143 0.907 0.873
1901 1.159 0.482 1.011 1.067 1.14 0.616 0.909 1.003 1.108 0.428 1.151 0.823 1.153 0.622 0.203 0.376 1.067 1.127 0.964 0.732
1902 1.14 0.278 1.049 1.094 1.118 0.373 0.97 0.979 1.032 0.218 1.15 0.573 1.121 0.453 0.289 0.428 1.106 1.087 0.938 0.596
1903 1.035 0.105 1.092 1.056 1.0 0.18 1.058 0.904 0.869 0.123 1.126 0.348 1.077 0.34 0.335 0.44 1.158 1.08 0.928 0.452
1904 0.827 0.075 1.114 1.006 0.811 0.132 1.066 0.877 0.683 0.155 1.03 0.203 0.981 0.263 0.391 0.436 1.171 1.018 0.848 0.388
1905 0.61 0.086 1.094 0.941 0.585 0.151 1.153 0.9 0.504 0.185 0.811 0.157 0.829 0.243 0.457 0.427 1.167 0.922 0.787 0.402
1906 0.396 0.12 1.064 0.863 0.389 0.205 1.164 0.841 0.349 0.191 0.559 0.156 0.675 0.221 0.518 0.431 1.149 0.937 0.737 0.418
1907 0.23 0.179 1.005 0.787 0.288 0.246 1.172 0.753 0.206 0.241 0.402 0.151 0.535 0.217 0.624 0.43 1.093 0.881 0.71 0.452
1908 0.166 0.302 0.943 0.718 0.23 0.262 1.182 0.679 0.161 0.383 0.272 0.179 0.401 0.233 0.678 0.43 1.096 0.773 0.691 0.422
1909 0.092 0.476 0.926 0.63 0.163 0.319 1.182 0.631 0.172 0.539 0.144 0.285 0.323 0.272 0.733 0.474 1.101 0.693 0.697 0.409
1910 0.076 0.694 1.015 0.582 0.099 0.529 1.171 0.589 0.142 0.71 0.081 0.424 0.262 0.293 0.711 0.503 1.101 0.603 0.742 0.409
1911 0.064 0.918 1.102 0.617 0.088 0.783 1.156 0.52 0.112 0.882 0.08 0.621 0.227 0.388 0.663 0.505 1.128 0.559 0.718 0.444
1912 0.111 1.099 1.161 0.596 0.111 0.988 1.114 0.469 0.117 1.04 0.099 0.836 0.167 0.565 0.614 0.47 1.16 0.504 0.67 0.473
1913 0.219 1.15 1.157 0.499 0.279 1.066 1.038 0.407 0.304 1.145 0.161 0.984 0.147 0.763 0.581 0.427 1.141 0.386 0.633 0.459
1914 0.386 1.157 1.129 0.385 0.475 1.076 0.97 0.336 0.499 1.14 0.356 1.019 0.214 0.911 0.511 0.407 1.118 0.278 0.556 0.418
1915 0.58 1.13 1.137 0.255 0.673 1.029 1.062 0.221 0.685 1.102 0.565 0.988 0.376 0.966 0.469 0.385 1.132 0.229 0.538 0.388
1916 0.768 1.085 1.143 0.2 0.856 0.972 1.149 0.155 0.85 1.057 0.748 0.949 0.575 0.968 0.437 0.349 1.178 0.149 0.487 0.364
1917 0.9 1.021 1.164 0.186 0.909 0.958 1.159 0.063 0.957 0.97 0.856 0.929 0.761 0.948 0.4 0.317 1.172 0.112 0.461 0.357
1918 0.989 0.894 1.157 0.141 0.997 0.818 1.144 0.028 1.064 0.654 0.962 0.88 0.853 0.927 0.365 0.26 1.166 0.074 0.409 0.317
1919 1.085 0.707 1.149 0.086 1.108 0.572 1.145 0.049 1.122 0.345 0.999 0.712 0.941 0.835 0.355 0.21 1.163 0.049 0.414 0.289
1920 1.119 0.504 1.143 0.146 1.131 0.337 1.124 0.038 1.143 0.151 1.076 0.482 1.008 0.727 0.376 0.175 1.168 0.092 0.392 0.253
1921 1.159 0.315 1.111 0.15 1.115 0.19 1.103 0.047 1.103 0.171 1.139 0.262 1.052 0.552 0.421 0.159 1.124 0.054 0.399 0.19
1922 1.159 0.208 1.078 0.075 1.127 0.095 1.056 0.041 1.037 0.13 1.145 0.21 1.066 0.355 0.411 0.106 1.062 0.067 0.388 0.136
1923 1.093 0.061 1.026 0.024 1.031 0.041 1.004 0.027 0.993 0.054 1.056 0.072 1.065 0.204 0.369 0.074 0.972 0.04 0.323 0.082
1924 1.072 0.045 0.904 0.065 0.924 0.072 0.891 0.034 0.881 0.1 0.959 0.046 0.991 0.14 0.36 0.048 0.889 0.062 0.296 0.133
1925 1.022 0.057 0.779 0.042 0.783 0.072 0.742 0.041 0.678 0.094 0.85 0.049 0.866 0.145 0.328 0.063 0.753 0.07 0.288 0.161
1926 0.97 0.042 0.602 0.054 0.63 0.094 0.599 0.044 0.511 0.12 0.724 0.048 0.735 0.145 0.323 0.085 0.572 0.092 0.288 0.229
1927 0.877 0.068 0.447 0.062 0.474 0.153 0.451 0.053 0.368 0.146 0.622 0.049 0.561 0.192 0.315 0.107 0.417 0.158 0.235 0.274
1928 0.694 0.08 0.303 0.056 0.381 0.205 0.322 0.047 0.311 0.147 0.52 0.078 0.415 0.246 0.256 0.201 0.304 0.236 0.291 0.347
1929 0.597 0.082 0.166 0.068 0.259 0.243 0.192 0.083 0.24 0.205 0.419 0.107 0.339 0.269 0.182 0.151 0.264 0.302 0.248 0.355
1930 0.462 0.079 0.071 0.078 0.169 0.208 0.057 0.113 0.109 0.121 0.315 0.153 0.267 0.276 0.075 0.142 0.227 0.217 0.171 0.331
1931 0.341 0.08 0.034 0.102 0.07 0.264 0.036 0.17 0.134 0.07 0.278 0.198 0.232 0.267 0.054 0.223 0.185 0.189 0.09 0.354
1932 0.235 0.09 0.074 0.198 0.058 0.373 0.045 0.208 0.188 0.124 0.238 0.239 0.219 0.288 0.087 0.336 0.079 0.246 0.056 0.408
1933 0.141 0.089 0.071 0.26 0.052 0.49 0.056 0.307 0.117 0.07 0.262 0.3 0.222 0.298 0.093 0.475 0.075 0.388 0.067 0.55
1934 0.08 0.07 0.064 0.336 0.082 0.621 0.071 0.393 0.053 0.063 0.28 0.376 0.219 0.324 0.069 0.557 0.084 0.542 0.064 0.72
1935 0.057 0.099 0.063 0.438 0.079 0.786 0.102 0.52 0.048 0.053 0.24 0.478 0.232 0.343 0.091 0.709 0.066 0.661 0.09 0.881
1936 0.101 0.053 0.064 0.554 0.069 0.96 0.079 0.65 0.044 0.055 0.165 0.598 0.232 0.331 0.091 0.87 0.072 0.761 0.063 1.048
1937 0.155 0.08 0.086 0.721 0.157 1.095 0.126 0.818 0.066 0.042 0.122 0.73 0.248 0.291 0.115 1.029 0.071 0.88 0.176 1.13
1938 0.179 0.126 0.059 0.837 0.333 1.126 0.161 0.981 0.095 0.049 0.131 0.858 0.238 0.262 0.212 1.104 0.132 0.971 0.382 1.109
1939 0.195 0.175 0.07 0.959 0.497 1.139 0.224 1.036 0.144 0.089 0.244 0.973 0.224 0.279 0.39 1.139 0.172 1.089 0.574 1.092
1940 0.209 0.269 0.129 1.101 0.677 1.113 0.363 1.101 0.148 0.182 0.418 1.027 0.273 0.438 0.562 1.118 0.239 1.147 0.78 1.047
1941 0.23 0.371 0.252 1.135 0.81 1.03 0.51 1.118 0.15 0.265 0.585 1.041 0.305 0.685 0.735 1.068 0.319 1.12 0.901 0.984
1942 0.247 0.482 0.425 1.138 0.944 0.939 0.639 1.095 0.227 0.343 0.749 0.978 0.318 0.852 0.853 0.974 0.5 1.09 1.018 1.008
1943 0.254 0.571 0.591 1.135 1.058 0.972 0.753 1.015 0.291 0.333 0.864 0.932 0.493 0.969 0.952 0.948 0.636 1.115 1.133 1.059
1944 0.28 0.64 0.734 1.132 1.159 0.918 0.856 0.972 0.347 0.305 0.962 0.944 0.696 1.056 1.083 0.966 0.779 1.107 1.173 0.957
1945 0.245 0.687 0.88 1.121 1.156 0.78 0.962 0.918 0.349 0.241 1.018 0.951 0.857 1.033 1.133 0.853 0.897 1.098 1.152 0.792
1946 0.201 0.664 0.993 1.095 1.151 0.604 1.03 0.865 0.309 0.243 1.077 0.968 0.957 0.979 1.158 0.723 0.983 1.034 1.116 0.673
1947 0.16 0.657 1.101 1.008 1.162 0.43 1.091 0.781 0.293 0.229 1.148 0.992 1.037 0.933 1.15 0.569 1.084 0.989 1.116 0.484
1948 0.126 0.679 1.144 1.002 1.153 0.234 1.137 0.65 0.262 0.222 1.17 0.891 1.121 0.833 1.152 0.4 1.162 0.86 1.117 0.289
1949 0.095 0.7 1.162 0.953 1.055 0.091 1.099 0.507 0.264 0.239 1.156 0.788 1.11 0.675 1.14 0.232 1.159 0.638 1.035 0.104
1950 0.1 0.768 1.145 0.802 0.881 0.039 1.066 0.371 0.232 0.298 1.14 0.657 1.091 0.503 1.053 0.087 1.129 0.426 0.881 0.072
1951 0.135 0.825 1.146 0.646 0.669 0.056 1.023 0.258 0.203 0.272 1.098 0.514 1.096 0.363 0.856 0.048 1.109 0.245 0.647 0.072
1952 0.174 0.881 1.144 0.517 0.471 0.047 0.965 0.168 0.153 0.269 1.038 0.419 1.079 0.225 0.632 0.064 0.991 0.085 0.442 0.082
1953 0.209 0.94 1.129 0.37 0.296 0.063 0.947 0.122 0.125 0.226 0.947 0.307 0.994 0.162 0.378 0.097 0.758 0.061 0.246 0.099
1954 0.228 0.993 1.06 0.242 0.131 0.072 0.847 0.105 0.088 0.222 0.808 0.284 0.927 0.129 0.164 0.129 0.494 0.104 0.081 0.161
1955 0.22 1.045 0.972 0.146 0.051 0.194 0.737 0.058 0.05 0.296 0.688 0.3 0.817 0.154 0.047 0.216 0.307 0.168 0.069 0.286
1956 0.195 1.091 0.896 0.146 0.112 0.288 0.61 0.078 0.07 0.458 0.55 0.304 0.671 0.238 0.037 0.392 0.187 0.284 0.054 0.407
1957 0.204 1.132 0.783 0.212 0.106 0.458 0.486 0.114 0.077 0.648 0.434 0.292 0.5 0.259 0.04 0.564 0.15 0.502 0.095 0.514
1958 0.283 1.131 0.621 0.3 0.119 0.508 0.383 0.13 0.079 0.819 0.328 0.279 0.368 0.248 0.087 0.722 0.155 0.683 0.06 0.584
1959 0.355 1.13 0.459 0.37 0.097 0.522 0.275 0.143 0.071 0.988 0.267 0.255 0.296 0.291 0.086 0.897 0.15 0.865 0.068 0.766
1960 0.439 1.127 0.336 0.395 0.097 0.647 0.168 0.142 0.105 1.101 0.238 0.26 0.203 0.326 0.079 1.047 0.153 1.049 0.06 0.957
1961 0.497 1.133 0.256 0.366 0.104 0.748 0.1 0.08 0.235 1.157 0.203 0.281 0.232 0.307 0.196 1.143 0.269 1.135 0.092 1.101
1962 0.551 1.134 0.278 0.373 0.074 0.821 0.071 0.054 0.408 1.147 0.187 0.293 0.27 0.338 0.347 1.153 0.451 1.137 0.269 1.132
1963 0.644 1.119 0.24 0.336 0.045 0.875 0.04 0.061 0.582 1.133 0.137 0.214 0.275 0.3 0.527 1.13 0.621 1.131 0.459 1.134
1964 0.787 1.109 0.224 0.31 0.062 0.976 0.044 0.12 0.702 1.139 0.103 0.15 0.163 0.241 0.691 1.126 0.711 1.086 0.62 1.145
1965 0.91 1.041 0.272 0.248 0.072 1.032 0.078 0.113 0.868 1.117 0.038 0.212 0.113 0.163 0.834 1.138 0.779 1.048 0.788 1.143
1966 1.071 1.063 0.301 0.231 0.097 1.106 0.054 0.079 1.015 1.06 0.052 0.293 0.087 0.127 0.956 1.115 0.869 1.015 0.935 1.132
1967 1.158 0.954 0.262 0.208 0.196 1.104 0.03 0.056 1.148 0.979 0.071 0.383 0.064 0.095 1.124 1.02 0.915 0.982 1.008 1.153
1968 1.148 0.76 0.209 0.17 0.306 1.072 0.066 0.069 1.106 0.77 0.07 0.5 0.083 0.083 1.131 0.82 0.991 0.993 1.079 1.137
1969 1.161 0.543 0.214 0.14 0.454 1.031 0.093 0.18 1.136 0.559 0.073 0.577 0.135 0.161 1.161 0.673 1.04 0.925 1.14 1.08
1970 1.164 0.328 0.195 0.113 0.608 1.019 0.142 0.227 1.146 0.344 0.084 0.664 0.148 0.179 1.164 0.499 1.079 0.862 1.162 0.917
1971 1.145 0.117 0.225 0.09 0.753 1.011 0.24 0.179 1.108 0.149 0.099 0.779 0.172 0.144 1.141 0.318 1.125 0.812 1.165 0.767
1972 1.053 0.033 0.265 0.117 0.861 0.991 0.336 0.215 0.952 0.047 0.069 0.826 0.196 0.114 1.086 0.148 1.174 0.786 1.167 0.544
1973 0.858 0.048 0.341 0.17 0.939 1.037 0.399 0.25 0.754 0.038 0.063 0.886 0.275 0.152 0.942 0.069 1.155 0.845 1.157 0.298
1974 0.647 0.054 0.424 0.236 0.957 1.095 0.519 0.317 0.559 0.118 0.062 0.96 0.328 0.224 0.774 0.056 1.097 0.856 1.129 0.085
1975 0.419 0.085 0.45 0.303 0.936 1.119 0.579 0.398 0.417 0.181 0.073 1.035 0.4 0.254 0.577 0.075 1.116 0.874 0.926 0.07
1976 0.284 0.144 0.487 0.337 0.899 1.152 0.654 0.444 0.309 0.177 0.089 1.074 0.457 0.311 0.4 0.146 1.134 0.921 0.722 0.116
1977 0.205 0.071 0.599 0.361 0.843 1.144 0.715 0.556 0.177 0.175 0.168 1.104 0.552 0.323 0.331 0.208 1.17 0.914 0.625 0.17
1978 0.093 0.108 0.744 0.33 0.769 1.153 0.762 0.625 0.206 0.293 0.222 1.143 0.636 0.321 0.331 0.317 1.153 0.852 0.69 0.316
1979 0.082 0.297 0.862 0.371 0.675 1.146 0.813 0.679 0.182 0.538 0.299 1.13 0.726 0.44 0.223 0.431 1.142 0.787 0.778 0.424
1980 0.074 0.496 0.913 0.488 0.642 1.121 0.867 0.755 0.189 0.796 0.389 1.127 0.647 0.575 0.11 0.607 1.15 0.746 0.811 0.579
1981 0.109 0.725 0.935 0.639 0.636 1.153 0.888 0.84 0.336 0.965 0.493 1.09 0.516 0.743 0.146 0.869 1.151 0.663 0.855 0.741
1982 0.11 0.918 0.88 0.726 0.735 1.133 0.93 0.87 0.537 1.023 0.606 1.045 0.466 0.894 0.355 1.029 1.156 0.606 0.888 0.835
1983 0.262 1.044 0.814 0.809 0.837 1.108 0.952 0.913 0.665 1.055 0.713 1.057 0.609 1.071 0.527 1.007 1.133 0.54 0.949 0.87
1984 0.509 1.057 0.811 0.951 0.903 1.101 0.976 0.993 0.81 1.053 0.85 1.039 0.796 1.09 0.648 1.061 1.14 0.465 0.949 0.934
1985 0.703 1.077 0.901 0.967 0.93 1.06 0.946 1.054 0.921 1.059 0.931 1.043 0.772 1.068 0.776 1.005 1.164 0.409 0.912 1.015
1986 0.84 1.031 0.941 0.937 0.95 1.06 0.954 1.035 0.886 1.058 0.965 0.979 0.865 1.044 0.827 1.003 1.156 0.343 0.864 1.003
1987 0.899 1.024 0.888 0.929 0.954 1.053 0.946 1.048 0.941 1.064 0.991 0.965 0.933 1.045 0.907 0.998 1.15 0.281 0.907 0.977
1988 0.961 1.084 0.965 0.929 1.027 1.082 0.994 1.064 1.004 1.086 1.077 1.09 0.979 1.06 0.956 1.049 1.165 0.228 0.976 0.998
1989 0.927 1.131 1.021 0.929 1.09 1.064 0.991 1.115 1.084 1.126 1.128 1.081 0.956 1.11 0.921 1.071 1.171 0.191 1.156 0.974
1990 0.868 1.1 1.146 0.823 1.082 0.929 1.045 1.124 1.125 1.146 1.143 0.938 0.922 1.133 0.967 1.022 1.162 0.161 1.159 0.89
1991 0.867 1.022 1.147 0.655 1.111 0.842 1.086 1.136 1.159 1.043 1.159 0.783 0.891 1.124 1.018 0.901 1.136 0.171 1.16 0.697
1992 0.861 0.958 1.161 0.479 1.124 0.677 1.112 1.037 1.15 0.911 1.159 0.636 0.888 1.048 1.042 0.812 1.111 0.204 1.142 0.493
1993 0.861 0.873 1.166 0.295 1.119 0.481 1.132 0.946 1.145 0.766 1.167 0.483 0.922 0.937 1.08 0.685 1.111 0.224 1.133 0.327
1994 0.875 0.83 1.148 0.164 1.132 0.294 1.144 0.841 1.135 0.634 1.165 0.371 0.981 0.832 1.102 0.539 1.107 0.167 1.074 0.249
1995 0.822 0.773 1.053 0.083 1.077 0.226 1.129 0.709 1.137 0.487 1.175 0.284 1.066 0.777 1.114 0.399 1.018 0.116 1.06 0.143
1996 0.87 0.642 0.845 0.045 1.109 0.219 1.082 0.52 1.164 0.34 1.163 0.224 1.082 0.679 1.158 0.288 0.828 0.094 0.832 0.142
1997 0.915 0.489 0.647 0.058 1.125 0.131 1.106 0.378 1.15 0.215 1.142 0.164 1.085 0.484 1.107 0.218 0.659 0.087 0.678 0.123
1998 0.922 0.357 0.448 0.069 0.995 0.074 1.095 0.26 1.116 0.22 1.099 0.092 1.079 0.338 1.047 0.087 0.499 0.101 0.494 0.14
1999 0.933 0.215 0.281 0.123 0.836 0.056 1.113 0.191 1.095 0.165 0.957 0.08 1.099 0.265 0.921 0.067 0.344 0.131 0.344 0.189
2000 0.816 0.156 0.177 0.198 0.718 0.052 1.046 0.22 1.084 0.135 0.819 0.088 1.084 0.228 0.79 0.049 0.219 0.182 0.209 0.227
2001 0.656 0.183 0.069 0.327 0.588 0.079 1.077 0.19 1.067 0.082 0.668 0.103 1.099 0.163 0.648 0.062 0.149 0.236 0.122 0.284
2002 0.498 0.208 0.076 0.508 0.456 0.109 1.05 0.105 0.962 0.067 0.491 0.125 1.113 0.112 0.508 0.066 0.087 0.312 0.125 0.434
2003 0.397 0.234 0.081 0.686 0.337 0.155 0.94 0.084 0.804 0.05 0.357 0.17 1.091 0.089 0.369 0.07 0.102 0.494 0.121 0.577
2004 0.296 0.269 0.079 0.857 0.214 0.165 0.803 0.07 0.633 0.064 0.248 0.179 1.061 0.078 0.23 0.086 0.096 0.683 0.113 0.741
2005 0.251 0.279 0.061 1.017 0.084 0.226 0.621 0.073 0.476 0.073 0.124 0.212 1.017 0.092 0.111 0.087 0.053 0.88 0.093 0.919
2006 0.24 0.265 0.159 1.128 0.065 0.394 0.456 0.078 0.337 0.097 0.047 0.296 0.984 0.142 0.076 0.071 0.121 1.041 0.109 1.068
2007 0.201 0.189 0.338 1.122 0.083 0.567 0.333 0.102 0.229 0.124 0.025 0.366 1.003 0.19 0.049 0.064 0.277 1.114 0.226 1.148
2008 0.201 0.191 0.55 1.056 0.094 0.743 0.232 0.125 0.135 0.135 0.042 0.447 1.058 0.203 0.039 0.154 0.46 1.119 0.381 1.161
2009 0.089 0.253 0.76 0.903 0.101 0.912 0.182 0.179 0.126 0.178 0.077 0.599 1.076 0.184 0.031 0.288 0.659 1.024 0.555 1.127
2010 0.129 0.379 0.907 0.851 0.142 1.09 0.153 0.177 0.113 0.291 0.102 0.707 1.056 0.149 0.053 0.45 0.851 0.958 0.724 1.037
2011 0.155 0.47 1.039 0.878 0.341 1.128 0.141 0.126 0.105 0.399 0.088 0.834 1.043 0.115 0.073 0.6 0.981 0.946 0.885 0.986
2012 0.153 0.595 1.114 0.724 0.547 1.131 0.212 0.14 0.087 0.51 0.061 0.894 1.057 0.109 0.11 0.712 1.085 0.89 1.007 0.927
2013 0.163 0.738 1.148 0.54 0.745 1.116 0.272 0.246 0.083 0.612 0.074 0.991 1.055 0.071 0.077 0.862 1.127 0.712 1.091 0.836
2014 0.162 0.866 1.152 0.363 0.915 1.118 0.333 0.279 0.102 0.721 0.084 1.095 1.018 0.077 0.085 1.0 1.158 0.472 1.113 0.662
2015 0.176 0.973 1.162 0.165 1.068 1.113 0.469 0.249 0.105 0.811 0.065 1.134 0.987 0.119 0.085 1.114 1.138 0.254 1.125 0.475
2016 0.166 1.083 1.034 0.052 1.131 0.989 0.646 0.16 0.134 0.931 0.062 1.148 0.96 0.14 0.118 1.147 1.033 0.109 1.111 0.289
2017 0.235 1.132 0.854 0.052 1.124 0.831 0.778 0.101 0.159 1.021 0.052 1.141 0.84 0.094 0.248 1.164 0.92 0.113 1.033 0.144
2018 0.34 1.115 0.683 0.056 1.106 0.608 0.684 0.093 0.222 1.067 0.069 1.128 0.729 0.08 0.386 1.151 0.879 0.068 0.902 0.09
2019 0.434 1.095 0.491 0.061 1.1 0.411 0.505 0.11 0.338 1.091 0.082 1.155 0.585 0.109 0.479 1.146 0.721 0.079 0.887 0.089
2020 0.533 1.073 0.334 0.085 1.063 0.2 0.362 0.187 0.455 1.088 0.169 1.15 0.399 0.136 0.538 1.156 0.554 0.135 0.917 0.104
2021 0.622 1.059 0.206 0.152 0.984 0.101 0.222 0.231 0.543 1.081 0.294 1.145 0.315 0.22 0.634 1.142 0.37 0.213 0.951 0.103
2022 0.677 1.026 0.147 0.253 0.924 0.081 0.1 0.28 0.635 1.009 0.35 1.11 0.169 0.262 0.76 1.142 0.182 0.255 0.846 0.064
2023 0.774 1.023 0.067 0.33 0.887 0.107 0.102 0.485 0.732 0.974 0.464 1.113 0.121 0.434 0.864 1.127 0.132 0.224 0.671 0.073
2024 0.848 0.991 0.074 0.499 0.913 0.135 0.085 0.689 0.83 0.956 0.612 1.114 0.112 0.607 0.962 1.119 0.11 0.18 0.475 0.076
2025 0.954 1.005 0.057 0.682 0.922 0.161 0.073 0.883 0.885 0.937 0.76 1.123 0.087 0.764 1.048 1.129 0.155 0.217 0.338 0.068
2026 1.068 0.979 0.051 0.875 0.889 0.169 0.073 1.038 0.917 0.937 0.923 1.097 0.089 0.927 1.094 1.141 0.224 0.399 0.276 0.067
2027 1.063 0.937 0.054 1.039 0.864 0.137 0.142 1.134 0.946 0.903 1.023 0.922 0.075 1.065 1.125 1.094 0.305 0.545 0.2 0.155
2028 1.115 0.906 0.152 1.14 0.904 0.138 0.298 1.156 0.991 0.832 1.061 0.856 0.206 1.142 1.137 1.013 0.308 0.75 0.201 0.35
2029 1.146 0.832 0.32 1.11 0.907 0.099 0.449 1.134 1.036 0.756 1.107 0.779 0.357 1.147 1.15 0.888 0.325 0.973 0.232 0.538
2030 1.154 0.723 0.35 1.104 0.902 0.129 0.648 1.12 1.065 0.661 1.148 0.7 0.53 1.133 1.152 0.779 0.504 1.093 0.267 0.759
2031 1.141 0.58 0.535 1.119 0.929 0.147 0.828 1.098 1.097 0.563 1.116 0.577 0.697 1.121 1.148 0.666 0.702 1.068 0.338 0.944
2032 1.153 0.483 0.731 1.061 0.92 0.158 0.985 1.137 1.119 0.433 1.136 0.562 0.861 1.094 1.105 0.614 0.856 0.974 0.524 0.993
2033 1.154 0.379 0.848 0.993 0.932 0.135 1.122 1.077 1.112 0.304 1.129 0.537 0.989 1.0 1.005 0.901 0.941 0.937 0.714 0.983
