time X0 Y0 X1 Y1 X2 Y2 X3 Y3 X4 Y4 X5 Y5 X6 Y6 X7 Y7 X8 Y8 X9 Y9
91 1.026 0.75 0.299 0.25 0.506 0.252 0.225 0.134 0.254 0.248 0.275 0.276 0.458 0.2905 0.262 0.298 0.278 0.222 0.315 0.25
92 1.045 0.816 0.246 0.3 0.285 0.25 0.193 0.203 0.153 0.235 0.195 0.26 0.347 0.22 0.134 0.267 0.214 0.248 0.28 0.236
93 1.053 0.901 0.201 0.425 0.23 0.302 0.222 0.258 0.103 0.244 0.166 0.381 0.256 0.191 0.142 0.373 0.179 0.291 0.246 0.262
94 0.978 0.939 0.22 0.516 0.187 0.401 0.201 0.272 0.103 0.364 0.161 0.499 0.24 0.222 0.125 0.554 0.139 0.421 0.267 0.276
95 0.952 0.953 0.203 0.645 0.193 0.527 0.209 0.385 0.107 0.463 0.179 0.669 0.251 0.276 0.151 0.719 0.112 0.672 0.222 0.407
96 0.885 0.967 0.262 0.732 0.252 0.616 0.235 0.549 0.148 0.601 0.285 0.768 0.256 0.415 0.254 0.846 0.14 0.87 0.25 0.552
97 0.819 0.96 0.33 0.813 0.24 0.766 0.281 0.676 0.236 0.738 0.438 0.852 0.231 0.537 0.313 0.911 0.232 0.782 0.302 0.587
98 0.734 0.911 0.453 0.863 0.412 0.851 0.374 0.792 0.205 0.798 0.621 0.876 0.406 0.748 0.452 0.882 0.23 0.818 0.407 0.762
99 0.814 0.932 0.695 0.881 0.602 0.905 0.489 0.859 0.357 0.88 0.724 0.921 0.634 0.805 0.607 0.925 0.482 0.908 0.57 0.87
100 0.902 0.894 0.762 0.948 0.743 0.909 0.611 0.85 0.623 0.941 0.859 0.918 0.819 0.849 0.726 0.944 0.703 0.957 0.729 0.911
101 0.949 0.792 0.875 0.951 0.877 0.868 0.725 0.84 0.75 0.944 0.936 0.901 0.915 0.851 0.811 0.951 0.79 0.963 0.768 0.925
102 0.915 0.818 0.949 0.908 0.861 0.792 0.843 0.721 0.76 0.907 0.957 0.875 0.909 0.868 0.901 0.956 0.864 0.899 0.824 0.868
103 0.928 0.821 0.925 0.868 0.868 0.791 0.774 0.648 0.715 0.752 0.981 0.821 0.867 0.877 0.899 0.899 0.864 0.896 0.827 0.854
104 0.885 0.782 0.867 0.901 0.774 0.667 0.681 0.534 0.653 0.581 0.911 0.744 0.853 0.877 0.869 0.946 0.869 0.92 0.803 0.761
105 0.784 0.642 0.811 0.814 0.654 0.538 0.544 0.44 0.536 0.472 0.775 0.58 0.82 0.788 0.893 0.948 0.77 0.863 0.714 0.572
106 0.684 0.492 0.864 0.723 0.538 0.442 0.4 0.364 0.404 0.39 0.674 0.349 0.694 0.63 0.856 0.837 0.64 0.622 0.631 0.426
107 0.519 0.339 0.835 0.601 0.417 0.291 0.328 0.241 0.325 0.295 0.478 0.254 0.571 0.459 0.726 0.698 0.465 0.391 0.421 0.307
108 0.333 0.286 0.743 0.543 0.315 0.215 0.262 0.198 0.285 0.26 0.339 0.213 0.461 0.333 0.614 0.513 0.309 0.307 0.296 0.234
109 0.224 0.284 0.665 0.468 0.287 0.144 0.246 0.184 0.238 0.243 0.349 0.194 0.344 0.307 0.617 0.378 0.248 0.331 0.235 0.224
110 0.235 0.267 0.59 0.375 0.238 0.227 0.201 0.217 0.243 0.248 0.366 0.124 0.293 0.31 0.479 0.26 0.27 0.253 0.254 0.243
111 0.216 0.267 0.501 0.28 0.24 0.217 0.209 0.258 0.246 0.239 0.423 0.118 0.283 0.255 0.508 0.108 0.336 0.196 0.278 0.229
112 0.243 0.239 0.441 0.209 0.291 0.147 0.206 0.203 0.293 0.217 0.556 0.12 0.301 0.241 0.652 0.072 0.377 0.135 0.301 0.175
113 0.288 0.253 0.569 0.082 0.429 0.113 0.304 0.153 0.37 0.215 0.678 0.091 0.341 0.243 0.766 0.046 0.464 0.088 0.373 0.17
114 0.365 0.262 0.704 0.102 0.593 0.066 0.333 0.165 0.549 0.158 0.843 0.09 0.355 0.198 0.931 0.056 0.661 0.131 0.43 0.111
115 0.413 0.223 0.889 0.08 0.771 0.068 0.278 0.194 0.776 0.122 0.984 0.058 0.488 0.1 1.069 0.037 0.846 0.119 0.564 0.113
116 0.357 0.203 1.034 0.085 0.96 0.072 0.264 0.241 0.935 0.137 1.055 0.091 0.641 0.127 1.135 0.106 0.995 0.09 0.748 0.135
117 0.285 0.248 1.116 0.16 1.064 0.101 0.283 0.286 1.051 0.233 1.121 0.185 0.848 0.21 1.137 0.124 1.074 0.136 0.929 0.166
118 0.333 0.3 1.138 0.266 1.092 0.175 0.27 0.305 1.116 0.321 1.14 0.306 1.039 0.243 1.132 0.164 1.12 0.214 1.07 0.265
119 0.402 0.281 1.154 0.406 1.061 0.304 0.347 0.324 1.106 0.459 1.135 0.468 1.049 0.376 1.123 0.184 1.108 0.344 1.061 0.428
120 0.499 0.248 1.14 0.567 1.013 0.462 0.442 0.276 1.023 0.592 1.053 0.632 1.056 0.552 1.084 0.38 1.063 0.454 1.004 0.604
121 0.625 0.316 1.114 0.703 0.969 0.608 0.599 0.357 0.958 0.721 0.978 0.809 1.014 0.655 1.082 0.632 1.0 0.645 0.96 0.755
122 0.707 0.392 1.109 0.839 0.912 0.806 0.74 0.494 0.922 0.887 0.925 0.894 1.042 0.84 1.042 0.799 0.984 0.774 0.899 0.901
123 0.777 0.524 1.151 0.983 0.885 0.875 0.889 0.689 0.936 0.939 0.978 0.937 1.074 0.915 1.049 0.874 0.933 0.901 0.907 0.97
124 0.83 0.638 1.158 1.107 0.917 0.939 0.944 0.84 0.999 0.982 1.058 1.003 1.114 1.015 1.079 0.947 0.999 0.939 1.031 1.033
125 0.88 0.75 1.093 1.12 1.033 0.971 0.989 0.953 1.06 1.101 1.071 1.086 1.107 1.087 1.097 1.015 1.057 1.04 1.057 1.153
126 0.891 0.847 1.023 1.132 1.056 1.025 0.948 1.108 0.984 1.137 0.997 1.109 1.106 1.111 1.149 0.965 1.096 1.056 0.972 1.167
127 0.888 0.944 0.954 1.109 1.015 1.107 0.857 1.06 0.922 1.079 0.894 1.064 1.111 1.138 1.099 0.807 1.044 1.084 0.858 1.092
128 0.861 0.847 0.909 1.078 0.963 1.044 0.859 0.979 0.899 0.986 0.912 0.956 0.971 1.114 0.944 0.714 0.92 0.986 0.845 1.01
129 0.9 0.741 0.832 0.956 0.954 0.967 0.851 0.913 0.872 0.882 0.88 0.83 0.891 0.989 0.924 0.674 0.973 0.861 0.795 0.979
130 0.985 0.762 0.899 0.887 0.92 0.866 0.88 0.863 0.883 0.851 0.837 0.777 0.944 0.956 1.04 0.624 0.978 0.79 0.891 0.922
131 0.999 0.683 0.893 0.842 1.006 0.776 0.816 0.837 0.921 0.776 0.79 0.818 0.952 0.925 1.01 0.646 1.051 0.727 0.867 0.88
132 0.96 0.728 0.877 0.87 0.954 0.76 0.712 0.907 0.908 0.784 0.721 0.887 0.912 0.866 0.928 0.657 1.008 0.733 0.776 0.868
133 0.832 0.802 0.859 0.929 0.877 0.847 0.66 0.986 0.872 0.896 0.67 0.818 0.88 0.92 0.875 0.735 0.901 0.847 0.77 0.941
134 0.845 0.844 0.841 1.033 0.851 0.939 0.71 1.09 0.888 0.963 0.832 0.946 0.87 1.042 0.811 0.728 0.901 0.967 0.784 1.005
135 0.909 0.948 0.886 1.085 0.931 1.02 0.841 1.133 0.936 1.015 0.875 1.017 1.007 1.095 0.941 0.854 0.977 1.033 0.745 1.037
136 1.034 0.925 0.996 1.03 0.999 0.993 0.968 1.086 1.021 0.944 0.922 1.019 1.038 0.984 1.049 0.861 1.081 0.957 0.685 1.004
137 1.061 0.788 1.092 0.986 1.114 0.959 1.043 1.001 1.082 0.888 0.96 0.944 1.111 0.898 1.101 0.628 1.138 0.863 0.673 0.935
138 1.075 0.552 1.118 0.811 1.15 0.832 1.131 0.861 1.1 0.711 1.049 0.873 1.138 0.712 1.14 0.427 1.135 0.624 0.647 0.874
139 1.098 0.335 1.124 0.601 1.134 0.6 1.123 0.685 1.08 0.535 1.052 0.72 1.103 0.487 1.114 0.265 1.138 0.384 0.655 0.818
140 0.981 0.216 1.047 0.364 1.143 0.418 1.122 0.453 1.04 0.362 1.015 0.501 1.074 0.298 1.036 0.182 1.036 0.248 0.676 0.773
141 0.872 0.168 0.907 0.246 1.114 0.248 0.996 0.315 0.857 0.221 0.9 0.264 1.066 0.223 0.855 0.133 1.009 0.192 0.61 0.709
142 0.665 0.175 0.842 0.153 1.014 0.129 0.866 0.194 0.731 0.213 0.782 0.284 0.955 0.137 0.651 0.119 0.933 0.124 0.565 0.64
143 0.488 0.191 0.667 0.198 0.871 0.091 0.815 0.165 0.592 0.217 0.703 0.367 0.831 0.148 0.443 0.166 0.83 0.108 0.529 0.536
144 0.299 0.246 0.466 0.24 0.733 0.082 0.57 0.209 0.43 0.222 0.587 0.297 0.615 0.25 0.325 0.198 0.616 0.106 0.464 0.448
145 0.235 0.224 0.325 0.231 0.572 0.085 0.397 0.234 0.291 0.17 0.355 0.288 0.442 0.237 0.26 0.156 0.442 0.163 0.398 0.377
146 0.155 0.208 0.24 0.213 0.417 0.099 0.246 0.229 0.211 0.203 0.185 0.291 0.267 0.229 0.193 0.158 0.37 0.179 0.317 0.324
147 0.077 0.247 0.179 0.191 0.258 0.136 0.12 0.286 0.153 0.182 0.112 0.377 0.256 0.269 0.097 0.177 0.246 0.224 0.161 0.352
148 0.049 0.324 0.125 0.32 0.147 0.281 0.078 0.407 0.101 0.304 0.118 0.551 0.113 0.435 0.108 0.195 0.169 0.288 0.16 0.55
149 0.067 0.496 0.111 0.531 0.153 0.376 0.086 0.603 0.078 0.408 0.116 0.705 0.16 0.582 0.068 0.367 0.174 0.526 0.173 0.761
150 0.073 0.654 0.081 0.679 0.174 0.503 0.114 0.775 0.104 0.633 0.135 0.873 0.173 0.783 0.059 0.521 0.234 0.793 0.213 0.89
151 0.122 0.819 0.146 0.85 0.17 0.625 0.158 0.904 0.188 0.811 0.14 0.955 0.24 0.942 0.088 0.654 0.338 0.986 0.321 1.038
152 0.184 0.893 0.167 0.94 0.167 0.738 0.288 0.96 0.231 0.928 0.321 1.071 0.408 0.996 0.127 0.785 0.46 1.047 0.479 1.068
153 0.35 1.01 0.234 0.997 0.286 0.883 0.463 0.976 0.403 0.982 0.541 1.084 0.593 0.906 0.186 0.84 0.607 0.988 0.661 1.066
154 0.527 1.04 0.455 1.062 0.5 0.939 0.56 0.978 0.532 1.021 0.63 0.965 0.787 0.963 0.225 0.938 0.727 0.978 0.737 1.026
155 0.703 1.051 0.702 1.097 0.699 0.952 0.73 0.997 0.726 1.034 0.766 0.989 0.915 0.932 0.343 0.994 0.859 0.932 0.891 0.972
156 0.904 1.003 0.912 1.035 0.851 0.948 0.869 0.97 0.925 0.984 0.938 0.991 0.97 0.873 0.479 1.022 0.965 0.946 0.968 0.96
157 1.031 0.984 1.065 1.016 0.97 0.903 1.01 0.911 1.053 0.949 1.068 0.975 1.119 0.877 0.627 1.039 1.053 0.894 1.091 0.952
158 1.116 0.878 1.09 0.96 1.054 0.898 1.099 0.854 1.15 0.872 1.134 0.908 1.132 0.795 0.772 1.047 1.142 0.836 1.153 0.856
159 1.116 0.726 1.129 0.882 1.069 0.846 1.08 0.748 1.131 0.771 1.124 0.807 1.106 0.646 0.859 0.998 1.132 0.651 1.133 0.692
160 1.108 0.543 1.099 0.814 1.087 0.735 1.068 0.525 1.144 0.653 1.078 0.692 1.073 0.484 0.918 0.921 1.161 0.45 1.098 0.488
161 1.115 0.361 1.131 0.699 1.095 0.56 1.031 0.328 1.136 0.457 1.114 0.523 1.067 0.288 0.994 0.842 1.142 0.276 1.132 0.314
162 1.084 0.159 1.112 0.53 1.123 0.387 0.993 0.164 1.076 0.233 1.09 0.295 1.026 0.133 0.984 0.709 1.155 0.116 1.113 0.111
163 0.946 0.06 1.114 0.312 1.077 0.154 0.885 0.063 0.928 0.11 1.072 0.123 0.922 0.06 1.023 0.585 1.05 0.037 0.952 0.047
164 0.715 0.061 1.005 0.134 0.891 0.074 0.705 0.071 0.747 0.125 0.992 0.048 0.712 0.091 1.058 0.468 0.893 0.036 0.753 0.045
165 0.455 0.075 0.851 0.085 0.646 0.09 0.466 0.121 0.547 0.171 0.946 0.065 0.518 0.148 1.03 0.339 0.706 0.09 0.547 0.092
166 0.275 0.078 0.65 0.107 0.448 0.16 0.293 0.149 0.336 0.21 0.801 0.082 0.339 0.175 0.972 0.228 0.502 0.099 0.359 0.111
167 0.127 0.152 0.449 0.138 0.299 0.21 0.152 0.193 0.206 0.227 0.615 0.104 0.248 0.22 0.882 0.144 0.291 0.141 0.211 0.17
168 0.085 0.311 0.288 0.196 0.201 0.279 0.094 0.378 0.116 0.364 0.441 0.153 0.153 0.333 0.736 0.126 0.203 0.234 0.185 0.262
169 0.098 0.536 0.262 0.317 0.177 0.428 0.136 0.574 0.158 0.556 0.275 0.208 0.149 0.521 0.59 0.124 0.177 0.276 0.143 0.308
170 0.139 0.734 0.199 0.489 0.133 0.58 0.173 0.75 0.192 0.732 0.259 0.395 0.185 0.675 0.455 0.149 0.088 0.411 0.116 0.51
171 0.154 0.944 0.161 0.695 0.108 0.784 0.175 0.954 0.206 0.887 0.222 0.585 0.212 0.841 0.386 0.187 0.117 0.659 0.092 0.722
172 0.24 1.075 0.228 0.908 0.186 0.974 0.316 1.066 0.276 1.029 0.246 0.826 0.264 0.995 0.296 0.276 0.093 0.851 0.129 0.916
173 0.43 1.073 0.361 1.027 0.324 1.071 0.474 1.093 0.497 1.065 0.309 0.975 0.457 1.073 0.285 0.336 0.231 1.042 0.266 1.064
174 0.634 1.099 0.565 1.023 0.522 1.111 0.691 1.036 0.687 1.019 0.565 0.974 0.649 1.058 0.313 0.497 0.449 1.047 0.478 1.092
175 0.808 1.078 0.773 1.028 0.743 1.074 0.869 0.956 0.859 0.946 0.827 0.956 0.832 1.039 0.334 0.613 0.702 0.961 0.712 1.034
176 0.96 1.008 0.928 0.972 0.899 1.0 0.973 0.934 0.952 0.913 0.922 0.875 0.954 0.972 0.43 0.673 0.867 0.92 0.893 0.951
177 0.991 0.929 0.965 0.896 0.954 0.901 1.098 0.874 1.087 0.839 1.035 0.832 1.044 0.894 0.532 0.721 0.917 0.885 0.949 0.877
178 0.991 0.84 0.994 0.825 0.946 0.832 1.115 0.804 1.099 0.682 1.054 0.661 1.038 0.81 0.637 0.763 0.925 0.859 0.976 0.699
179 0.989 0.681 1.087 0.676 0.948 0.721 1.126 0.598 1.121 0.497 1.082 0.442 1.081 0.493 0.747 0.773 0.925 0.837 1.021 0.508
180 1.027 0.484 1.095 0.459 0.947 0.524 1.14 0.375 1.122 0.314 1.045 0.288 1.079 0.312 0.829 0.775 0.933 0.596 0.999 0.314
181 1.042 0.284 1.059 0.239 0.983 0.285 1.114 0.207 1.098 0.127 1.015 0.104 1.054 0.149 0.887 0.669 0.933 0.288 0.983 0.117
182 0.952 0.076 0.974 0.083 0.91 0.08 1.025 0.122 1.039 0.061 0.951 0.039 0.981 0.071 0.928 0.549 0.847 0.064 0.916 0.066
183 0.875 0.072 0.894 0.118 0.758 0.055 0.982 0.071 0.949 0.042 0.934 0.032 0.945 0.065 0.922 0.421 0.747 0.09 0.83 0.062
184 0.68 0.101 0.699 0.146 0.566 0.074 0.895 0.097 0.777 0.06 0.664 0.045 0.792 0.097 0.893 0.321 0.56 0.143 0.578 0.102
185 0.472 0.123 0.499 0.186 0.392 0.096 0.698 0.168 0.577 0.092 0.486 0.068 0.599 0.19 0.856 0.203 0.392 0.157 0.402 0.13
186 0.301 0.168 0.37 0.222 0.238 0.155 0.505 0.243 0.383 0.159 0.345 0.07 0.413 0.252 0.72 0.19 0.272 0.215 0.27 0.196
187 0.285 0.279 0.296 0.269 0.224 0.293 0.341 0.291 0.32 0.26 0.259 0.179 0.307 0.293 0.575 0.191 0.23 0.317 0.222 0.305
188 0.283 0.328 0.301 0.3 0.224 0.258 0.301 0.369 0.312 0.324 0.262 0.236 0.296 0.406 0.438 0.194 0.27 0.385 0.275 0.364
189 0.227 0.333 0.256 0.347 0.211 0.293 0.304 0.452 0.307 0.345 0.243 0.298 0.292 0.502 0.315 0.234 0.198 0.513 0.289 0.476
190 0.194 0.403 0.272 0.366 0.171 0.312 0.176 0.525 0.323 0.376 0.23 0.345 0.217 0.615 0.272 0.243 0.098 0.643 0.198 0.544
191 0.171 0.545 0.23 0.485 0.129 0.437 0.112 0.619 0.278 0.347 0.235 0.336 0.168 0.761 0.307 0.326 0.114 0.804 0.11 0.65
192 0.158 0.754 0.194 0.698 0.124 0.607 0.078 0.8 0.246 0.442 0.224 0.488 0.183 0.968 0.251 0.331 0.14 1.0 0.115 0.832
193 0.194 0.912 0.214 0.88 0.156 0.78 0.122 0.908 0.185 0.598 0.252 0.662 0.248 1.101 0.26 0.498 0.211 1.115 0.142 1.001
194 0.251 1.088 0.266 1.039 0.251 0.94 0.215 1.03 0.153 0.691 0.262 0.916 0.397 1.109 0.328 0.784 0.379 1.14 0.188 1.083
195 0.383 1.15 0.428 1.132 0.44 1.085 0.408 1.103 0.172 0.828 0.418 1.064 0.614 1.084 0.389 1.009 0.566 1.127 0.319 1.151
196 0.519 1.153 0.601 1.118 0.722 1.033 0.615 1.095 0.268 0.921 0.65 1.05 0.771 1.074 0.622 1.009 0.78 1.111 0.482 1.107
197 0.696 1.088 0.77 1.1 0.883 0.948 0.788 1.031 0.382 1.005 0.859 1.017 0.939 1.03 0.845 0.939 0.944 1.073 0.663 1.002
198 0.88 0.996 0.917 1.022 0.994 0.925 0.888 0.906 0.524 1.027 0.984 0.948 1.002 0.939 0.97 0.918 0.984 0.956 0.843 0.911
199 0.933 0.889 0.962 0.901 1.064 0.765 0.96 0.851 0.661 1.06 1.023 0.849 1.06 0.849 0.973 0.802 1.005 0.856 0.885 0.906
200 0.949 0.79 0.97 0.825 1.108 0.587 1.017 0.788 0.735 1.147 1.075 0.669 1.088 0.631 1.025 0.637 1.037 0.79 0.96 0.832
201 0.968 0.608 1.065 0.694 1.079 0.361 1.062 0.565 0.808 1.134 1.042 0.48 1.093 0.421 1.06 0.423 1.082 0.643 1.085 0.788
202 0.978 0.454 1.085 0.502 1.002 0.178 1.06 0.374 0.876 1.102 0.998 0.316 1.049 0.217 1.005 0.227 1.086 0.481 1.092 0.624
203 0.878 0.226 1.01 0.375 0.801 0.132 0.967 0.226 0.913 1.049 0.827 0.196 0.902 0.139 0.893 0.165 1.034 0.343 0.97 0.437
204 0.673 0.22 0.835 0.298 0.611 0.112 0.776 0.282 0.93 1.0 0.577 0.17 0.666 0.154 0.736 0.21 0.856 0.26 0.79 0.345
205 0.476 0.251 0.585 0.327 0.425 0.125 0.543 0.267 0.941 0.941 0.417 0.186 0.445 0.207 0.52 0.255 0.695 0.209 0.56 0.351
206 0.32 0.279 0.357 0.326 0.293 0.177 0.355 0.274 0.952 0.877 0.304 0.262 0.315 0.255 0.328 0.295 0.512 0.216 0.378 0.355
207 0.216 0.321 0.235 0.355 0.227 0.265 0.238 0.288 0.928 0.832 0.211 0.305 0.227 0.305 0.235 0.345 0.336 0.255 0.309 0.373
208 0.151 0.413 0.108 0.446 0.182 0.284 0.206 0.317 0.899 0.816 0.147 0.326 0.195 0.317 0.192 0.411 0.246 0.34 0.251 0.409
209 0.139 0.482 0.111 0.626 0.166 0.276 0.224 0.291 0.907 0.885 0.112 0.348 0.211 0.362 0.155 0.612 0.222 0.414 0.213 0.456
210 0.103 0.676 0.131 0.807 0.195 0.26 0.203 0.331 0.922 0.929 0.152 0.576 0.186 0.49 0.177 0.808 0.23 0.577 0.185 0.683
211 0.131 0.889 0.152 1.004 0.187 0.402 0.173 0.589 1.041 1.018 0.112 0.795 0.216 0.678 0.18 0.994 0.225 0.85 0.171 0.88
212 0.175 1.069 0.264 1.091 0.185 0.652 0.178 0.782 1.091 1.061 0.132 0.983 0.25 0.861 0.28 1.115 0.22 1.007 0.225 1.075
213 0.347 1.142 0.414 1.133 0.205 0.859 0.195 0.972 1.108 1.116 0.225 1.091 0.366 1.006 0.48 1.123 0.364 1.054 0.393 1.107
214 0.545 1.138 0.645 1.057 0.393 0.95 0.417 1.086 1.112 1.135 0.403 1.14 0.624 1.013 0.677 1.095 0.551 1.045 0.604 1.09
215 0.726 1.134 0.867 1.019 0.637 0.965 0.668 1.039 1.065 1.144 0.599 1.107 0.827 0.963 0.864 1.069 0.731 0.988 0.81 1.044
216 0.83 1.082 0.96 0.963 0.808 0.92 0.843 1.003 1.013 1.091 0.772 1.058 0.915 0.901 0.952 0.974 0.869 0.903 0.938 0.929
217 0.93 0.972 1.088 0.883 0.93 0.861 0.896 0.925 0.953 1.04 0.827 0.941 0.944 0.847 0.968 0.906 0.933 0.861 1.015 0.854
218 1.007 0.849 1.134 0.835 0.999 0.835 0.917 0.868 0.928 0.993 0.896 0.908 1.046 0.764 1.075 0.84 1.007 0.814 1.136 0.718
219 1.032 0.712 1.137 0.698 1.039 0.67 0.909 0.88 0.976 0.937 0.907 0.894 1.087 0.598 1.119 0.648 1.068 0.6 1.112 0.537
220 1.029 0.531 1.085 0.563 1.01 0.502 1.108 0.652 1.065 0.848 0.907 0.837 1.027 0.366 1.085 0.449 1.021 0.449 1.103 0.336
221 1.022 0.368 1.058 0.418 1.002 0.352 1.121 0.419 1.071 0.705 0.983 0.759 1.046 0.202 1.058 0.282 0.981 0.295 1.069 0.174
222 0.951 0.2 0.968 0.262 0.916 0.164 1.047 0.181 1.102 0.572 1.026 0.538 0.937 0.12 0.909 0.156 0.869 0.11 0.919 0.066
223 0.762 0.179 0.762 0.245 0.744 0.163 0.887 0.103 1.089 0.452 1.021 0.364 0.744 0.112 0.73 0.144 0.687 0.107 0.735 0.058
224 0.556 0.195 0.622 0.235 0.501 0.224 0.686 0.098 1.094 0.447 1.066 0.381 0.536 0.142 0.537 0.175 0.447 0.146 0.554 0.081
225 0.384 0.25 0.45 0.236 0.347 0.217 0.478 0.115 0.897 0.454 1.05 0.347 0.365 0.17 0.37 0.198 0.293 0.224 0.36 0.137
226 0.259 0.286 0.317 0.281 0.238 0.227 0.333 0.201 0.68 0.346 0.907 0.345 0.227 0.217 0.259 0.248 0.235 0.26 0.201 0.177
227 0.224 0.312 0.325 0.279 0.131 0.321 0.246 0.231 0.464 0.355 0.775 0.34 0.14 0.272 0.209 0.274 0.114 0.336 0.085 0.24
228 0.148 0.521 0.157 0.399 0.14 0.494 0.187 0.269 0.331 0.314 0.601 0.328 0.097 0.416 0.146 0.387 0.072 0.438 0.116 0.265
229 0.164 0.707 0.195 0.528 0.145 0.657 0.149 0.31 0.27 0.25 0.469 0.328 0.128 0.612 0.179 0.464 0.099 0.651 0.139 0.35
230 0.15 0.877 0.203 0.716 0.121 0.805 0.125 0.378 0.182 0.284 0.347 0.319 0.144 0.731 0.154 0.663 0.09 0.843 0.106 0.482
231 0.108 1.072 0.183 0.906 0.122 0.932 0.129 0.572 0.133 0.466 0.246 0.314 0.139 0.93 0.111 0.869 0.086 1.038 0.094 0.74
232 0.184 1.17 0.221 1.062 0.21 1.072 0.167 0.771 0.108 0.691 0.187 0.456 0.227 1.096 0.116 1.037 0.248 1.123 0.105 0.951
233 0.394 1.158 0.441 1.078 0.364 1.046 0.268 0.938 0.118 0.862 0.13 0.597 0.379 1.1 0.272 1.101 0.482 1.11 0.205 1.096
234 0.62 1.133 0.647 1.037 0.567 1.015 0.51 0.988 0.3 1.062 0.097 0.739 0.55 1.08 0.513 1.118 0.7 1.043 0.437 1.137
235 0.815 1.078 0.814 0.951 0.769 0.958 0.713 0.927 0.578 1.122 0.109 0.858 0.731 1.051 0.752 1.086 0.859 0.951 0.66 1.09
236 0.981 0.956 0.888 0.899 0.888 0.899 0.864 0.899 0.754 1.109 0.159 0.964 0.888 0.984 0.904 0.993 0.925 0.92 0.856 0.974
237 1.147 0.912 1.04 0.908 1.002 0.882 0.96 0.892 0.901 0.986 0.278 0.996 1.013 0.941 1.026 0.975 1.108 0.957 0.986 0.946
238 1.155 0.824 1.142 0.766 1.16 0.718 1.063 0.778 0.965 0.882 0.399 0.994 1.101 0.816 1.13 0.872 1.156 0.894 1.074 0.871
239 1.139 0.596 1.128 0.527 1.155 0.492 1.09 0.549 1.03 0.736 0.522 1.024 1.115 0.655 1.138 0.684 1.158 0.755 1.055 0.719
240 1.133 0.37 1.111 0.281 1.162 0.27 1.086 0.34 1.031 0.529 0.629 1.078 1.103 0.461 1.132 0.478 1.139 0.548 1.064 0.532
241 1.133 0.166 1.072 0.073 1.113 0.073 1.075 0.148 1.021 0.317 0.727 1.121 1.086 0.307 1.13 0.283 1.135 0.335 1.02 0.353
242 1.068 0.108 0.939 0.036 1.041 0.064 1.002 0.064 0.878 0.066 0.787 1.156 1.022 0.162 1.143 0.133 1.074 0.217 1.011 0.17
243 0.984 0.068 0.756 0.056 0.87 0.062 0.794 0.096 0.661 0.071 0.88 1.134 0.857 0.124 1.165 0.088 0.914 0.099 0.868 0.141
244 0.731 0.067 0.543 0.108 0.642 0.087 0.567 0.127 0.442 0.064 0.972 1.122 0.681 0.127 1.153 0.222 0.713 0.146 0.726 0.172
245 0.495 0.066 0.336 0.136 0.449 0.106 0.379 0.143 0.247 0.094 1.055 1.155 0.505 0.153 1.128 0.527 0.528 0.185 0.602 0.245
246 0.247 0.102 0.174 0.222 0.267 0.165 0.203 0.172 0.115 0.199 1.142 1.123 0.296 0.205 1.111 0.797 0.355 0.182 0.413 0.255
247 0.141 0.261 0.148 0.372 0.195 0.284 0.171 0.298 0.126 0.428 1.136 1.021 0.185 0.328 0.986 0.892 0.264 0.269 0.285 0.291
248 0.117 0.459 0.132 0.579 0.211 0.473 0.174 0.418 0.141 0.6 1.036 0.965 0.197 0.524 0.777 0.915 0.251 0.39 0.284 0.407
249 0.076 0.702 0.072 0.783 0.198 0.672 0.154 0.565 0.121 0.766 0.916 0.917 0.136 0.743 0.521 0.822 0.225 0.543 0.347 0.597
250 0.065 0.926 0.097 0.999 0.202 0.885 0.17 0.68 0.151 0.959 0.896 0.856 0.167 0.924 0.319 0.792 0.194 0.688 0.32 0.695
251 0.12 1.121 0.196 1.132 0.265 1.057 0.179 0.876 0.202 1.079 0.838 0.837 0.276 1.097 0.207 0.917 0.198 0.823 0.225 0.817
252 0.325 1.154 0.417 1.135 0.455 1.083 0.222 1.022 0.389 1.108 0.769 0.845 0.475 1.123 0.318 1.064 0.167 0.948 0.263 0.99
253 0.535 1.147 0.622 1.099 0.641 1.066 0.381 1.076 0.583 1.073 0.711 0.894 0.659 1.11 0.484 1.091 0.253 1.032 0.432 1.038
254 0.728 1.103 0.75 1.021 0.806 1.015 0.58 1.009 0.715 0.976 0.831 1.024 0.85 1.101 0.647 1.052 0.465 0.988 0.627 1.019
255 0.824 0.996 0.904 1.01 0.915 0.965 0.76 0.958 0.922 0.901 0.936 0.941 0.962 0.991 0.782 0.983 0.69 0.94 0.753 0.996
256 0.944 0.96 1.044 0.988 0.957 0.915 0.891 0.908 1.034 0.861 1.099 0.868 1.061 0.928 0.907 0.901 0.835 0.885 0.853 0.963
257 1.005 0.887 1.058 0.906 1.128 0.761 0.991 0.866 1.135 0.688 1.152 0.776 1.166 0.829 1.029 0.795 0.94 0.78 0.938 0.951
258 1.108 0.686 1.106 0.756 1.132 0.546 1.049 0.683 1.148 0.487 1.126 0.6 1.159 0.632 1.066 0.594 1.054 0.562 0.949 0.875
259 1.067 0.452 1.088 0.624 1.127 0.354 1.025 0.485 1.137 0.299 1.106 0.438 1.153 0.406 1.047 0.43 1.069 0.351 1.006 0.791
260 1.028 0.253 1.054 0.411 1.11 0.162 1.002 0.331 1.107 0.114 1.095 0.319 1.147 0.198 1.033 0.225 1.051 0.16 1.031 0.664
261 0.931 0.073 1.056 0.213 1.04 0.046 0.968 0.118 1.004 0.047 1.079 0.196 1.05 0.145 0.942 0.045 0.987 0.053 1.054 0.503
262 0.732 0.108 0.921 0.165 0.926 0.057 0.81 0.094 0.846 0.052 0.928 0.137 0.976 0.08 0.745 0.051 0.832 0.045 1.067 0.352
263 0.56 0.119 0.666 0.142 0.749 0.052 0.63 0.124 0.651 0.075 0.73 0.147 0.779 0.107 0.57 0.067 0.602 0.071 1.03 0.231
264 0.368 0.177 0.469 0.174 0.57 0.073 0.444 0.164 0.467 0.122 0.525 0.181 0.58 0.203 0.346 0.116 0.377 0.081 0.904 0.177
265 0.278 0.26 0.301 0.205 0.392 0.084 0.278 0.255 0.376 0.194 0.389 0.215 0.381 0.265 0.222 0.203 0.224 0.143 0.744 0.16
266 0.136 0.326 0.23 0.262 0.262 0.138 0.198 0.307 0.288 0.243 0.285 0.276 0.285 0.324 0.153 0.307 0.166 0.298 0.599 0.146
267 0.094 0.513 0.179 0.305 0.179 0.184 0.111 0.471 0.209 0.291 0.235 0.31 0.198 0.373 0.072 0.481 0.116 0.44 0.445 0.176
268 0.089 0.716 0.088 0.449 0.094 0.271 0.146 0.632 0.131 0.388 0.201 0.319 0.167 0.542 0.113 0.698 0.082 0.542 0.37 0.231
269 0.1 0.929 0.082 0.623 0.083 0.469 0.147 0.828 0.147 0.605 0.15 0.458 0.175 0.768 0.102 0.887 0.108 0.766 0.256 0.328
270 0.105 1.085 0.09 0.795 0.097 0.695 0.152 1.038 0.187 0.861 0.171 0.695 0.161 0.998 0.092 1.057 0.105 0.973 0.161 0.317
271 0.227 1.149 0.113 0.949 0.103 0.871 0.258 1.161 0.221 1.075 0.188 0.907 0.254 1.141 0.17 1.142 0.228 1.113 0.075 0.384
272 0.354 1.148 0.13 1.05 0.134 1.015 0.478 1.143 0.44 1.092 0.22 1.066 0.462 1.123 0.318 1.157 0.396 1.104 0.099 0.521
273 0.576 1.119 0.196 1.117 0.116 1.059 0.69 1.117 0.674 1.042 0.393 1.102 0.703 1.096 0.473 1.115 0.569 1.071 0.144 0.669
274 0.776 1.049 0.473 1.149 0.328 1.083 0.813 1.117 0.84 0.956 0.555 1.1 0.881 1.103 0.686 1.058 0.739 1.026 0.174 0.808
275 0.949 1.015 0.71 1.128 0.572 1.079 0.989 1.096 0.993 1.024 0.739 1.075 1.061 1.088 0.848 1.022 0.822 0.965 0.255 0.915
276 1.105 1.011 0.912 1.122 0.765 1.093 1.138 1.048 1.161 0.942 0.924 1.078 1.161 0.992 1.018 1.017 1.023 0.963 0.379 0.981
277 1.148 0.844 1.052 1.027 0.76 1.136 1.161 0.879 1.158 0.759 1.071 1.002 1.153 0.813 1.121 0.865 1.094 0.838 0.505 1.045
278 1.167 0.643 1.076 0.832 0.77 1.112 1.161 0.714 1.165 0.565 1.15 0.847 1.165 0.608 1.147 0.676 1.103 0.667 0.62 1.094
279 1.152 0.449 1.113 0.62 0.901 0.951 1.131 0.542 1.151 0.345 1.15 0.698 1.143 0.397 1.139 0.457 1.113 0.511 0.749 1.074
280 1.143 0.245 1.129 0.459 1.026 0.707 1.156 0.39 1.117 0.135 1.137 0.546 1.155 0.174 1.132 0.281 1.15 0.369 0.843 1.01
281 1.079 0.087 1.135 0.312 1.098 0.423 1.13 0.269 0.982 0.046 1.129 0.383 1.03 0.049 1.109 0.143 1.138 0.215 0.989 0.993
282 0.898 0.042 1.103 0.149 1.116 0.239 0.992 0.126 0.772 0.063 1.039 0.174 0.826 0.052 0.961 0.085 1.074 0.088 1.074 0.912
283 0.685 0.082 0.997 0.044 1.025 0.146 0.798 0.116 0.559 0.086 0.875 0.115 0.603 0.077 0.726 0.108 0.892 0.063 1.106 0.783
284 0.444 0.142 0.783 0.054 0.853 0.113 0.597 0.134 0.389 0.104 0.654 0.182 0.401 0.139 0.489 0.168 0.665 0.079 1.152 0.667
285 0.254 0.215 0.565 0.07 0.668 0.099 0.392 0.175 0.238 0.156 0.376 0.248 0.254 0.177 0.293 0.246 0.436 0.105 1.166 0.564
286 0.101 0.293 0.381 0.08 0.501 0.093 0.24 0.196 0.086 0.224 0.259 0.284 0.076 0.257 0.158 0.248 0.322 0.075 1.142 0.495
287 0.08 0.466 0.23 0.128 0.323 0.131 0.201 0.231 0.134 0.238 0.12 0.313 0.037 0.385 0.085 0.391 0.158 0.151 1.164 0.411
288 0.083 0.655 0.096 0.197 0.211 0.246 0.108 0.41 0.073 0.393 0.088 0.525 0.044 0.593 0.099 0.606 0.077 0.278 1.171 0.347
289 0.078 0.818 0.082 0.383 0.132 0.49 0.108 0.598 0.072 0.638 0.065 0.703 0.041 0.747 0.106 0.784 0.094 0.489 1.161 0.291
290 0.066 1.001 0.091 0.555 0.165 0.698 0.141 0.746 0.063 0.813 0.131 0.844 0.113 0.89 0.12 0.974 0.157 0.632 1.144 0.234
291 0.113 1.146 0.104 0.747 0.23 0.896 0.185 0.939 0.171 0.997 0.183 1.02 0.147 1.073 0.114 1.094 0.173 0.789 1.169 0.162
292 0.235 1.145 0.115 0.917 0.319 1.055 0.312 1.09 0.312 1.102 0.319 1.117 0.28 1.138 0.141 1.14 0.23 0.941 1.16 0.093
293 0.379 1.132 0.258 1.021 0.459 1.062 0.469 1.095 0.509 1.1 0.48 1.141 0.46 1.134 0.348 1.109 0.355 1.021 1.088 0.055
294 0.544 1.143 0.482 0.984 0.603 0.982 0.614 0.994 0.641 1.013 0.611 1.12 0.567 1.043 0.516 1.098 0.53 0.985 0.991 0.059
295 0.73 1.09 0.665 0.906 0.724 0.925 0.762 0.956 0.798 0.982 0.766 1.045 0.787 1.017 0.694 1.043 0.669 0.94 0.901 0.061
296 0.856 0.998 0.822 0.903 0.904 0.92 0.915 0.911 0.936 0.915 0.946 1.012 0.941 0.946 0.853 0.965 0.832 0.908 0.839 0.05
297 0.933 0.941 0.922 0.844 0.991 0.88 0.999 0.802 1.031 0.805 0.973 0.915 1.05 0.871 0.962 0.856 0.941 0.851 0.756 0.054
298 0.936 0.842 0.976 0.696 1.038 0.766 0.974 0.663 1.033 0.635 0.951 0.764 1.081 0.696 0.991 0.693 0.972 0.716 0.661 0.068
