time X0 Y0 X1 Y1 X2 Y2 X3 Y3 X4 Y4 X5 Y5 X6 Y6 X7 Y7 X8 Y8 X9 Y9
2634 0.109 0.239 0.40125 0.8254999999999999 0.213 0.556 0.065 0.091 0.252 0.76 0.337 0.851 0.101 0.415 0.506 0.981 0.164 0.486 0.208 0.666
2635 0.114 0.419 0.557 1.033 0.284 0.816 0.075 0.174 0.449 0.944 0.568 1.003 0.158 0.6 0.651 1.068 0.21 0.746 0.37 0.896
2636 0.176 0.605 0.678 1.093 0.531 0.943 0.092 0.335 0.772 0.931 0.766 1.025 0.258 0.783 0.739 1.1 0.432 0.922 0.57 1.014
2637 0.365 0.727 0.761 0.968 0.695 0.882 0.155 0.518 0.735 0.927 0.802 0.97 0.471 0.871 0.774 1.094 0.648 0.894 0.706 0.915
2638 0.56 0.813 0.612 0.922 0.664 0.841 0.269 0.646 0.702 0.815 0.779 0.831 0.561 0.877 1.054 1.042 0.576 0.906 0.621 0.879
2639 0.587 0.86 0.617 0.959 0.595 0.85 0.535 0.709 0.647 0.836 0.657 0.895 0.447 0.916 1.108 0.85 0.605 0.94 0.616 0.923
2640 0.574 0.915 0.658 1.009 0.576 0.886 0.657 0.771 0.846 0.79 0.634 0.876 0.482 0.826 0.989 0.786 0.618 1.017 0.587 0.975
2641 0.676 1.021 0.705 1.071 0.736 0.845 0.746 0.795 0.845 0.789 0.811 0.921 0.576 1.042 0.861 0.856 0.695 1.081 0.636 1.078
2642 0.705 1.028 0.783 1.078 0.786 1.031 0.832 0.97 0.85 0.984 0.773 1.051 0.651 1.1 0.856 0.991 0.737 1.146 0.672 1.117
2643 0.747 1.069 0.825 1.138 0.765 1.107 0.819 1.116 0.819 1.128 0.772 1.118 0.71 1.098 0.842 1.142 0.749 1.152 0.744 1.13
2644 0.793 1.076 0.829 1.138 0.774 1.127 0.825 1.101 0.828 1.119 0.794 1.155 0.712 1.136 0.965 1.109 0.755 1.15 0.744 1.141
2645 0.796 1.124 0.899 1.131 0.788 1.13 0.803 1.123 0.869 1.114 0.783 1.143 0.669 1.122 1.107 1.115 0.727 1.148 0.665 1.149
2646 0.76 1.119 0.89 1.135 0.731 1.14 0.781 1.14 0.834 1.139 0.672 1.148 0.61 1.125 1.144 1.064 0.618 1.149 0.585 1.14
2647 0.702 1.144 0.792 1.121 0.656 1.142 0.707 1.148 0.791 1.146 0.618 1.146 0.502 1.141 1.161 0.926 0.543 1.138 0.469 1.156
2648 0.624 1.135 0.703 1.139 0.594 1.154 0.658 1.156 0.743 1.15 0.558 1.132 0.5 1.146 1.159 0.789 0.536 1.136 0.456 1.117
2649 0.615 1.114 0.653 1.145 0.604 1.15 0.637 1.15 0.782 1.081 0.606 1.132 0.55 1.137 1.132 0.687 0.578 1.147 0.55 1.095
2650 0.794 1.042 0.753 1.112 0.634 1.139 0.737 1.136 0.984 0.984 0.613 1.111 0.555 1.156 1.125 0.58 0.615 1.142 0.574 1.111
2651 1.064 0.983 0.957 1.06 0.761 1.12 0.814 1.123 1.131 1.015 0.66 1.087 0.557 1.157 1.147 0.723 0.697 1.098 0.625 1.129
2652 1.095 1.047 1.126 1.097 0.914 1.128 0.967 1.104 1.15 1.109 0.78 1.084 0.642 1.121 1.136 0.932 0.837 1.099 0.754 1.137
2653 1.07 1.13 1.115 1.117 1.034 1.13 1.074 1.149 1.114 1.141 0.931 1.11 0.792 1.136 1.144 1.083 0.971 1.12 0.896 1.132
2654 1.09 1.143 1.11 1.123 1.063 1.117 1.08 1.154 1.113 1.152 1.02 1.15 0.93 1.145 1.156 1.096 1.055 1.087 0.98 1.122
2655 1.114 1.125 1.145 1.132 1.109 1.109 1.122 1.142 1.156 1.137 1.062 1.139 1.022 1.143 1.151 1.091 1.111 1.095 1.08 1.083
2656 1.146 1.106 1.153 1.125 1.128 1.078 1.11 1.148 1.161 1.114 1.1 1.128 1.079 1.134 1.156 1.059 1.138 1.054 1.083 1.085
2657 1.137 1.084 1.145 1.132 1.143 1.043 1.14 1.137 1.153 1.083 1.111 1.137 1.08 1.147 1.144 1.0 1.114 0.998 1.111 1.041
2658 1.148 1.108 1.148 1.118 1.15 1.022 1.128 1.142 1.148 1.043 1.106 1.111 1.106 1.114 1.161 0.996 1.146 0.968 1.111 0.995
2659 1.137 1.128 1.158 1.135 1.146 1.003 1.158 1.146 1.164 1.063 1.116 1.064 1.105 1.082 1.157 0.99 1.14 0.963 1.134 0.982
2660 1.148 1.116 1.16 1.098 1.155 1.018 1.125 1.153 1.162 1.061 1.141 1.045 1.135 1.109 1.153 0.988 1.157 0.931 1.128 1.019
2661 1.149 1.123 1.145 1.097 1.151 1.022 1.089 1.137 1.145 1.074 1.145 1.064 1.107 1.099 1.128 1.007 1.147 0.979 1.119 1.059
2662 1.125 1.144 1.152 1.103 1.152 1.039 1.052 1.122 1.108 1.091 1.13 1.04 1.086 1.113 1.116 1.012 1.16 1.012 1.103 1.074
2663 1.132 1.129 1.155 1.141 1.16 1.056 1.01 1.129 1.083 1.133 1.142 1.081 1.067 1.148 1.113 1.053 1.141 1.04 1.115 1.117
2664 1.11 1.148 1.162 1.121 1.149 1.059 1.041 1.102 1.086 1.148 1.13 1.112 1.056 1.124 1.132 1.096 1.137 1.044 1.106 1.136
2665 1.103 1.118 1.143 1.141 1.145 1.09 1.069 1.138 1.075 1.15 1.119 1.114 1.053 1.152 1.101 1.107 1.139 1.053 1.098 1.118
2666 1.106 1.137 1.131 1.132 1.13 1.114 1.036 1.118 1.043 1.132 1.111 1.121 1.013 1.146 1.09 1.123 1.141 1.111 1.098 1.137
2667 1.13 1.142 1.145 1.135 1.127 1.13 1.071 1.12 1.074 1.143 1.117 1.121 0.993 1.144 1.117 1.127 1.156 1.125 1.117 1.13
2668 1.104 1.143 1.12 1.139 1.127 1.107 1.01 1.121 1.043 1.128 1.056 1.091 0.997 1.118 1.103 1.119 1.136 1.108 1.056 1.138
2669 1.115 1.13 1.14 1.14 1.12 1.099 1.025 1.128 1.089 1.107 1.086 1.075 1.025 1.121 1.13 1.123 1.151 1.12 1.078 1.138
2670 1.098 1.111 1.137 1.133 1.096 1.107 1.027 1.147 1.096 1.107 1.085 1.095 0.983 1.139 1.119 1.107 1.134 1.08 1.048 1.098
2671 1.062 1.137 1.128 1.122 1.087 1.109 0.958 1.128 1.096 1.109 1.054 1.064 0.933 1.137 1.111 1.123 1.15 1.091 1.051 1.119
2672 1.036 1.135 1.096 1.12 1.049 1.13 0.882 1.146 1.068 1.124 1.033 1.085 0.861 1.122 1.088 1.121 1.147 1.11 1.008 1.133
2673 0.952 1.123 1.082 1.12 1.03 1.142 0.941 1.123 1.029 1.13 0.955 1.118 0.791 1.153 1.04 1.14 1.13 1.128 0.95 1.139
2674 0.921 1.134 1.115 1.108 1.023 1.139 0.897 1.139 1.007 1.13 0.928 1.118 0.811 1.142 1.036 1.132 1.127 1.144 0.963 1.146
2675 0.914 1.131 1.103 1.121 0.973 1.15 0.9 1.111 0.965 1.109 0.937 1.123 0.872 1.121 1.101 1.148 1.133 1.135 0.94 1.132
2676 0.887 1.148 1.078 1.136 1.031 1.136 0.897 1.121 0.949 1.143 0.926 1.122 0.87 1.14 1.057 1.144 1.118 1.14 0.924 1.143
2677 0.834 1.151 1.069 1.096 1.03 1.136 0.896 1.137 0.972 1.137 0.911 1.117 0.809 1.156 1.06 1.124 1.085 1.135 0.91 1.149
2678 0.813 1.128 1.108 1.071 1.012 1.128 0.84 1.128 0.994 1.107 0.909 1.126 0.77 1.106 1.017 1.133 1.129 1.082 0.86 1.139
2679 0.804 1.104 1.148 1.074 1.08 1.108 0.817 1.104 0.993 1.138 0.869 1.124 0.786 1.138 1.087 1.133 1.148 1.107 0.814 1.132
2680 0.84 1.099 1.155 1.108 1.127 1.13 0.913 1.084 0.957 1.136 0.954 1.114 0.688 1.143 1.074 1.146 1.13 1.123 0.795 1.121
2681 0.91 1.111 1.145 1.133 1.098 1.139 0.96 1.118 1.009 1.146 1.022 1.124 0.71 1.144 1.032 1.107 1.149 1.151 0.91 1.12
2682 0.994 1.13 1.101 1.122 1.098 1.142 1.046 1.142 1.054 1.144 1.059 1.132 0.939 1.118 1.062 1.1 1.109 1.139 1.03 1.138
2683 1.05 1.145 1.117 1.104 1.141 1.135 1.086 1.145 1.101 1.128 1.103 1.125 1.039 1.11 1.106 1.111 1.135 1.109 1.074 1.096
2684 1.062 1.139 1.155 1.074 1.148 1.144 1.105 1.142 1.129 1.139 1.143 1.13 1.061 1.089 1.153 1.125 1.159 1.1 1.133 1.067
2685 1.103 1.128 1.137 1.071 1.167 1.136 1.126 1.141 1.137 1.118 1.153 1.13 1.082 1.125 1.15 1.123 1.137 1.083 1.135 1.055
2686 1.117 1.109 1.124 1.071 1.145 1.147 1.122 1.103 1.122 1.09 1.161 1.097 1.109 1.13 1.148 1.085 1.137 1.088 1.135 1.064
2687 1.113 1.095 1.114 1.062 1.153 1.133 1.13 1.092 1.143 1.078 1.156 1.116 1.131 1.105 1.162 1.07 1.151 1.082 1.146 1.028
2688 1.124 1.128 1.148 0.981 1.148 1.135 1.16 1.086 1.158 1.078 1.156 1.099 1.143 1.128 1.164 1.024 1.161 1.081 1.161 0.985
2689 1.106 1.078 1.146 0.953 1.126 1.143 1.136 1.069 1.155 1.039 1.117 1.081 1.161 1.103 1.159 1.016 1.161 1.074 1.161 0.911
2690 1.131 1.071 1.151 0.947 1.145 1.141 1.155 1.014 1.139 0.99 1.129 1.122 1.149 1.099 1.154 0.989 1.148 1.059 1.165 0.844
2691 1.132 1.043 1.158 0.934 1.156 1.127 1.162 0.989 1.107 0.971 1.116 1.136 1.139 1.085 1.132 0.937 1.145 1.024 1.159 0.901
2692 1.103 1.045 1.15 0.946 1.14 1.125 1.132 0.987 1.116 0.94 1.103 1.115 1.139 1.092 1.14 0.926 1.157 1.038 1.154 0.883
2693 1.11 1.02 1.16 0.963 1.146 1.125 1.153 0.997 1.131 0.954 1.098 1.106 1.135 1.111 1.132 0.895 1.132 1.085 1.158 0.889
2694 1.138 1.062 1.161 0.93 1.156 1.109 1.158 0.962 1.112 0.955 1.092 1.1 1.125 1.1 1.137 0.934 1.151 1.079 1.141 0.896
2695 1.141 1.03 1.156 0.944 1.13 1.133 1.132 0.958 1.122 1.004 1.105 1.072 1.129 1.072 1.14 0.935 1.155 1.082 1.117 0.921
2696 1.149 1.038 1.139 0.975 1.155 1.11 1.121 1.004 1.159 1.02 1.128 1.055 1.132 1.095 1.135 0.975 1.144 1.077 1.141 0.939
2697 1.143 1.045 1.166 1.0 1.114 1.125 1.142 0.992 1.156 1.042 1.141 1.054 1.119 1.105 1.127 0.984 1.163 1.088 1.161 0.937
2698 1.13 1.06 1.163 0.964 1.047 1.135 1.145 1.008 1.16 1.08 1.15 1.069 1.104 1.133 1.129 1.011 1.157 1.125 1.148 0.931
2699 1.132 1.081 1.151 0.953 1.064 1.108 1.158 1.02 1.139 1.09 1.155 1.068 1.122 1.14 1.073 1.053 1.16 1.104 1.154 0.9
2700 1.102 1.109 1.164 0.975 1.066 1.128 1.13 1.038 1.141 1.113 1.146 1.042 1.119 1.137 1.063 1.052 1.153 1.131 1.123 0.955
2701 1.103 1.132 1.156 0.995 1.049 1.092 1.134 1.084 1.151 1.094 1.16 1.079 1.117 1.128 1.026 1.061 1.132 1.132 1.112 1.023
2702 1.07 1.118 1.131 0.994 1.059 1.071 1.109 1.095 1.158 1.122 1.117 1.057 1.081 1.14 1.051 1.048 1.123 1.136 1.07 1.045
2703 1.044 1.089 1.124 1.02 1.012 1.065 1.089 1.055 1.144 1.133 1.072 1.036 1.058 1.132 1.039 1.028 1.122 1.14 1.054 1.036
2704 1.106 1.112 1.14 1.052 1.043 1.105 1.127 1.045 1.124 1.131 1.093 1.038 1.096 1.121 1.038 1.05 1.103 1.137 1.06 1.052
2705 1.116 1.118 1.156 1.081 1.035 1.066 1.13 1.044 1.142 1.094 1.071 1.062 1.059 1.121 1.03 1.048 1.105 1.141 1.036 1.033
2706 1.097 1.112 1.15 1.077 1.057 1.052 1.13 1.076 1.153 1.122 1.059 1.036 1.056 1.077 1.041 1.043 1.092 1.141 1.057 1.022
2707 1.064 1.097 1.151 1.112 1.072 1.067 1.123 1.036 1.122 1.139 1.062 1.05 1.064 1.078 1.03 1.062 1.081 1.141 1.038 1.043
2708 1.1 1.13 1.148 1.142 1.051 1.078 1.145 1.05 1.137 1.133 1.1 1.045 1.05 1.091 1.025 1.041 1.073 1.143 1.037 1.045
2709 1.09 1.111 1.134 1.125 1.046 1.045 1.154 1.089 1.107 1.141 1.072 1.05 1.059 1.048 1.025 1.031 1.052 1.125 1.057 1.038
2710 1.092 1.129 1.154 1.13 1.057 1.071 1.145 1.017 1.127 1.144 1.107 1.077 1.071 1.086 1.051 1.036 1.028 1.117 1.051 1.045
2711 1.093 1.145 1.139 1.106 1.087 1.087 1.127 1.054 1.13 1.124 1.105 1.043 1.051 1.129 1.034 1.046 0.986 1.133 1.065 1.064
2712 1.033 1.145 1.131 1.15 1.11 1.08 1.177 1.036 1.102 1.139 1.148 1.043 1.023 1.135 1.041 1.038 0.95 1.135 1.059 1.052
2713 1.063 1.138 1.098 1.138 1.131 1.056 1.163 1.016 1.077 1.104 1.145 1.027 1.051 1.09 1.143 1.016 0.991 1.128 1.128 1.045
2714 1.038 1.141 1.108 1.125 1.124 1.095 1.153 0.987 1.08 1.117 1.119 1.053 1.038 1.091 1.15 1.019 1.01 1.12 1.098 1.092
2715 1.106 1.112 1.144 1.137 1.132 1.119 1.138 1.007 1.1 1.1 1.145 1.067 1.033 1.048 1.158 1.061 1.032 1.127 1.117 1.085
2716 1.104 1.141 1.126 1.134 1.145 1.121 1.154 1.034 1.101 1.114 1.15 1.107 1.044 1.024 1.139 1.045 1.066 1.107 1.103 1.046
2717 1.122 1.106 1.137 1.13 1.137 1.125 1.139 1.007 1.129 1.077 1.144 1.073 1.07 1.036 1.119 1.037 1.079 1.123 1.114 1.017
2718 1.102 1.1 1.122 1.148 1.148 1.112 1.148 1.025 1.101 1.081 1.128 1.042 1.072 1.057 1.1 1.06 1.093 1.151 1.121 1.018
2719 1.13 1.083 1.1 1.142 1.144 1.107 1.149 0.996 1.113 1.082 1.155 1.072 1.08 1.012 1.118 1.037 1.076 1.126 1.132 0.997
2720 1.126 1.064 1.078 1.147 1.125 1.134 1.153 0.976 1.118 1.112 1.156 1.046 1.123 1.014 1.147 1.038 1.066 1.104 1.145 1.003
2721 1.113 1.034 1.062 1.15 1.155 1.136 1.136 0.973 1.133 1.096 1.165 1.07 1.135 1.027 1.144 1.027 1.132 1.067 1.146 1.006
2722 1.115 0.984 1.033 1.139 1.119 1.13 1.153 0.969 1.143 1.082 1.155 1.096 1.135 1.029 1.168 1.044 1.124 1.06 1.131 0.98
2723 1.118 0.95 1.017 1.128 1.132 1.116 1.143 0.95 1.119 1.062 1.123 1.092 1.123 1.031 1.144 1.053 1.113 1.049 1.158 1.015
2724 1.135 1.002 1.094 1.119 1.108 1.141 1.155 0.923 1.109 1.092 1.147 1.109 1.15 1.011 1.147 1.078 1.099 1.016 1.156 0.998
2725 1.138 0.95 1.084 1.143 1.152 1.141 1.156 0.895 1.13 1.099 1.13 1.104 1.12 1.036 1.154 1.083 1.111 1.078 1.167 0.948
2726 1.141 0.92 1.074 1.144 1.134 1.134 1.152 0.87 1.14 1.09 1.15 1.111 1.154 1.037 1.15 1.102 1.103 1.055 1.161 0.913
2727 1.159 0.989 1.055 1.139 1.149 1.144 1.162 0.841 1.147 1.072 1.157 1.121 1.156 1.071 1.132 1.09 1.115 1.098 1.16 0.932
2728 1.159 1.026 1.049 1.128 1.126 1.134 1.143 0.864 1.108 1.021 1.132 1.105 1.141 1.041 1.14 1.048 1.122 1.107 1.146 0.939
2729 1.157 1.004 1.073 1.092 1.096 1.103 1.137 0.937 1.142 1.015 1.153 1.097 1.156 1.076 1.122 1.083 1.119 1.095 1.151 0.971
2730 1.17 1.025 1.117 1.063 1.115 1.129 1.133 0.985 1.13 0.989 1.148 1.083 1.165 1.06 1.15 1.038 1.146 1.108 1.156 0.981
2731 1.147 1.036 1.14 1.069 1.127 1.099 1.161 0.994 1.12 1.002 1.137 1.083 1.167 1.051 1.133 1.025 1.155 1.128 1.162 0.965
2732 1.13 1.062 1.119 1.068 1.145 1.122 1.15 0.985 1.105 1.038 1.166 1.102 1.141 1.048 1.131 1.058 1.136 1.141 1.154 0.941
2733 1.156 1.077 1.091 1.093 1.126 1.11 1.16 0.916 1.115 1.025 1.158 1.133 1.149 0.946 1.133 1.01 1.119 1.142 1.143 0.88
2734 1.145 1.09 1.115 1.114 1.15 1.101 1.148 0.885 1.132 0.958 1.132 1.143 1.144 0.903 1.143 0.949 1.087 1.144 1.151 0.848
2735 1.146 1.116 1.107 1.128 1.167 1.109 1.146 0.876 1.137 0.907 1.142 1.134 1.12 0.886 1.153 0.911 1.066 1.142 1.153 0.832
2736 1.124 1.11 1.114 1.14 1.147 1.085 1.151 0.827 1.139 0.976 1.133 1.134 1.151 0.86 1.146 1.004 1.048 1.138 1.145 0.8
2737 1.109 1.114 1.106 1.138 1.142 1.106 1.12 0.82 1.132 1.055 1.108 1.124 1.137 0.832 1.131 1.066 1.049 1.119 1.148 0.794
2738 1.106 1.098 1.092 1.135 1.137 1.121 1.143 0.773 1.108 1.077 1.068 1.129 1.125 0.877 1.157 1.102 1.046 1.105 1.148 0.698
2739 1.075 1.084 1.106 1.142 1.147 1.105 1.146 0.718 1.052 1.043 1.08 1.145 1.145 0.943 1.149 1.067 1.054 1.134 1.148 0.609
2740 1.068 1.065 1.087 1.126 1.165 1.094 1.157 0.731 1.106 1.019 1.053 1.143 1.155 0.97 1.131 1.044 1.015 1.122 1.129 0.665
2741 1.099 1.038 1.061 1.118 1.155 1.053 1.114 0.803 1.13 0.991 1.033 1.131 1.124 0.968 1.15 1.007 1.026 1.087 1.138 0.78
2742 1.08 1.057 1.048 1.055 1.137 1.021 1.039 0.909 1.098 1.003 0.995 1.121 1.085 0.986 1.166 0.952 0.908 1.008 1.12 0.945
2743 0.938 1.093 0.878 1.081 1.055 1.041 0.877 1.06 1.02 1.092 0.873 1.128 1.015 1.037 1.147 0.927 0.778 1.12 1.099 0.934
2744 0.806 1.121 0.736 1.141 1.0 1.101 0.702 1.12 0.865 1.127 0.762 1.15 0.926 1.103 1.095 1.002 0.612 1.121 1.044 1.016
2745 0.678 1.13 0.649 1.137 0.883 1.13 0.568 1.13 0.797 1.119 0.672 1.142 0.836 1.137 1.091 1.137 0.432 1.134 0.994 1.122
2746 0.62 1.15 0.509 1.143 0.803 1.121 0.442 1.134 0.769 1.106 0.526 1.153 0.772 1.143 0.971 1.132 0.259 1.135 0.892 1.129
2747 0.479 1.152 0.351 1.141 0.755 1.11 0.266 1.135 0.681 1.133 0.376 1.147 0.572 1.145 0.842 1.137 0.106 1.116 0.809 1.125
2748 0.302 1.157 0.21 1.147 0.608 1.144 0.17 1.121 0.512 1.149 0.224 1.16 0.355 1.145 0.772 1.12 0.069 1.066 0.706 1.144
2749 0.173 1.161 0.129 1.132 0.403 1.141 0.109 1.093 0.28 1.138 0.122 1.168 0.175 1.143 0.595 1.13 0.084 0.986 0.579 1.14
2750 0.122 1.163 0.073 1.121 0.211 1.114 0.093 1.034 0.121 1.141 0.07 1.144 0.093 1.1 0.455 1.15 0.081 0.882 0.4 1.138
2751 0.092 1.165 0.073 1.039 0.104 1.139 0.077 0.939 0.069 1.084 0.064 1.132 0.078 1.019 0.291 1.161 0.091 0.88 0.219 1.142
2752 0.081 1.151 0.069 1.039 0.108 1.149 0.12 1.017 0.077 1.084 0.068 1.121 0.112 1.027 0.16 1.165 0.1 0.95 0.139 1.029
2753 0.058 1.137 0.068 1.017 0.078 1.085 0.107 0.992 0.059 1.046 0.094 1.062 0.078 0.998 0.089 1.107 0.07 0.994 0.116 1.053
2754 0.075 1.101 0.064 1.035 0.083 1.062 0.099 0.986 0.058 1.056 0.094 1.055 0.07 1.001 0.086 1.083 0.068 1.003 0.1 1.022
2755 0.092 1.152 0.058 1.002 0.083 1.057 0.106 0.984 0.082 1.041 0.083 1.024 0.072 0.953 0.1 1.1 0.068 1.001 0.104 1.023
2756 0.133 1.14 0.087 0.984 0.105 1.104 0.089 0.933 0.084 1.07 0.095 1.0 0.063 0.934 0.094 1.122 0.089 0.961 0.108 1.059
2757 0.082 1.155 0.107 0.982 0.118 1.107 0.084 0.888 0.089 1.098 0.083 1.003 0.06 0.923 0.073 1.111 0.073 0.976 0.068 1.017
2758 0.089 1.142 0.121 1.007 0.122 1.155 0.104 0.912 0.104 1.086 0.088 1.0 0.085 0.93 0.075 1.128 0.061 0.977 0.069 1.09
2759 0.099 1.128 0.095 1.036 0.125 1.123 0.114 0.996 0.11 1.111 0.068 1.047 0.063 0.961 0.072 1.135 0.067 0.992 0.093 1.066
2760 0.1 1.153 0.123 1.081 0.104 1.114 0.09 1.009 0.089 1.112 0.072 1.073 0.068 1.003 0.067 1.104 0.087 1.033 0.1 1.103
2761 0.077 1.131 0.103 1.066 0.133 1.111 0.118 1.035 0.085 1.074 0.075 1.069 0.08 1.012 0.071 1.099 0.06 1.043 0.097 1.064
2762 0.081 1.13 0.109 1.072 0.141 1.086 0.128 0.984 0.089 1.106 0.091 1.048 0.063 1.001 0.066 1.119 0.063 1.017 0.095 1.011
2763 0.077 1.157 0.068 1.084 0.106 1.149 0.077 0.876 0.092 1.14 0.105 1.042 0.083 0.95 0.059 1.144 0.084 1.029 0.11 0.999
2764 0.082 1.164 0.064 1.039 0.09 1.111 0.065 0.828 0.076 1.131 0.089 0.981 0.097 0.851 0.062 1.13 0.072 0.998 0.074 0.89
2765 0.106 1.145 0.062 0.955 0.065 1.003 0.055 0.779 0.077 1.043 0.073 0.841 0.094 0.801 0.073 1.08 0.084 0.889 0.088 0.812
2766 0.086 1.098 0.087 0.906 0.077 0.943 0.069 0.751 0.068 0.966 0.061 0.809 0.086 0.754 0.07 1.004 0.066 0.845 0.098 0.767
2767 0.067 1.033 0.067 0.847 0.091 0.893 0.063 0.745 0.071 0.891 0.075 0.8 0.083 0.732 0.067 0.954 0.083 0.808 0.114 0.801
2768 0.07 0.944 0.078 0.822 0.069 0.852 0.07 0.762 0.062 0.876 0.064 0.808 0.086 0.78 0.082 0.893 0.081 0.794 0.095 0.777
2769 0.087 0.901 0.097 0.82 0.067 0.812 0.073 0.756 0.056 0.854 0.068 0.799 0.082 0.761 0.104 0.881 0.061 0.767 0.088 0.741
2770 0.076 0.957 0.106 0.825 0.061 0.787 0.081 0.747 0.064 0.841 0.101 0.772 0.105 0.742 0.093 0.875 0.056 0.757 0.089 0.731
2771 0.076 0.904 0.108 0.846 0.065 0.823 0.081 0.775 0.08 0.841 0.07 0.822 0.091 0.779 0.063 0.892 0.058 0.767 0.059 0.709
2772 0.073 0.935 0.107 0.892 0.064 0.876 0.063 0.793 0.109 0.848 0.07 0.818 0.087 0.792 0.084 0.897 0.064 0.743 0.089 0.708
2773 0.083 1.012 0.137 0.866 0.067 0.911 0.061 0.788 0.075 0.826 0.074 0.812 0.108 0.786 0.073 0.982 0.081 0.766 0.066 0.73
2774 0.104 1.064 0.083 0.86 0.105 0.962 0.076 0.779 0.086 0.855 0.068 0.843 0.112 0.799 0.078 1.039 0.065 0.751 0.068 0.72
2775 0.079 1.152 0.087 1.047 0.068 1.122 0.073 0.871 0.096 0.964 0.075 0.907 0.086 0.889 0.076 1.135 0.088 0.752 0.067 0.714
2776 0.13 1.153 0.098 1.046 0.087 1.099 0.085 0.868 0.089 0.992 0.069 0.999 0.068 0.904 0.096 1.149 0.082 0.707 0.069 0.689
2777 0.124 1.147 0.076 1.074 0.092 1.107 0.053 0.935 0.076 1.052 0.074 1.059 0.078 0.994 0.093 1.142 0.08 0.66 0.063 0.649
2778 0.101 1.138 0.066 1.113 0.075 1.147 0.064 0.972 0.071 1.078 0.085 1.103 0.082 1.043 0.07 1.159 0.088 0.817 0.066 0.637
2779 0.091 1.107 0.073 1.095 0.078 1.116 0.066 1.04 0.078 1.092 0.086 1.102 0.108 1.066 0.068 1.14 0.079 0.998 0.134 0.824
2780 0.079 1.082 0.073 1.06 0.103 1.139 0.105 0.969 0.097 1.02 0.1 1.041 0.118 1.009 0.072 1.128 0.119 0.896 0.125 0.833
2781 0.092 1.019 0.115 1.005 0.077 1.149 0.1 0.925 0.071 0.944 0.112 0.953 0.138 0.942 0.089 1.113 0.102 0.879 0.141 0.878
2782 0.078 0.912 0.114 0.924 0.065 1.111 0.06 0.861 0.084 0.898 0.089 0.904 0.127 0.885 0.105 1.063 0.101 0.835 0.116 0.848
2783 0.076 0.973 0.11 0.934 0.068 1.081 0.089 0.856 0.061 0.881 0.063 0.954 0.12 0.93 0.086 1.032 0.117 0.802 0.23 0.741
2784 0.083 1.038 0.078 0.928 0.068 1.057 0.139 0.824 0.093 0.812 0.081 1.024 0.087 0.947 0.15 1.035 0.266 0.734 0.447 0.726
2785 0.083 1.094 0.107 0.891 0.067 1.083 0.276 0.752 0.16 0.804 0.069 0.989 0.084 0.932 0.26 0.818 0.446 0.786 0.54 0.829
2786 0.159 1.073 0.189 0.864 0.094 1.131 0.427 0.796 0.368 0.837 0.078 0.941 0.118 0.883 0.462 0.884 0.524 0.863 0.58 0.957
2787 0.439 1.048 0.308 0.955 0.115 1.15 0.51 0.925 0.495 1.014 0.129 0.884 0.277 0.913 0.477 1.069 0.552 1.067 0.574 1.11
2788 0.426 1.07 0.401 1.088 0.166 1.128 0.558 1.113 0.532 1.14 0.274 0.938 0.417 1.074 0.491 1.155 0.6 1.119 0.595 1.145
2789 0.477 1.109 0.444 1.126 0.274 1.141 0.49 1.116 0.49 1.12 0.399 1.067 0.429 1.08 0.466 1.133 0.688 1.141 0.645 1.133
2790 0.44 1.119 0.424 1.155 0.368 1.151 0.467 1.123 0.5 1.155 0.404 1.132 0.425 1.13 0.461 1.14 0.675 1.135 0.654 1.136
2791 0.465 1.119 0.443 1.141 0.402 1.148 0.531 1.136 0.569 1.131 0.395 1.119 0.412 1.12 0.492 1.149 0.711 1.124 0.602 1.148
2792 0.503 1.121 0.489 1.148 0.392 1.129 0.561 1.132 0.569 1.116 0.398 1.089 0.461 1.13 0.547 1.155 0.624 1.149 0.574 1.116
2793 0.526 1.105 0.546 1.146 0.442 1.126 0.596 1.145 0.584 1.128 0.452 1.083 0.5 1.148 0.559 1.133 0.621 1.104 0.599 1.115
2794 0.509 1.12 0.531 1.138 0.474 1.141 0.582 1.152 0.548 1.144 0.472 1.121 0.485 1.125 0.527 1.132 0.618 1.12 0.545 1.135
2795 0.523 1.127 0.556 1.144 0.507 1.148 0.614 1.145 0.571 1.139 0.445 1.129 0.484 1.116 0.527 1.157 0.589 1.091 0.566 1.106
2796 0.518 1.143 0.556 1.132 0.484 1.155 0.618 1.139 0.58 1.156 0.441 1.139 0.452 1.14 0.543 1.144 0.585 1.09 0.598 1.132
2797 0.51 1.128 0.545 1.123 0.48 1.14 0.675 1.115 0.575 1.153 0.439 1.156 0.448 1.147 0.527 1.156 0.588 1.123 0.593 1.138
2798 0.532 1.125 0.539 1.116 0.532 1.13 0.742 1.145 0.558 1.13 0.483 1.154 0.521 1.123 0.549 1.153 0.588 1.134 0.639 1.142
2799 0.537 1.125 0.566 1.135 0.531 1.156 0.789 1.124 0.594 1.136 0.471 1.13 0.533 1.109 0.558 1.141 0.686 1.124 0.725 1.131
2800 0.56 1.123 0.66 1.117 0.5 1.152 0.789 1.139 0.702 1.131 0.495 1.12 0.535 1.103 0.624 1.138 0.763 1.145 0.783 1.123
2801 0.672 1.095 0.675 1.128 0.44 1.173 0.804 1.129 0.775 1.123 0.537 1.124 0.564 1.112 0.677 1.144 0.78 1.128 0.791 1.096
2802 0.741 1.098 0.7 1.112 0.541 1.134 0.887 1.124 0.763 1.095 0.584 1.149 0.624 1.139 0.704 1.141 0.879 1.138 0.882 1.114
2803 0.722 1.105 0.656 1.119 0.583 1.137 0.88 1.141 0.749 1.074 0.621 1.141 0.632 1.148 0.737 1.13 0.781 1.129 0.812 1.108
2804 0.762 1.088 0.706 1.113 0.541 1.161 0.775 1.137 0.778 1.057 0.638 1.132 0.701 1.128 0.724 1.152 0.76 1.143 0.768 1.088
2805 0.738 1.097 0.727 1.135 0.493 1.149 0.822 1.109 0.807 1.065 0.657 1.12 0.694 1.15 0.726 1.151 0.776 1.13 0.764 1.103
2806 0.728 1.115 0.716 1.125 0.441 1.145 0.835 1.123 0.848 1.106 0.676 1.126 0.687 1.158 0.765 1.157 0.783 1.139 0.798 1.121
2807 0.739 1.115 0.741 1.123 0.407 1.166 0.873 1.102 0.846 1.079 0.68 1.12 0.65 1.149 0.764 1.156 0.766 1.139 0.808 1.131
2808 0.738 1.128 0.731 1.131 0.497 1.148 0.951 1.12 0.937 1.128 0.706 1.121 0.641 1.121 0.751 1.128 0.785 1.132 0.793 1.14
2809 0.746 1.128 0.727 1.133 0.603 1.135 0.959 1.11 0.861 1.141 0.693 1.139 0.678 1.104 0.747 1.114 0.805 1.093 0.784 1.12
2810 0.704 1.125 0.692 1.147 0.624 1.137 0.844 1.136 0.774 1.156 0.674 1.128 0.673 1.118 0.692 1.082 0.828 1.048 0.72 1.126
2811 0.694 1.13 0.639 1.144 0.553 1.161 0.738 1.137 0.73 1.124 0.62 1.133 0.652 1.128 0.688 1.11 0.856 1.053 0.702 1.155
2812 0.655 1.132 0.6 1.146 0.545 1.148 0.785 1.134 0.75 1.142 0.593 1.149 0.631 1.154 0.652 1.122 0.817 1.129 0.695 1.138
2813 0.66 1.137 0.597 1.113 0.563 1.142 0.753 1.154 0.733 1.121 0.603 1.132 0.632 1.149 0.62 1.128 0.748 1.115 0.676 1.144
2814 0.669 1.108 0.551 1.113 0.538 1.159 0.719 1.146 0.683 1.071 0.631 1.142 0.637 1.139 0.662 1.078 0.71 1.125 0.683 1.125
2815 0.61 1.13 0.579 1.147 0.557 1.141 0.762 1.121 0.705 1.08 0.591 1.12 0.6 1.125 0.601 1.072 0.689 1.151 0.66 1.135
2816 0.582 1.14 0.504 1.156 0.475 1.148 0.864 1.123 0.691 1.131 0.495 1.126 0.555 1.153 0.587 1.109 0.67 1.149 0.644 1.099
2817 0.558 1.146 0.399 1.156 0.289 1.163 0.953 1.125 0.702 1.142 0.416 1.139 0.502 1.142 0.625 1.132 0.633 1.148 0.629 1.135
2818 0.52 1.155 0.223 1.152 0.126 1.162 1.04 1.139 0.657 1.127 0.312 1.148 0.38 1.148 0.566 1.147 0.644 1.145 0.604 1.147
2819 0.399 1.143 0.106 1.161 0.076 1.155 1.114 1.14 0.678 1.144 0.205 1.153 0.238 1.136 0.491 1.14 0.589 1.135 0.563 1.135
2820 0.286 1.152 0.096 1.152 0.061 1.15 1.154 1.108 0.614 1.134 0.114 1.164 0.126 1.144 0.358 1.151 0.504 1.151 0.462 1.139
2821 0.175 1.137 0.075 1.109 0.066 1.141 1.145 1.05 0.528 1.146 0.09 1.156 0.129 1.159 0.254 1.153 0.431 1.159 0.38 1.143
2822 0.134 1.146 0.076 1.084 0.08 1.113 1.106 1.039 0.416 1.148 0.069 1.147 0.095 1.136 0.164 1.155 0.373 1.152 0.305 1.149
2823 0.091 1.172 0.087 1.062 0.077 1.091 0.943 1.105 0.322 1.162 0.066 1.151 0.075 1.112 0.109 1.124 0.29 1.153 0.209 1.149
2824 0.084 1.128 0.088 1.065 0.079 1.086 0.725 1.115 0.239 1.154 0.069 1.14 0.071 1.119 0.125 1.102 0.182 1.165 0.161 1.154
2825 0.096 1.134 0.11 1.077 0.075 1.087 0.457 1.121 0.16 1.156 0.078 1.16 0.064 1.124 0.105 1.106 0.149 1.132 0.125 1.134
2826 0.081 1.137 0.086 1.028 0.09 1.062 0.191 1.117 0.118 1.152 0.09 1.172 0.067 1.103 0.078 1.09 0.097 1.116 0.1 1.155
2827 0.067 1.109 0.083 1.013 0.086 1.034 0.13 1.144 0.106 1.113 0.066 1.155 0.076 1.083 0.105 1.062 0.082 1.091 0.103 1.127
2828 0.063 1.123 0.074 1.041 0.098 1.042 0.127 1.133 0.13 1.104 0.089 1.153 0.071 1.084 0.091 1.093 0.085 1.112 0.111 1.123
2829 0.09 1.141 0.06 1.062 0.087 1.027 0.172 1.165 0.113 1.109 0.107 1.135 0.065 1.093 0.079 1.086 0.09 1.113 0.129 1.14
2830 0.076 1.157 0.081 1.054 0.07 1.028 0.218 1.145 0.103 1.099 0.104 1.151 0.064 1.078 0.083 1.088 0.072 1.117 0.147 1.123
2831 0.078 1.121 0.092 1.024 0.084 1.013 0.241 1.136 0.102 1.072 0.091 1.123 0.075 1.06 0.083 1.084 0.063 1.093 0.16 1.141
2832 0.096 1.095 0.108 1.02 0.112 0.997 0.235 1.158 0.089 1.041 0.101 1.133 0.073 1.031 0.091 1.057 0.089 1.076 0.179 1.149
2833 0.115 1.104 0.084 1.009 0.072 0.986 0.186 1.116 0.095 1.035 0.123 1.128 0.077 1.03 0.11 1.064 0.087 1.062 0.172 1.158
2834 0.121 1.107 0.063 1.001 0.078 0.977 0.155 1.111 0.099 1.007 0.087 1.138 0.077 1.033 0.099 1.029 0.082 1.081 0.096 1.157
2835 0.065 1.124 0.08 0.981 0.096 0.974 0.138 1.129 0.081 1.014 0.058 1.117 0.089 1.05 0.097 1.05 0.074 1.058 0.097 1.146
2836 0.077 1.086 0.102 0.995 0.095 0.97 0.122 1.15 0.071 1.003 0.065 1.073 0.091 1.06 0.11 1.044 0.076 1.045 0.073 1.14
2837 0.07 1.081 0.104 1.005 0.076 1.003 0.095 1.161 0.062 1.015 0.061 1.046 0.083 1.041 0.083 1.022 0.081 1.029 0.081 1.092
2838 0.072 1.063 0.083 0.984 0.07 0.981 0.08 1.126 0.062 1.02 0.089 1.032 0.101 1.047 0.081 1.02 0.083 1.024 0.086 1.069
2839 0.072 1.085 0.097 0.997 0.059 0.943 0.066 1.111 0.072 1.0 0.115 1.06 0.104 1.071 0.078 1.043 0.079 1.049 0.084 1.107
2840 0.063 1.102 0.097 1.007 0.066 0.913 0.099 1.141 0.067 0.981 0.11 1.029 0.087 1.092 0.065 1.027 0.076 1.027 0.101 1.119
2841 0.069 1.109 0.081 0.998 0.071 0.888 0.095 1.137 0.066 0.956 0.123 0.999 0.088 1.062 0.068 1.005 0.076 1.028 0.116 1.051
2842 0.111 1.083 0.078 0.972 0.065 0.864 0.083 1.151 0.077 0.93 0.116 1.031 0.088 1.06 0.069 0.997 0.071 1.036 0.081 1.036
2843 0.071 1.075 0.066 1.006 0.107 0.929 0.069 1.13 0.084 0.938 0.104 1.031 0.097 1.048 0.081 1.027 0.081 1.045 0.086 1.029
2844 0.076 1.038 0.074 0.971 0.081 0.924 0.076 1.106 0.076 0.966 0.099 1.015 0.097 1.029 0.077 0.998 0.083 1.017 0.091 1.008
2845 0.086 1.05 0.069 0.97 0.071 0.9 0.074 1.082 0.103 0.975 0.102 1.021 0.083 1.043 0.076 0.994 0.058 1.009 0.108 1.002
2846 0.133 1.032 0.072 0.927 0.067 0.88 0.079 1.107 0.071 0.952 0.126 1.018 0.073 1.022 0.089 1.005 0.073 1.018 0.098 1.009
2847 0.102 1.097 0.087 0.92 0.061 0.878 0.06 1.092 0.063 0.921 0.113 1.02 0.083 1.089 0.112 1.003 0.066 1.013 0.12 0.991
2848 0.087 1.091 0.095 0.886 0.067 0.89 0.071 1.141 0.083 0.951 0.094 0.998 0.068 1.056 0.069 0.986 0.067 1.019 0.075 0.971
2849 0.105 1.011 0.079 0.852 0.065 0.924 0.062 1.102 0.092 0.933 0.085 0.972 0.076 0.998 0.07 0.968 0.07 0.977 0.081 0.963
2850 0.148 0.98 0.087 0.764 0.062 0.904 0.075 1.075 0.079 0.873 0.118 0.961 0.089 0.987 0.066 0.941 0.091 0.985 0.074 0.914
2851 0.132 0.977 0.062 0.69 0.087 0.802 0.103 1.042 0.065 0.785 0.102 0.915 0.055 0.996 0.074 0.971 0.087 1.018 0.073 0.874
2852 0.117 0.999 0.071 0.606 0.08 0.724 0.08 1.037 0.069 0.69 0.072 0.838 0.067 1.026 0.064 0.945 0.087 1.009 0.081 0.776
2853 0.097 0.928 0.076 0.559 0.069 0.667 0.077 1.076 0.055 0.585 0.073 0.765 0.075 1.039 0.073 0.816 0.074 0.906 0.081 0.719
2854 0.094 0.785 0.09 0.509 0.075 0.59 0.066 1.077 0.064 0.514 0.065 0.686 0.079 1.067 0.079 0.721 0.062 0.757 0.068 0.656
2855 0.094 0.66 0.059 0.41 0.078 0.48 0.068 1.055 0.062 0.446 0.065 0.566 0.062 0.971 0.065 0.589 0.079 0.619 0.069 0.549
2856 0.063 0.563 0.052 0.347 0.087 0.367 0.066 0.982 0.065 0.353 0.044 0.442 0.065 0.889 0.073 0.527 0.057 0.538 0.062 0.406
2857 0.079 0.502 0.057 0.251 0.073 0.235 0.059 0.882 0.049 0.27 0.057 0.343 0.073 0.814 0.095 0.412 0.052 0.386 0.047 0.322
2858 0.067 0.335 0.036 0.137 0.06 0.13 0.068 0.788 0.061 0.164 0.093 0.208 0.067 0.728 0.057 0.303 0.033 0.221 0.045 0.201
2859 0.041 0.212 0.053 0.04 0.086 0.044 0.056 0.698 0.064 0.082 0.077 0.093 0.073 0.681 0.057 0.178 0.064 0.135 0.036 0.089
2860 0.044 0.112 0.061 0.033 0.11 0.038 0.073 0.661 0.055 0.042 0.073 0.047 0.079 0.627 0.062 0.09 0.071 0.064 0.038 0.063
