time X0 Y0 X1 Y1 X2 Y2 X3 Y3 X4 Y4 X5 Y5 X6 Y6 X7 Y7 X8 Y8 X9 Y9
526 0.994 0.776 0.909 0.721 1.124 0.794 0.958 0.66 1.116 1.0 1.002 0.787 1.138 0.98 1.112 0.917 0.8655 0.617 0.917 0.831
527 1.068 0.718 0.987 0.761 1.09 0.77 0.94 0.606 1.089 0.86 1.047 0.777 1.132 0.904 1.082 0.784 0.941 0.787 1.009 0.808
528 1.059 0.564 1.011 0.687 1.061 0.639 0.948 0.454 1.046 0.835 1.021 0.779 1.046 0.849 1.088 0.688 0.984 0.769 1.012 0.841
529 1.041 0.406 0.95 0.466 0.982 0.462 0.902 0.341 0.978 0.789 0.958 0.681 0.93 0.864 1.059 0.483 0.975 0.557 0.891 0.853
530 0.977 0.253 0.848 0.278 0.86 0.298 0.802 0.24 0.934 0.781 0.881 0.426 0.893 0.798 0.942 0.305 0.848 0.334 0.862 0.798
531 0.853 0.123 0.752 0.138 0.737 0.158 0.695 0.169 0.886 0.647 0.742 0.273 0.877 0.776 0.779 0.146 0.68 0.216 0.806 0.534
532 0.69 0.082 0.611 0.104 0.547 0.098 0.518 0.129 0.821 0.476 0.578 0.231 0.819 0.805 0.646 0.075 0.522 0.167 0.739 0.232
533 0.529 0.129 0.409 0.131 0.357 0.105 0.343 0.155 0.686 0.378 0.426 0.252 0.78 0.82 0.499 0.085 0.362 0.204 0.561 0.148
534 0.344 0.197 0.317 0.27 0.283 0.216 0.225 0.244 0.501 0.346 0.299 0.313 0.735 0.761 0.366 0.109 0.262 0.287 0.389 0.242
535 0.291 0.298 0.262 0.291 0.235 0.289 0.191 0.258 0.375 0.324 0.22 0.322 0.755 0.663 0.294 0.192 0.198 0.313 0.307 0.296
536 0.243 0.355 0.235 0.343 0.23 0.289 0.169 0.308 0.328 0.301 0.233 0.405 0.835 0.587 0.204 0.223 0.209 0.374 0.273 0.408
537 0.292 0.402 0.28 0.374 0.206 0.272 0.127 0.388 0.302 0.381 0.278 0.489 0.937 0.539 0.163 0.285 0.18 0.393 0.283 0.485
538 0.324 0.466 0.182 0.459 0.161 0.261 0.085 0.336 0.291 0.435 0.263 0.56 1.035 0.555 0.117 0.325 0.159 0.449 0.288 0.518
539 0.221 0.46 0.133 0.451 0.109 0.216 0.076 0.306 0.198 0.372 0.23 0.662 1.092 0.627 0.106 0.308 0.124 0.348 0.292 0.601
540 0.18 0.353 0.06 0.345 0.125 0.159 0.089 0.198 0.156 0.31 0.266 0.678 1.082 0.708 0.122 0.303 0.121 0.319 0.282 0.689
541 0.144 0.415 0.129 0.364 0.171 0.175 0.212 0.218 0.225 0.244 0.198 0.532 1.064 0.768 0.169 0.235 0.12 0.258 0.195 0.605
542 0.142 0.468 0.156 0.398 0.177 0.202 0.275 0.197 0.251 0.214 0.173 0.507 1.03 0.837 0.22 0.235 0.22 0.357 0.174 0.529
543 0.189 0.504 0.192 0.422 0.254 0.258 0.357 0.261 0.296 0.296 0.286 0.566 1.028 0.933 0.225 0.31 0.259 0.509 0.152 0.575
544 0.35 0.625 0.278 0.575 0.286 0.329 0.368 0.372 0.357 0.353 0.39 0.598 1.032 1.012 0.283 0.434 0.373 0.588 0.299 0.669
545 0.461 0.743 0.369 0.722 0.333 0.4 0.386 0.436 0.433 0.406 0.516 0.736 1.086 1.04 0.37 0.567 0.518 0.658 0.446 0.792
546 0.665 0.871 0.459 0.868 0.476 0.436 0.499 0.583 0.547 0.572 0.663 0.831 1.139 0.99 0.472 0.751 0.636 0.69 0.571 0.864
547 0.843 0.923 0.657 0.925 0.65 0.61 0.646 0.681 0.687 0.703 0.825 0.874 1.126 0.904 0.666 0.827 0.801 0.739 0.788 0.899
548 0.999 0.935 0.838 0.952 0.849 0.693 0.807 0.761 0.859 0.796 0.986 0.893 1.074 0.897 0.838 0.871 0.941 0.831 0.967 0.973
549 1.052 1.047 0.978 0.987 0.98 0.815 0.898 0.838 0.965 0.888 1.029 0.886 1.041 0.892 0.957 0.937 1.029 0.818 1.044 1.059
550 1.118 1.129 1.015 1.082 0.978 0.9 0.949 0.9 0.941 0.97 0.996 0.916 1.072 0.885 0.967 0.999 1.038 0.764 1.034 1.129
551 1.155 1.072 1.121 1.069 0.986 0.926 0.928 0.963 0.914 1.008 0.965 0.992 1.084 0.832 1.06 1.062 1.071 0.618 1.039 1.113
552 1.163 0.909 1.112 0.941 1.115 0.89 0.935 1.02 0.939 1.04 0.994 1.004 1.04 0.76 1.044 0.996 1.032 0.532 1.089 1.044
553 1.179 0.859 1.085 0.835 1.047 0.745 0.869 1.001 0.971 1.055 0.988 0.886 1.007 0.692 1.142 0.907 1.023 0.634 1.114 0.957
554 1.146 0.752 1.025 0.691 1.061 0.647 0.922 0.966 0.994 0.994 0.945 0.789 1.01 0.617 1.106 0.787 1.05 0.625 1.101 0.81
555 1.098 0.579 1.042 0.529 1.068 0.446 0.986 0.827 1.025 0.902 0.906 0.728 1.012 0.494 1.045 0.615 1.055 0.43 1.033 0.677
556 1.104 0.396 1.008 0.339 1.082 0.276 0.954 0.558 1.017 0.82 0.894 0.569 0.968 0.362 1.062 0.447 1.06 0.251 1.034 0.541
557 1.034 0.211 0.918 0.225 0.991 0.123 1.044 0.535 1.001 0.759 0.858 0.415 0.888 0.231 1.018 0.239 0.933 0.137 1.09 0.366
558 0.835 0.135 0.777 0.163 0.774 0.082 0.937 0.367 1.029 0.668 0.728 0.272 0.72 0.171 0.823 0.162 0.71 0.12 0.979 0.215
559 0.648 0.085 0.584 0.199 0.537 0.091 0.739 0.211 1.02 0.56 0.571 0.208 0.513 0.166 0.625 0.139 0.5 0.118 0.839 0.121
560 0.462 0.085 0.394 0.235 0.35 0.13 0.545 0.192 0.953 0.497 0.354 0.256 0.344 0.206 0.492 0.147 0.32 0.183 0.632 0.112
561 0.266 0.136 0.257 0.261 0.164 0.218 0.32 0.261 0.913 0.42 0.214 0.277 0.214 0.232 0.336 0.173 0.175 0.23 0.411 0.145
562 0.145 0.146 0.131 0.349 0.098 0.275 0.238 0.308 0.84 0.312 0.117 0.359 0.177 0.244 0.225 0.216 0.09 0.305 0.294 0.218
563 0.07 0.263 0.187 0.497 0.137 0.45 0.231 0.407 0.748 0.228 0.118 0.487 0.137 0.324 0.209 0.341 0.095 0.444 0.217 0.235
564 0.034 0.368 0.139 0.632 0.113 0.633 0.304 0.52 0.616 0.195 0.097 0.635 0.259 0.485 0.27 0.501 0.105 0.503 0.209 0.284
565 0.151 0.442 0.178 0.798 0.15 0.804 0.327 0.678 0.455 0.224 0.114 0.832 0.232 0.404 0.099 0.698 0.077 0.588 0.178 0.4
566 0.116 0.641 0.267 0.932 0.231 0.951 0.345 0.832 0.365 0.251 0.176 0.99 0.316 0.628 0.164 0.885 0.115 0.801 0.104 0.601
567 0.153 0.863 0.343 1.009 0.366 1.066 0.43 0.966 0.317 0.367 0.301 1.028 0.401 0.838 0.242 1.025 0.18 1.012 0.202 0.829
568 0.229 1.024 0.534 1.023 0.58 1.049 0.55 1.009 0.332 0.432 0.457 1.055 0.525 0.964 0.397 1.063 0.344 1.09 0.33 0.963
569 0.375 1.055 0.663 0.991 0.77 1.022 0.734 0.993 0.303 0.528 0.681 1.056 0.714 0.961 0.551 1.106 0.418 1.054 0.5 0.991
570 0.577 1.066 0.798 0.904 0.941 0.947 0.917 0.907 0.264 0.637 0.877 0.982 0.883 0.926 0.782 1.053 0.648 1.08 0.673 0.984
571 0.815 1.061 0.88 0.853 1.025 0.862 1.023 0.779 0.222 0.741 0.935 0.916 0.959 0.871 0.98 0.985 0.87 1.017 0.888 0.937
572 0.949 0.987 0.93 0.764 1.043 0.859 1.074 0.505 0.16 0.854 0.991 0.815 0.988 0.664 0.999 0.893 0.962 0.959 0.975 0.93
573 1.031 0.893 0.93 0.59 1.077 0.583 1.122 0.195 0.101 0.949 1.008 0.612 1.045 0.419 1.003 0.763 0.999 0.848 1.004 0.81
574 0.977 0.753 0.942 0.367 1.09 0.316 1.157 0.106 0.101 1.059 1.021 0.373 1.096 0.205 1.013 0.592 1.024 0.697 0.97 0.649
575 0.961 0.533 0.922 0.2 1.09 0.108 1.06 0.092 0.195 1.118 1.002 0.144 1.013 0.082 0.962 0.396 1.015 0.536 1.016 0.446
576 0.924 0.253 0.826 0.069 0.974 0.099 0.987 0.046 0.332 1.126 0.88 0.065 0.947 0.071 0.952 0.163 1.015 0.359 1.017 0.251
577 0.741 0.115 0.646 0.084 0.91 0.036 1.011 0.05 0.381 1.098 0.692 0.076 0.753 0.068 0.823 0.065 0.926 0.206 0.93 0.112
578 0.501 0.164 0.463 0.13 0.763 0.054 0.948 0.052 0.474 1.063 0.498 0.094 0.547 0.085 0.612 0.119 0.731 0.159 0.712 0.121
579 0.296 0.232 0.328 0.157 0.615 0.075 0.813 0.075 0.579 1.045 0.333 0.12 0.375 0.192 0.442 0.199 0.518 0.209 0.479 0.193
580 0.201 0.239 0.201 0.211 0.384 0.107 0.575 0.119 0.662 1.021 0.183 0.19 0.228 0.275 0.267 0.232 0.383 0.237 0.317 0.277
581 0.096 0.348 0.101 0.299 0.286 0.218 0.351 0.133 0.743 1.006 0.167 0.178 0.135 0.345 0.156 0.291 0.228 0.27 0.158 0.294
582 0.089 0.499 0.092 0.34 0.163 0.257 0.212 0.261 0.84 1.013 0.14 0.236 0.168 0.5 0.138 0.437 0.176 0.436 0.124 0.449
583 0.131 0.654 0.093 0.52 0.087 0.441 0.188 0.381 0.912 1.006 0.156 0.331 0.162 0.658 0.13 0.561 0.2 0.565 0.155 0.61
584 0.128 0.841 0.116 0.665 0.074 0.578 0.138 0.522 0.988 0.947 0.228 0.386 0.198 0.82 0.087 0.731 0.183 0.752 0.155 0.783
585 0.232 0.984 0.2 0.77 0.102 0.798 0.155 0.689 1.044 0.876 0.212 0.376 0.262 0.938 0.1 0.93 0.245 0.912 0.219 0.957
586 0.421 1.017 0.336 0.857 0.213 0.977 0.205 0.843 1.07 0.798 0.218 0.544 0.449 0.992 0.28 1.033 0.394 0.953 0.38 1.024
587 0.617 0.999 0.507 0.873 0.422 1.035 0.403 0.903 1.151 0.712 0.32 0.722 0.614 0.937 0.488 1.031 0.526 0.948 0.544 1.047
588 0.827 0.947 0.694 0.85 0.612 1.072 0.64 0.904 1.157 0.604 0.546 0.806 0.851 0.897 0.655 1.001 0.774 0.916 0.746 0.985
589 0.954 0.921 0.843 0.824 0.757 1.032 0.832 0.907 1.15 0.504 0.773 0.843 0.943 0.857 0.838 1.001 0.933 0.902 0.906 0.909
590 1.026 0.848 0.949 0.812 0.832 1.018 0.93 0.817 1.083 0.458 0.885 0.855 1.005 0.767 0.975 0.904 1.033 0.796 1.012 0.815
591 1.023 0.808 0.929 0.666 0.957 0.902 0.914 0.701 1.036 0.376 0.896 0.775 0.947 0.664 0.991 0.876 1.024 0.693 0.99 0.702
592 1.027 0.688 0.89 0.495 1.004 0.772 0.887 0.536 1.033 0.254 0.858 0.745 0.956 0.486 1.015 0.76 0.978 0.558 0.963 0.518
593 0.982 0.479 0.76 0.438 1.035 0.609 0.745 0.472 0.991 0.138 0.768 0.567 0.991 0.294 1.023 0.57 0.93 0.402 0.891 0.362
594 0.898 0.308 0.653 0.308 0.928 0.435 0.574 0.406 0.904 0.107 0.575 0.448 0.86 0.23 0.934 0.394 0.864 0.281 0.818 0.268
595 0.735 0.211 0.566 0.306 0.785 0.268 0.436 0.304 0.795 0.091 0.412 0.353 0.705 0.147 0.811 0.25 0.73 0.209 0.711 0.158
596 0.543 0.192 0.37 0.272 0.662 0.131 0.291 0.225 0.621 0.125 0.304 0.284 0.476 0.164 0.677 0.142 0.547 0.173 0.5 0.179
597 0.394 0.225 0.265 0.239 0.481 0.129 0.265 0.192 0.431 0.108 0.214 0.232 0.28 0.197 0.585 0.174 0.384 0.167 0.36 0.202
598 0.267 0.258 0.212 0.308 0.307 0.206 0.185 0.247 0.293 0.123 0.156 0.305 0.222 0.19 0.457 0.188 0.251 0.153 0.259 0.216
599 0.209 0.348 0.203 0.435 0.217 0.261 0.149 0.242 0.193 0.168 0.162 0.369 0.134 0.222 0.365 0.211 0.164 0.19 0.201 0.242
600 0.151 0.469 0.125 0.493 0.147 0.348 0.067 0.383 0.238 0.242 0.123 0.422 0.079 0.306 0.233 0.331 0.117 0.239 0.127 0.353
601 0.12 0.566 0.082 0.538 0.125 0.49 0.047 0.508 0.169 0.268 0.062 0.508 0.044 0.442 0.214 0.402 0.087 0.284 0.103 0.454
602 0.13 0.725 0.071 0.714 0.125 0.657 0.059 0.616 0.126 0.392 0.089 0.69 0.053 0.59 0.166 0.476 0.085 0.418 0.093 0.539
603 0.129 0.922 0.078 0.911 0.137 0.824 0.095 0.741 0.13 0.522 0.082 0.87 0.063 0.744 0.212 0.544 0.134 0.59 0.112 0.652
604 0.2 1.039 0.103 1.044 0.145 0.901 0.058 0.839 0.171 0.662 0.15 0.984 0.05 0.894 0.282 0.646 0.145 0.773 0.071 0.793
605 0.273 1.055 0.227 1.124 0.311 0.996 0.086 0.941 0.22 0.811 0.199 1.05 0.106 1.004 0.335 0.765 0.291 0.959 0.263 0.862
606 0.398 1.059 0.402 1.122 0.411 0.996 0.306 0.907 0.392 0.884 0.234 1.05 0.143 1.025 0.438 0.836 0.467 0.926 0.427 0.906
607 0.57 0.993 0.585 1.086 0.56 0.932 0.427 0.95 0.555 0.818 0.421 1.051 0.306 1.042 0.624 0.841 0.618 0.921 0.555 0.897
608 0.763 0.98 0.77 1.032 0.717 0.927 0.552 0.963 0.576 0.763 0.626 1.037 0.484 1.036 0.793 0.864 0.811 0.935 0.749 0.895
609 0.888 0.968 0.938 0.975 0.851 0.954 0.707 1.0 0.589 0.708 0.753 1.044 0.647 1.051 0.925 0.923 0.925 0.942 0.898 0.926
610 0.986 0.961 0.988 0.961 0.965 0.961 0.771 0.858 0.752 0.794 0.827 0.992 0.798 0.952 1.03 0.905 1.038 0.909 1.015 0.886
611 0.925 0.876 0.935 0.838 0.914 0.864 0.92 0.85 0.896 0.836 0.914 0.945 0.893 0.9 0.992 0.786 1.067 0.912 0.975 0.786
612 0.946 0.871 0.925 0.788 0.909 0.86 0.922 0.824 0.867 0.843 0.93 0.923 0.888 0.9 0.951 0.769 1.044 0.829 0.917 0.778
613 0.941 0.846 0.97 0.808 0.904 0.907 0.93 0.815 0.867 0.9 0.906 0.935 0.869 0.933 0.962 0.766 1.007 0.763 0.928 0.784
614 0.912 0.907 0.914 0.869 0.851 0.893 0.872 0.871 0.809 0.9 0.893 0.914 0.832 0.9 0.941 0.81 1.017 0.824 0.906 0.829
615 0.983 0.933 0.906 0.893 0.856 0.895 0.88 0.893 0.817 0.836 0.957 0.956 0.822 0.843 0.904 0.867 1.038 0.905 0.893 0.881
616 1.047 0.916 0.941 0.928 0.846 0.897 0.901 0.904 0.822 0.782 1.004 0.947 0.872 0.834 0.946 0.909 1.109 0.891 0.925 0.893
617 1.085 0.857 0.951 0.935 0.888 0.9 0.92 0.9 0.88 0.843 1.009 0.869 1.012 0.81 0.986 0.89 1.08 0.841 0.986 0.874
618 1.044 0.825 1.028 0.947 0.938 0.942 0.988 0.904 0.914 0.893 1.038 0.811 1.052 0.731 1.049 0.926 1.094 0.806 1.025 0.808
619 1.08 0.84 1.084 0.991 1.012 1.011 1.045 0.955 1.002 0.881 1.04 0.752 1.051 0.616 1.131 0.943 1.063 0.766 0.992 0.749
620 1.017 0.782 1.129 1.015 1.087 0.998 1.127 1.006 1.051 0.91 1.044 0.65 1.035 0.474 1.17 0.891 1.05 0.662 1.019 0.624
621 0.979 0.612 1.173 0.917 1.086 0.93 1.157 0.914 1.102 0.901 1.059 0.51 0.969 0.382 1.119 0.803 1.015 0.55 1.043 0.472
622 0.918 0.419 1.15 0.832 1.09 0.88 1.12 0.795 1.091 0.726 1.045 0.386 0.848 0.29 1.052 0.652 0.989 0.398 0.909 0.357
623 0.726 0.328 1.099 0.641 0.984 0.74 1.088 0.565 1.028 0.56 0.979 0.271 0.668 0.274 0.941 0.533 0.836 0.286 0.674 0.303
624 0.52 0.297 1.017 0.491 0.814 0.534 0.945 0.376 0.871 0.414 0.874 0.215 0.477 0.248 0.785 0.451 0.63 0.262 0.448 0.285
625 0.315 0.287 0.871 0.389 0.579 0.422 0.697 0.367 0.635 0.266 0.668 0.207 0.346 0.202 0.614 0.395 0.423 0.246 0.291 0.291
626 0.249 0.291 0.607 0.358 0.375 0.338 0.469 0.363 0.352 0.251 0.472 0.206 0.241 0.204 0.44 0.342 0.288 0.228 0.22 0.263
627 0.175 0.334 0.383 0.296 0.246 0.296 0.328 0.341 0.275 0.235 0.325 0.185 0.12 0.233 0.315 0.289 0.145 0.277 0.124 0.265
628 0.086 0.359 0.288 0.28 0.214 0.268 0.257 0.308 0.22 0.228 0.304 0.211 0.047 0.312 0.249 0.249 0.185 0.282 0.061 0.333
629 0.078 0.516 0.233 0.249 0.124 0.27 0.111 0.512 0.141 0.198 0.209 0.235 0.072 0.45 0.156 0.253 0.106 0.325 0.077 0.496
630 0.108 0.689 0.172 0.258 0.091 0.332 0.14 0.712 0.053 0.264 0.116 0.27 0.13 0.596 0.13 0.39 0.125 0.469 0.113 0.642
631 0.128 0.891 0.147 0.373 0.074 0.493 0.159 0.902 0.069 0.361 0.154 0.416 0.173 0.794 0.106 0.58 0.16 0.618 0.134 0.798
632 0.178 1.051 0.159 0.499 0.111 0.743 0.261 1.06 0.059 0.514 0.178 0.59 0.27 1.006 0.113 0.831 0.231 0.764 0.158 0.968
633 0.415 1.08 0.22 0.631 0.165 0.974 0.519 1.046 0.081 0.658 0.239 0.757 0.489 1.015 0.211 1.011 0.314 0.845 0.287 1.071
634 0.68 1.066 0.304 0.774 0.357 1.1 0.758 1.029 0.117 0.806 0.191 0.839 0.728 0.972 0.411 1.057 0.442 0.876 0.508 1.093
635 0.922 0.982 0.532 0.846 0.643 1.103 0.941 0.919 0.113 0.895 0.179 0.935 0.896 0.928 0.626 1.078 0.59 0.885 0.76 1.052
636 1.079 0.874 0.74 0.902 0.899 1.026 1.062 0.849 0.235 0.985 0.235 1.02 1.002 0.829 0.819 1.015 0.776 0.876 0.941 0.949
637 1.1 0.682 0.848 0.902 0.988 0.912 1.06 0.655 0.357 1.038 0.359 1.088 1.039 0.697 0.904 0.98 0.917 0.822 1.048 0.8
638 1.077 0.57 0.885 0.862 0.973 0.755 0.926 0.534 0.45 1.099 0.494 1.119 1.026 0.586 0.967 0.867 0.915 0.582 1.07 0.725
639 0.96 0.419 0.867 0.785 0.899 0.713 0.768 0.418 0.611 1.109 0.627 1.132 0.862 0.509 0.97 0.773 0.803 0.48 0.994 0.492
640 0.76 0.357 0.817 0.734 0.723 0.574 0.654 0.357 0.731 1.079 0.744 1.138 0.726 0.44 0.878 0.67 0.629 0.397 0.747 0.382
641 0.598 0.289 0.788 0.622 0.488 0.436 0.44 0.302 0.846 1.094 0.861 1.121 0.491 0.372 0.698 0.522 0.424 0.329 0.501 0.264
642 0.439 0.244 0.662 0.504 0.312 0.315 0.275 0.242 0.89 1.112 0.976 1.094 0.323 0.282 0.473 0.357 0.292 0.284 0.328 0.235
643 0.304 0.218 0.499 0.382 0.251 0.331 0.204 0.192 1.037 1.082 1.034 1.062 0.238 0.178 0.309 0.277 0.204 0.261 0.283 0.167
644 0.203 0.18 0.338 0.289 0.18 0.284 0.177 0.204 1.05 1.034 1.004 0.982 0.178 0.175 0.259 0.223 0.12 0.248 0.2 0.142
645 0.148 0.216 0.257 0.228 0.089 0.378 0.142 0.299 0.972 0.952 0.875 0.93 0.108 0.272 0.209 0.275 0.107 0.307 0.201 0.12
646 0.13 0.235 0.191 0.348 0.116 0.516 0.125 0.418 0.862 0.912 0.726 0.933 0.13 0.274 0.135 0.397 0.099 0.449 0.169 0.216
647 0.104 0.32 0.208 0.43 0.152 0.713 0.139 0.551 0.769 0.889 0.51 0.918 0.135 0.423 0.122 0.501 0.144 0.631 0.175 0.343
648 0.175 0.416 0.288 0.593 0.272 0.87 0.198 0.736 0.661 0.837 0.311 0.89 0.179 0.528 0.216 0.686 0.285 0.77 0.233 0.39
649 0.306 0.568 0.412 0.712 0.352 0.94 0.309 0.876 0.587 0.74 0.428 0.921 0.306 0.675 0.345 0.797 0.455 0.839 0.27 0.421
650 0.543 0.655 0.518 0.695 0.524 0.854 0.453 0.824 0.54 0.739 0.524 0.818 0.469 0.743 0.487 0.791 0.519 0.749 0.368 0.51
651 0.626 0.666 0.518 0.634 0.668 0.79 0.55 0.761 0.591 0.686 0.666 0.759 0.515 0.669 0.533 0.712 0.518 0.69 0.511 0.573
652 0.581 0.526 0.518 0.529 0.727 0.705 0.589 0.658 0.582 0.586 0.673 0.671 0.464 0.574 0.482 0.571 0.437 0.596 0.544 0.496
653 0.531 0.388 0.463 0.43 0.675 0.581 0.553 0.526 0.548 0.495 0.652 0.489 0.439 0.474 0.505 0.514 0.358 0.425 0.415 0.384
654 0.408 0.298 0.362 0.31 0.519 0.46 0.462 0.427 0.506 0.325 0.557 0.417 0.336 0.355 0.423 0.387 0.299 0.305 0.328 0.298
655 0.315 0.23 0.288 0.239 0.457 0.407 0.338 0.322 0.362 0.247 0.428 0.296 0.251 0.268 0.312 0.272 0.249 0.258 0.265 0.23
656 0.296 0.195 0.282 0.171 0.402 0.331 0.27 0.289 0.319 0.147 0.352 0.263 0.214 0.251 0.288 0.223 0.23 0.232 0.217 0.211
657 0.265 0.204 0.291 0.156 0.338 0.261 0.246 0.242 0.312 0.18 0.325 0.244 0.158 0.264 0.283 0.247 0.228 0.209 0.129 0.238
658 0.175 0.19 0.196 0.188 0.238 0.291 0.177 0.251 0.312 0.206 0.262 0.23 0.138 0.245 0.233 0.258 0.134 0.177 0.07 0.29
659 0.177 0.239 0.206 0.242 0.18 0.331 0.172 0.301 0.253 0.171 0.212 0.261 0.125 0.308 0.233 0.294 0.177 0.211 0.077 0.289
660 0.15 0.267 0.214 0.256 0.225 0.329 0.183 0.27 0.257 0.275 0.23 0.289 0.141 0.376 0.233 0.301 0.138 0.217 0.124 0.217
661 0.156 0.287 0.249 0.202 0.246 0.303 0.228 0.239 0.275 0.263 0.225 0.282 0.201 0.331 0.278 0.298 0.193 0.258 0.183 0.235
662 0.188 0.317 0.27 0.268 0.283 0.329 0.241 0.282 0.302 0.291 0.23 0.303 0.254 0.322 0.291 0.322 0.193 0.294 0.228 0.251
663 0.212 0.355 0.272 0.287 0.259 0.376 0.233 0.32 0.312 0.263 0.246 0.327 0.254 0.346 0.307 0.355 0.206 0.317 0.246 0.303
664 0.176 0.412 0.294 0.334 0.222 0.464 0.235 0.388 0.312 0.329 0.267 0.367 0.262 0.405 0.266 0.422 0.22 0.334 0.257 0.32
665 0.196 0.41 0.299 0.381 0.205 0.517 0.225 0.408 0.312 0.415 0.25 0.428 0.301 0.524 0.285 0.54 0.175 0.353 0.235 0.369
666 0.157 0.429 0.279 0.466 0.279 0.55 0.212 0.386 0.356 0.47 0.249 0.475 0.398 0.579 0.369 0.613 0.145 0.383 0.183 0.346
667 0.211 0.453 0.36 0.518 0.27 0.582 0.265 0.388 0.437 0.442 0.3 0.538 0.348 0.541 0.376 0.617 0.159 0.357 0.15 0.306
668 0.299 0.397 0.316 0.427 0.316 0.639 0.286 0.357 0.381 0.336 0.326 0.474 0.355 0.532 0.425 0.534 0.254 0.357 0.201 0.275
669 0.304 0.305 0.296 0.322 0.353 0.639 0.286 0.301 0.299 0.232 0.338 0.355 0.366 0.41 0.376 0.497 0.246 0.317 0.254 0.261
670 0.312 0.256 0.246 0.313 0.284 0.452 0.288 0.284 0.257 0.232 0.373 0.27 0.304 0.317 0.371 0.422 0.233 0.275 0.267 0.249
671 0.302 0.202 0.22 0.341 0.278 0.379 0.246 0.303 0.196 0.287 0.325 0.303 0.272 0.346 0.331 0.369 0.162 0.322 0.272 0.284
672 0.23 0.218 0.201 0.355 0.185 0.403 0.257 0.28 0.225 0.256 0.32 0.296 0.235 0.374 0.262 0.331 0.204 0.298 0.267 0.256
673 0.206 0.242 0.238 0.362 0.243 0.476 0.214 0.282 0.214 0.256 0.294 0.282 0.265 0.39 0.238 0.338 0.167 0.251 0.325 0.223
674 0.225 0.199 0.167 0.357 0.281 0.425 0.201 0.334 0.254 0.256 0.262 0.317 0.275 0.355 0.217 0.329 0.198 0.301 0.286 0.162
675 0.207 0.158 0.212 0.374 0.278 0.35 0.225 0.346 0.198 0.214 0.294 0.287 0.254 0.31 0.228 0.324 0.188 0.258 0.251 0.136
676 0.116 0.106 0.142 0.26 0.267 0.265 0.201 0.28 0.199 0.154 0.228 0.145 0.246 0.232 0.188 0.216 0.177 0.159 0.154 0.114
677 0.064 0.074 0.065 0.223 0.331 0.327 0.188 0.209 0.221 0.106 0.254 0.091 0.214 0.169 0.172 0.185 0.174 0.072 0.094 0.107
678 0.051 0.109 0.048 0.15 0.317 0.289 0.164 0.247 0.22 0.178 0.185 0.058 0.142 0.217 0.123 0.209 0.156 0.058 0.08 0.131
679 0.037 0.098 0.088 0.199 0.27 0.232 0.139 0.293 0.206 0.244 0.17 0.137 0.159 0.221 0.08 0.288 0.144 0.094 0.111 0.194
680 0.122 0.065 0.063 0.302 0.283 0.158 0.138 0.369 0.209 0.272 0.214 0.173 0.212 0.204 0.099 0.411 0.177 0.18 0.074 0.331
681 0.186 0.109 0.094 0.322 0.339 0.153 0.133 0.469 0.206 0.381 0.212 0.211 0.162 0.306 0.106 0.52 0.196 0.163 0.062 0.431
682 0.156 0.124 0.081 0.406 0.381 0.118 0.074 0.598 0.152 0.462 0.198 0.272 0.225 0.362 0.082 0.614 0.251 0.116 0.073 0.567
683 0.121 0.118 0.122 0.539 0.405 0.202 0.033 0.672 0.149 0.61 0.238 0.32 0.302 0.353 0.088 0.739 0.321 0.114 0.134 0.626
684 0.069 0.172 0.144 0.658 0.328 0.287 0.093 0.807 0.189 0.712 0.307 0.315 0.349 0.322 0.088 0.897 0.382 0.144 0.136 0.791
685 0.072 0.315 0.081 0.832 0.389 0.284 0.098 0.994 0.137 0.86 0.344 0.331 0.374 0.423 0.111 1.068 0.397 0.244 0.16 0.964
686 0.115 0.456 0.086 1.006 0.284 0.424 0.201 1.111 0.181 1.015 0.247 0.418 0.342 0.615 0.28 1.103 0.333 0.212 0.264 1.078
687 0.102 0.514 0.22 1.107 0.277 0.658 0.384 1.09 0.342 1.031 0.133 0.516 0.273 0.79 0.459 1.07 0.281 0.166 0.419 0.99
688 0.12 0.524 0.421 1.085 0.358 0.861 0.553 1.019 0.517 0.956 0.132 0.675 0.258 0.896 0.627 0.978 0.217 0.199 0.533 0.834
689 0.111 0.525 0.618 1.047 0.562 0.956 0.743 0.948 0.726 0.912 0.235 0.82 0.428 0.981 0.811 0.942 0.191 0.244 0.68 0.902
690 0.127 0.519 0.809 1.037 0.748 0.938 0.909 0.975 0.875 0.89 0.37 0.876 0.63 0.987 0.954 0.93 0.159 0.308 0.801 0.919
691 0.101 0.522 0.922 0.97 0.88 0.916 1.051 0.928 0.967 0.895 0.498 0.861 0.803 0.966 1.053 0.874 0.183 0.376 0.92 0.904
692 0.131 0.539 1.015 0.959 0.943 0.85 1.1 0.783 1.039 0.827 0.646 0.884 0.914 0.947 1.065 0.705 0.173 0.453 0.975 0.789
693 0.119 0.489 1.025 0.914 0.949 0.775 1.02 0.643 0.961 0.774 0.795 0.896 0.962 0.867 0.925 0.583 0.143 0.492 0.937 0.738
694 0.118 0.517 1.01 0.862 0.866 0.759 0.807 0.555 0.954 0.773 0.739 0.662 0.914 0.876 0.7 0.535 0.126 0.506 0.82 0.634
695 0.083 0.509 0.983 0.789 0.909 0.803 0.559 0.49 0.963 0.784 0.474 0.567 0.909 0.834 0.48 0.475 0.104 0.503 0.598 0.581
696 0.09 0.555 0.96 0.722 0.774 0.789 0.333 0.364 0.908 0.759 0.293 0.494 0.928 0.822 0.296 0.388 0.119 0.535 0.298 0.53
697 0.075 0.63 0.86 0.665 0.577 0.637 0.212 0.315 0.718 0.718 0.191 0.402 0.916 0.769 0.198 0.355 0.112 0.624 0.168 0.446
698 0.069 0.69 0.743 0.579 0.41 0.472 0.204 0.317 0.521 0.544 0.151 0.343 0.737 0.677 0.157 0.313 0.088 0.692 0.107 0.339
699 0.072 0.781 0.606 0.497 0.28 0.416 0.161 0.292 0.368 0.341 0.098 0.311 0.557 0.587 0.156 0.203 0.126 0.775 0.063 0.264
700 0.047 0.796 0.48 0.4 0.201 0.258 0.111 0.273 0.259 0.23 0.084 0.214 0.388 0.448 0.092 0.109 0.132 0.846 0.065 0.126
701 0.064 0.721 0.357 0.338 0.225 0.153 0.07 0.191 0.244 0.177 0.199 0.114 0.288 0.287 0.153 0.08 0.106 0.919 0.145 0.11
702 0.095 0.567 0.288 0.209 0.254 0.192 0.164 0.114 0.28 0.199 0.323 0.127 0.246 0.223 0.222 0.077 0.08 0.963 0.249 0.117
703 0.106 0.373 0.36 0.202 0.212 0.183 0.196 0.125 0.334 0.17 0.354 0.081 0.241 0.211 0.268 0.116 0.085 1.064 0.258 0.174
704 0.154 0.229 0.344 0.247 0.159 0.195 0.072 0.145 0.399 0.185 0.384 0.143 0.225 0.232 0.212 0.209 0.143 1.138 0.315 0.232
705 0.065 0.257 0.265 0.313 0.206 0.223 0.106 0.164 0.383 0.244 0.323 0.256 0.193 0.275 0.214 0.254 0.248 1.158 0.23 0.277
706 0.113 0.307 0.233 0.322 0.198 0.28 0.116 0.258 0.291 0.346 0.275 0.275 0.139 0.413 0.196 0.322 0.365 1.172 0.149 0.356
707 0.117 0.503 0.228 0.298 0.22 0.289 0.172 0.313 0.278 0.357 0.23 0.272 0.189 0.598 0.156 0.464 0.47 1.157 0.157 0.518
708 0.204 0.744 0.305 0.497 0.241 0.434 0.169 0.405 0.201 0.632 0.246 0.289 0.272 0.762 0.228 0.676 0.566 1.174 0.238 0.7
709 0.333 0.82 0.339 0.616 0.27 0.409 0.18 0.494 0.41 0.696 0.283 0.338 0.391 0.98 0.275 0.784 0.597 1.173 0.367 0.843
710 0.434 0.946 0.483 0.8 0.299 0.598 0.251 0.623 0.535 0.869 0.361 0.467 0.61 1.098 0.385 0.906 0.584 1.149 0.475 0.935
711 0.579 0.961 0.639 0.931 0.396 0.847 0.287 0.783 0.696 0.963 0.45 0.591 0.707 0.991 0.515 0.949 0.661 1.091 0.598 1.014
712 0.736 0.935 0.809 0.914 0.605 0.981 0.346 0.883 0.835 0.893 0.549 0.679 0.843 0.947 0.676 0.93 0.723 1.066 0.741 1.004
713 0.856 0.902 0.93 0.909 0.838 0.966 0.508 0.939 0.949 0.907 0.692 0.745 0.962 0.937 0.827 0.874 0.803 1.064 0.901 0.992
714 0.954 0.876 0.986 0.914 0.928 0.985 0.706 0.97 1.04 0.841 0.803 0.822 1.028 0.918 0.904 0.919 0.889 1.047 0.975 0.921
715 1.052 0.879 1.035 0.959 0.999 1.001 0.875 0.975 1.09 0.879 0.891 0.871 1.073 0.917 0.922 0.89 0.962 0.996 0.999 0.928
716 1.099 0.852 1.096 1.011 1.067 1.005 0.98 0.923 1.119 0.815 0.909 0.883 1.1 0.94 0.983 0.904 0.967 1.011 1.017 0.942
717 1.104 0.72 1.131 0.887 1.054 0.973 1.012 0.893 1.081 0.707 0.978 0.801 1.105 0.797 1.017 0.834 1.017 0.968 1.077 0.895
718 1.055 0.601 1.105 0.705 1.117 0.914 0.999 0.824 0.99 0.591 0.889 0.752 1.097 0.628 1.032 0.753 0.941 0.912 1.025 0.811
719 0.928 0.494 1.047 0.655 1.077 0.765 0.914 0.772 0.866 0.536 0.798 0.631 0.935 0.597 0.938 0.629 0.869 0.834 0.943 0.696
720 0.787 0.522 1.061 0.543 1.046 0.596 0.86 0.743 0.699 0.485 0.678 0.529 0.795 0.534 0.742 0.57 0.812 0.775 0.787 0.632
721 0.606 0.428 1.094 0.449 1.034 0.463 0.797 0.62 0.542 0.402 0.531 0.473 0.677 0.438 0.537 0.506 0.684 0.692 0.663 0.618
722 0.429 0.306 1.14 0.386 1.088 0.386 0.626 0.405 0.405 0.322 0.391 0.374 0.478 0.3 0.354 0.408 0.503 0.571 0.46 0.532
723 0.286 0.256 1.139 0.301 1.08 0.316 0.405 0.261 0.286 0.298 0.294 0.303 0.312 0.228 0.291 0.327 0.372 0.407 0.317 0.419
724 0.243 0.216 1.114 0.187 0.923 0.262 0.457 0.197 0.238 0.244 0.307 0.23 0.265 0.169 0.267 0.27 0.302 0.282 0.238 0.291
725 0.222 0.202 1.073 0.118 0.769 0.213 0.738 0.186 0.201 0.211 0.304 0.216 0.246 0.19 0.257 0.232 0.325 0.237 0.18 0.232
726 0.18 0.157 1.004 0.098 0.952 0.127 0.749 0.103 0.128 0.216 0.363 0.171 0.272 0.202 0.278 0.301 0.448 0.188 0.152 0.244
727 0.078 0.153 0.947 0.07 0.885 0.043 0.806 0.051 0.057 0.223 0.476 0.171 0.251 0.15 0.402 0.192 0.548 0.146 0.135 0.263
728 0.113 0.084 0.873 0.111 0.826 0.067 0.786 0.057 0.083 0.107 0.555 0.11 0.374 0.15 0.525 0.158 0.624 0.101 0.079 0.207
729 0.231 0.059 0.76 0.138 0.696 0.123 0.693 0.11 0.184 0.136 0.637 0.064 0.486 0.089 0.657 0.128 0.68 0.074 0.09 0.172
730 0.47 0.127 0.76 0.088 0.68 0.152 0.707 0.077 0.341 0.192 0.609 0.111 0.599 0.166 0.607 0.133 0.693 0.054 0.209 0.211
731 0.491 0.123 0.736 0.047 0.605 0.208 0.662 0.109 0.48 0.225 0.554 0.154 0.49 0.255 0.494 0.233 0.617 0.085 0.336 0.204
732 0.399 0.176 0.743 0.056 0.505 0.268 0.521 0.192 0.399 0.249 0.464 0.18 0.431 0.333 0.413 0.29 0.463 0.164 0.37 0.289
733 0.267 0.272 0.595 0.063 0.373 0.372 0.42 0.282 0.294 0.28 0.383 0.206 0.296 0.35 0.296 0.31 0.334 0.162 0.283 0.336
734 0.188 0.308 0.478 0.082 0.392 0.478 0.362 0.256 0.201 0.277 0.286 0.188 0.188 0.418 0.16 0.332 0.236 0.17 0.175 0.393
735 0.167 0.256 0.37 0.089 0.484 0.602 0.249 0.275 0.129 0.218 0.243 0.218 0.191 0.532 0.076 0.392 0.161 0.206 0.117 0.486
736 0.094 0.298 0.195 0.167 0.559 0.738 0.177 0.338 0.119 0.172 0.185 0.237 0.359 0.648 0.146 0.54 0.148 0.225 0.28 0.622
737 0.074 0.39 0.209 0.239 0.631 0.891 0.245 0.519 0.12 0.212 0.169 0.327 0.542 0.791 0.317 0.667 0.069 0.268 0.47 0.738
738 0.073 0.497 0.22 0.329 0.688 1.011 0.385 0.697 0.1 0.338 0.228 0.476 0.666 0.89 0.494 0.771 0.078 0.434 0.625 0.862
739 0.148 0.621 0.185 0.465 0.788 1.026 0.561 0.825 0.152 0.452 0.325 0.604 0.806 0.933 0.68 0.868 0.119 0.506 0.776 0.969
740 0.384 0.726 0.187 0.557 0.909 1.013 0.759 0.918 0.117 0.518 0.482 0.726 0.962 0.992 0.83 0.949 0.161 0.584 0.925 1.001
741 0.593 0.808 0.201 0.609 1.002 1.093 0.893 0.994 0.168 0.65 0.646 0.854 1.001 1.015 0.935 0.904 0.21 0.669 0.949 0.996
742 0.736 0.894 0.269 0.696 1.102 1.119 0.946 1.042 0.261 0.763 0.806 0.93 1.087 1.031 0.819 0.886 0.266 0.776 1.063 1.068
743 0.83 0.928 0.409 0.758 1.161 0.946 0.999 0.992 0.34 0.843 0.898 0.968 1.148 0.942 1.025 0.956 0.508 0.863 1.13 0.947
744 0.898 0.963 0.598 0.819 1.147 0.777 1.05 0.874 0.426 0.923 0.97 0.952 1.117 0.795 1.087 0.791 0.721 0.908 1.125 0.933
745 0.867 0.921 0.79 0.849 1.131 0.607 1.059 0.765 0.533 0.981 0.983 0.834 1.077 0.644 1.038 0.634 0.827 0.897 1.131 0.754
746 1.03 0.935 0.918 0.755 1.11 0.445 1.045 0.631 0.66 1.002 0.972 0.827 1.066 0.475 1.01 0.495 0.891 0.848 1.113 0.566
747 1.081 0.755 0.898 0.624 1.109 0.291 1.128 0.494 0.75 0.985 0.995 0.643 1.042 0.326 0.998 0.363 0.851 0.772 1.076 0.398
748 1.066 0.536 0.863 0.479 1.04 0.162 1.113 0.316 0.859 0.97 1.017 0.466 0.981 0.19 0.969 0.227 0.966 0.679 1.011 0.239
749 1.029 0.325 0.817 0.328 0.87 0.098 1.052 0.172 0.978 0.937 0.944 0.293 0.85 0.11 0.819 0.147 1.033 0.488 0.872 0.173
750 0.895 0.178 0.695 0.24 0.728 0.078 0.951 0.09 1.007 0.836 0.779 0.204 0.651 0.108 0.642 0.137 0.995 0.312 0.712 0.156
751 0.666 0.114 0.551 0.242 0.568 0.082 0.786 0.054 1.014 0.718 0.643 0.226 0.463 0.111 0.496 0.138 0.866 0.169 0.568 0.194
752 0.488 0.116 0.411 0.27 0.407 0.129 0.582 0.081 1.037 0.588 0.499 0.224 0.328 0.176 0.371 0.176 0.723 0.107 0.357 0.232
753 0.346 0.129 0.312 0.303 0.278 0.206 0.414 0.101 1.042 0.452 0.307 0.256 0.241 0.221 0.254 0.211 0.719 0.074 0.217 0.242
754 0.23 0.165 0.154 0.333 0.198 0.202 0.275 0.18 1.033 0.308 0.302 0.263 0.14 0.316 0.153 0.281 0.739 0.051 0.128 0.318
755 0.141 0.171 0.144 0.517 0.16 0.278 0.225 0.225 1.037 0.191 0.257 0.362 0.11 0.49 0.118 0.442 0.787 0.075 0.093 0.488
756 0.086 0.291 0.148 0.694 0.198 0.372 0.164 0.291 0.993 0.135 0.282 0.412 0.161 0.664 0.13 0.584 0.653 0.122 0.133 0.602
757 0.051 0.353 0.184 0.839 0.223 0.469 0.145 0.398 0.919 0.064 0.291 0.488 0.283 0.767 0.186 0.757 0.507 0.168 0.173 0.778
758 0.083 0.561 0.328 0.913 0.242 0.505 0.11 0.55 0.785 0.039 0.243 0.577 0.354 0.866 0.359 0.816 0.407 0.197 0.305 0.896
759 0.143 0.778 0.501 0.924 0.215 0.487 0.164 0.711 0.687 0.073 0.298 0.669 0.502 0.81 0.554 0.726 0.373 0.228 0.452 0.948
760 0.257 0.92 0.612 0.785 0.266 0.4 0.186 0.86 0.575 0.084 0.404 0.65 0.565 0.652 0.589 0.408 0.302 0.308 0.593 0.909
761 0.485 0.911 0.584 0.582 0.299 0.336 0.336 0.949 0.475 0.107 0.366 0.503 0.528 0.412 0.55 0.189 0.225 0.275 0.616 0.732
762 0.626 0.719 0.493 0.409 0.299 0.244 0.592 0.905 0.404 0.168 0.309 0.357 0.42 0.296 0.442 0.152 0.267 0.218 0.574 0.55
763 0.592 0.489 0.331 0.313 0.299 0.218 0.651 0.649 0.296 0.18 0.249 0.239 0.36 0.277 0.383 0.223 0.269 0.154 0.47 0.388
764 0.441 0.305 0.265 0.251 0.228 0.188 0.511 0.424 0.29 0.164 0.177 0.206 0.325 0.247 0.417 0.166 0.213 0.159 0.36 0.301
765 0.362 0.232 0.175 0.268 0.213 0.172 0.333 0.287 0.238 0.209 0.109 0.177 0.302 0.239 0.411 0.222 0.142 0.136 0.278 0.336
766 0.283 0.214 0.191 0.268 0.193 0.197 0.254 0.235 0.169 0.228 0.056 0.235 0.225 0.237 0.309 0.195 0.068 0.198 0.204 0.258
767 0.214 0.216 0.095 0.32 0.167 0.218 0.251 0.284 0.102 0.29 0.049 0.34 0.177 0.258 0.262 0.162 0.069 0.343 0.209 0.291
768 0.162 0.209 0.123 0.469 0.128 0.201 0.243 0.334 0.057 0.275 0.064 0.463 0.144 0.332 0.251 0.115 0.093 0.493 0.183 0.336
769 0.254 0.327 0.139 0.589 0.127 0.295 0.236 0.406 0.029 0.245 0.043 0.545 0.193 0.388 0.121 0.122 0.08 0.607 0.233 0.393
770 0.307 0.386 0.108 0.726 0.209 0.298 0.284 0.463 0.05 0.213 0.049 0.649 0.212 0.364 0.067 0.124 0.088 0.749 0.31 0.425
771 0.389 0.315 0.095 0.885 0.259 0.322 0.263 0.566 0.073 0.288 0.036 0.749 0.262 0.338 0.076 0.227 0.054 0.851 0.36 0.441
772 0.484 0.293 0.118 1.035 0.251 0.315 0.203 0.662 0.103 0.524 0.024 0.791 0.328 0.324 0.108 0.371 0.034 0.935 0.368 0.515
773 0.509 0.358 0.189 1.132 0.378 0.423 0.163 0.822 0.077 0.702 0.036 0.859 0.397 0.321 0.097 0.616 0.113 1.055 0.25 0.657
774 0.429 0.449 0.307 1.116 0.342 0.521 0.214 0.981 0.064 0.826 0.058 0.959 0.332 0.444 0.076 0.756 0.262 1.119 0.161 0.756
775 0.404 0.601 0.44 1.125 0.313 0.638 0.268 1.078 0.083 0.975 0.084 1.054 0.251 0.617 0.064 0.899 0.429 1.13 0.149 0.892
776 0.479 0.766 0.635 1.097 0.353 0.772 0.292 1.171 0.108 1.1 0.168 1.132 0.161 0.771 0.105 1.037 0.527 1.158 0.255 0.952
777 0.576 0.823 0.804 1.069 0.453 0.872 0.424 1.142 0.113 1.158 0.282 1.162 0.147 0.936 0.107 1.128 0.719 1.118 0.471 1.006
778 0.712 0.844 0.928 0.989 0.61 0.852 0.592 1.128 0.22 1.156 0.379 1.163 0.177 1.049 0.079 1.161 0.888 1.029 0.713 1.011
779 0.814 0.805 1.063 0.997 0.752 0.857 0.778 1.113 0.378 1.15 0.499 1.16 0.338 1.106 0.039 1.131 1.033 1.031 0.938 0.978
780 0.928 0.836 1.116 1.051 0.854 0.893 0.943 1.133 0.5 1.152 0.591 1.15 0.512 1.129 0.076 1.079 1.108 1.072 1.052 0.994
781 0.97 0.909 1.142 0.936 0.917 0.9 1.089 1.142 0.592 1.147 0.702 1.139 0.677 1.124 0.123 1.15 1.132 1.05 1.09 0.952
782 0.994 0.904 1.088 0.816 0.943 0.853 1.119 1.054 0.68 1.117 0.871 1.121 0.812 1.1 0.221 1.161 1.108 0.893 1.091 0.841
783 0.986 1.012 0.938 0.794 0.906 0.846 1.015 1.078 0.744 1.108 0.967 1.072 0.918 1.048 0.332 1.049 0.986 0.893 0.93 0.817
784 1.012 0.968 0.864 0.779 0.825 0.869 1.023 1.094 0.848 1.108 0.975 1.008 0.894 1.105 0.552 1.051 0.891 0.916 0.817 0.794
785 1.045 0.952 0.854 0.843 0.848 0.949 1.076 1.074 0.762 1.067 0.936 1.091 0.851 1.118 0.738 1.079 1.015 0.94 0.789 0.912
786 1.05 0.888 0.888 0.902 0.935 0.952 1.076 1.013 0.836 1.047 1.023 1.081 1.006 1.129 0.778 1.046 1.034 0.907 0.859 0.954
787 1.035 0.855 0.98 0.907 0.972 0.97 1.066 0.948 0.943 1.061 1.119 1.062 1.066 1.099 0.896 1.028 1.023 0.853 0.914 0.935
788 1.095 0.826 1.002 0.853 1.015 0.895 1.089 0.956 0.952 1.119 1.174 0.958 1.022 1.057 0.983 0.89 1.046 0.856 0.975 0.805
789 1.124 0.775 1.01 0.754 1.061 0.785 0.999 0.867 0.934 1.169 1.164 0.946 0.922 0.902 0.925 0.801 1.077 0.772 0.952 0.743
790 1.028 0.619 0.979 0.648 1.012 0.805 0.98 0.838 0.874 1.154 1.15 0.821 0.972 0.824 0.928 0.757 1.023 0.623 0.974 0.622
791 0.961 0.49 0.968 0.518 0.996 0.81 0.946 0.812 0.789 1.151 1.181 0.803 0.926 0.765 0.872 0.737 0.997 0.557 0.906 0.487
792 0.947 0.359 0.982 0.384 0.965 0.838 0.93 0.798 0.728 1.112 1.157 0.695 0.806 0.829 0.861 0.593 1.023 0.462 0.839 0.421
793 0.916 0.223 0.973 0.249 0.92 0.798 0.838 0.857 0.643 1.058 1.128 0.512 0.736 0.908 0.926 0.457 1.041 0.38 0.759 0.407
794 0.925 0.114 1.023 0.152 0.843 0.812 0.699 0.928 0.579 1.046 1.118 0.347 0.585 0.872 0.943 0.33 0.986 0.332 0.716 0.503
795 1.013 0.059 1.056 0.081 0.856 0.855 0.559 0.848 0.507 1.042 1.153 0.286 0.56 0.813 0.974 0.22 1.026 0.274 0.64 0.575
796 1.002 0.119 1.144 0.117 0.862 0.777 0.595 0.725 0.382 0.972 1.137 0.165 0.665 0.665 0.912 0.207 1.101 0.275 0.627 0.64
797 0.959 0.171 1.16 0.098 0.915 0.768 0.691 0.579 0.389 1.005 1.096 0.228 0.802 0.496 0.736 0.393 1.151 0.337 0.739 0.478
798 0.881 0.294 1.168 0.141 0.898 0.656 0.743 0.527 0.429 1.005 1.005 0.311 0.885 0.398 0.839 0.409 1.147 0.426 0.774 0.474
799 0.978 0.418 1.046 0.166 0.979 0.657 0.927 0.474 0.41 1.018 1.04 0.446 0.966 0.461 0.942 0.414 1.139 0.491 0.914 0.445
800 1.132 0.431 0.956 0.23 0.926 0.732 0.983 0.598 0.388 1.017 1.104 0.532 1.074 0.609 1.01 0.418 1.152 0.542 1.01 0.538
801 1.125 0.524 0.826 0.257 0.863 0.754 0.929 0.703 0.389 1.012 1.071 0.669 1.003 0.744 0.921 0.492 1.154 0.643 1.02 0.651
802 1.051 0.62 0.691 0.201 0.859 0.791 0.786 0.688 0.364 0.975 0.996 0.758 0.914 0.796 0.809 0.589 1.114 0.749 0.964 0.725
803 1.026 0.709 0.629 0.151 0.693 0.809 0.769 0.675 0.415 0.973 0.843 0.86 0.809 0.829 0.682 0.564 1.082 0.828 0.875 0.784
804 0.975 0.801 0.635 0.074 0.586 0.718 0.622 0.723 0.543 0.896 0.917 0.9 0.608 0.844 0.568 0.473 1.046 0.894 0.848 0.864
805 0.859 0.926 0.579 0.063 0.51 0.736 0.555 0.714 0.637 0.952 0.737 0.971 0.541 0.799 0.46 0.393 0.97 0.947 0.753 0.861
806 0.84 0.999 0.42 0.114 0.451 0.655 0.616 0.771 0.556 0.898 0.593 1.01 0.54 0.829 0.362 0.301 0.97 1.027 0.627 0.961
807 0.906 1.081 0.328 0.204 0.45 0.458 0.514 0.606 0.515 0.979 0.588 1.062 0.661 0.941 0.275 0.242 0.961 1.093 0.579 1.034
808 0.768 1.089 0.32 0.183 0.331 0.287 0.416 0.401 0.548 1.03 0.594 1.156 0.776 1.056 0.222 0.277 0.885 1.12 0.581 1.113
809 0.817 1.062 0.291 0.162 0.32 0.303 0.272 0.546 0.714 0.992 0.607 1.144 0.771 1.031 0.249 0.412 0.836 1.123 0.506 1.129
