time X0 Y0 X1 Y1 X2 Y2 X3 Y3 X4 Y4 X5 Y5 X6 Y6 X7 Y7 X8 Y8 X9 Y9
2802 0.983 1.107 1.03 1.136 0.33975 1.117 0.51 1.126 0.767 1.162 1.043 1.113 0.287 1.115 0.332 1.167 0.807 1.042 0.811 1.152
2803 1.046 1.067 1.077 1.103 0.615 1.129 0.83 1.147 0.843 1.162 1.105 1.076 0.386 1.106 0.411 1.175 0.903 1.06 0.897 1.156
2804 1.059 0.995 1.103 0.981 0.727 1.104 0.919 1.149 0.945 1.155 1.134 1.012 0.496 1.091 0.493 1.175 1.024 1.011 1.004 1.153
2805 1.076 0.909 1.142 0.92 0.832 1.108 1.014 1.094 1.054 1.12 1.159 0.909 0.606 1.082 0.571 1.172 1.069 0.898 1.064 1.157
2806 1.089 0.87 1.142 0.798 0.92 1.093 1.09 1.03 1.133 1.034 1.163 0.815 0.702 1.084 0.643 1.169 1.111 0.845 1.127 1.139
2807 1.136 0.809 1.116 0.645 0.992 1.109 1.114 0.945 1.143 0.905 1.158 0.674 0.794 1.09 0.712 1.167 1.125 0.744 1.183 1.09
2808 1.124 0.71 1.093 0.543 1.042 1.104 1.082 0.866 1.142 0.791 1.144 0.552 0.855 1.121 0.772 1.164 1.117 0.633 1.171 1.033
2809 1.106 0.614 1.085 0.419 1.075 1.077 1.105 0.765 1.167 0.676 1.106 0.419 0.919 1.099 0.81 1.163 1.139 0.537 1.164 0.967
2810 1.126 0.511 1.068 0.308 1.1 1.009 1.136 0.666 1.171 0.542 1.114 0.296 1.002 1.09 0.87 1.158 1.144 0.422 1.164 0.898
2811 1.139 0.419 1.035 0.232 1.096 0.931 1.166 0.569 1.127 0.453 1.066 0.212 1.073 1.086 0.939 1.149 1.148 0.32 1.147 0.834
2812 1.089 0.304 0.997 0.153 1.122 0.87 1.178 0.479 1.146 0.357 1.065 0.117 1.13 1.022 1.003 1.156 1.14 0.227 1.169 0.73
2813 1.07 0.197 0.945 0.095 1.146 0.809 1.178 0.362 1.122 0.254 1.063 0.06 1.136 0.931 1.056 1.16 1.125 0.141 1.173 0.618
2814 1.047 0.121 0.879 0.058 1.137 0.761 1.179 0.259 1.106 0.213 1.092 0.053 1.15 0.866 1.108 1.14 1.108 0.048 1.183 0.526
2815 0.934 0.084 0.799 0.077 1.14 0.661 1.169 0.176 1.056 0.147 1.023 0.044 1.144 0.789 1.139 1.083 1.14 0.061 1.179 0.464
2816 0.834 0.082 0.809 0.128 1.137 0.57 1.139 0.11 0.939 0.115 0.963 0.049 1.131 0.709 1.155 1.008 1.078 0.09 1.171 0.425
2817 0.812 0.112 0.853 0.136 1.139 0.488 1.073 0.064 0.858 0.12 0.908 0.071 1.131 0.635 1.166 0.933 0.966 0.075 1.137 0.335
2818 0.786 0.149 0.847 0.11 1.118 0.395 0.992 0.029 0.842 0.108 0.864 0.068 1.146 0.549 1.171 0.849 0.91 0.064 1.182 0.252
2819 0.725 0.101 0.79 0.112 1.13 0.293 1.001 0.08 0.806 0.058 0.877 0.063 1.156 0.461 1.174 0.771 0.915 0.026 1.17 0.167
2820 0.694 0.101 0.767 0.071 1.142 0.207 1.068 0.086 0.702 0.037 0.94 0.089 1.175 0.408 1.177 0.699 0.908 0.041 1.179 0.117
2821 0.611 0.094 0.89 0.071 1.141 0.155 1.131 0.093 0.777 0.037 1.016 0.084 1.166 0.334 1.176 0.649 0.918 0.079 1.185 0.154
2822 0.519 0.053 0.973 0.072 1.137 0.103 1.08 0.066 0.882 0.074 1.056 0.093 1.144 0.279 1.176 0.568 0.994 0.089 1.164 0.092
2823 0.454 0.052 0.991 0.059 1.104 0.104 1.135 0.037 0.978 0.07 1.056 0.059 1.115 0.261 1.174 0.497 1.055 0.067 1.153 0.047
2824 0.378 0.035 1.02 0.026 1.106 0.074 1.117 0.016 1.057 0.171 1.105 0.058 1.087 0.208 1.18 0.434 1.082 0.099 1.156 0.021
2825 0.286 0.048 0.984 0.031 1.166 0.065 1.123 0.026 1.101 0.166 1.061 0.03 1.037 0.234 1.178 0.357 1.068 0.047 1.152 0.04
2826 0.195 0.083 0.876 0.067 1.116 0.051 1.016 0.029 1.122 0.132 0.935 0.054 0.94 0.339 1.167 0.3 1.014 0.047 1.108 0.023
2827 0.135 0.152 0.73 0.086 1.003 0.071 0.966 0.018 1.135 0.087 0.839 0.057 0.808 0.468 1.157 0.238 0.9 0.069 1.07 0.025
2828 0.101 0.245 0.612 0.122 0.867 0.096 0.91 0.017 1.149 0.059 0.69 0.075 0.756 0.512 1.144 0.192 0.766 0.079 1.008 0.064
2829 0.112 0.349 0.464 0.184 0.75 0.071 0.836 0.045 1.068 0.042 0.582 0.061 0.865 0.36 1.134 0.158 0.664 0.059 0.929 0.067
2830 0.116 0.419 0.302 0.218 0.667 0.063 0.774 0.08 1.002 0.095 0.46 0.049 0.896 0.19 1.14 0.126 0.537 0.067 0.843 0.077
2831 0.09 0.518 0.176 0.326 0.534 0.061 0.681 0.08 0.92 0.103 0.331 0.076 0.788 0.105 1.091 0.104 0.415 0.046 0.779 0.096
2832 0.081 0.62 0.116 0.324 0.394 0.053 0.573 0.07 1.01 0.069 0.204 0.075 0.676 0.119 1.2 0.101 0.291 0.073 0.628 0.078
2833 0.082 0.71 0.113 0.175 0.233 0.106 0.459 0.06 0.727 0.087 0.09 0.094 0.587 0.106 0.923 0.055 0.188 0.096 0.505 0.066
2834 0.116 0.791 0.065 0.229 0.118 0.122 0.308 0.063 0.634 0.062 0.084 0.139 0.521 0.059 0.83 0.041 0.092 0.148 0.37 0.063
2835 0.097 0.897 0.055 0.368 0.103 0.227 0.225 0.048 0.542 0.059 0.042 0.29 0.4 0.066 0.742 0.044 0.073 0.305 0.239 0.059
2836 0.085 1.007 0.055 0.491 0.085 0.358 0.152 0.046 0.436 0.052 0.041 0.413 0.288 0.08 0.648 0.042 0.073 0.457 0.114 0.102
2837 0.159 1.098 0.063 0.615 0.078 0.492 0.081 0.086 0.335 0.047 0.054 0.481 0.198 0.101 0.572 0.022 0.078 0.622 0.07 0.27
2838 0.259 1.151 0.058 0.724 0.079 0.629 0.063 0.189 0.231 0.039 0.105 0.429 0.131 0.173 0.495 0.024 0.091 0.749 0.072 0.426
2839 0.369 1.143 0.081 0.838 0.105 0.759 0.07 0.274 0.145 0.084 0.115 0.334 0.112 0.255 0.423 0.025 0.131 0.873 0.11 0.278
2840 0.442 1.137 0.084 0.956 0.119 0.897 0.093 0.308 0.104 0.178 0.101 0.336 0.103 0.265 0.351 0.027 0.136 0.999 0.119 0.289
2841 0.546 1.129 0.096 1.043 0.119 1.016 0.147 0.384 0.093 0.265 0.149 0.501 0.076 0.338 0.289 0.027 0.128 1.102 0.148 0.353
2842 0.647 1.127 0.157 1.092 0.176 1.088 0.156 0.503 0.081 0.345 0.16 0.752 0.1 0.465 0.222 0.033 0.195 1.155 0.165 0.461
2843 0.691 1.123 0.212 1.16 0.294 1.108 0.15 0.654 0.063 0.45 0.22 0.975 0.114 0.645 0.172 0.034 0.361 1.149 0.165 0.583
2844 0.689 1.1 0.285 1.171 0.418 1.101 0.198 0.769 0.074 0.562 0.303 1.085 0.161 0.797 0.119 0.076 0.522 1.126 0.179 0.662
2845 0.744 1.077 0.371 1.165 0.548 1.102 0.286 0.844 0.086 0.662 0.449 1.105 0.278 0.906 0.092 0.154 0.678 1.097 0.214 0.747
2846 0.85 1.076 0.458 1.169 0.692 1.09 0.385 0.894 0.104 0.78 0.586 1.103 0.421 0.992 0.072 0.246 0.792 1.103 0.247 0.851
2847 0.965 1.113 0.517 1.165 0.819 1.096 0.472 0.95 0.151 0.871 0.704 1.091 0.571 1.057 0.055 0.351 0.903 1.116 0.268 0.963
2848 1.059 1.057 0.695 1.086 0.938 1.099 0.54 0.992 0.225 0.955 0.816 1.11 0.729 1.089 0.056 0.422 1.017 1.123 0.287 1.05
2849 1.094 1.073 0.815 1.11 1.016 1.01 0.619 1.036 0.341 0.989 0.911 1.073 0.849 1.066 0.064 0.511 1.031 1.084 0.362 1.099
2850 1.111 0.997 0.904 1.14 1.074 0.996 0.72 1.056 0.474 1.017 0.983 1.013 0.946 1.044 0.063 0.582 1.007 1.05 0.484 1.095
2851 1.09 1.035 0.985 1.133 1.061 0.909 0.808 1.025 0.607 1.021 1.014 0.916 1.016 1.048 0.068 0.67 1.065 1.049 0.611 1.074
2852 1.09 1.111 1.048 1.143 1.094 0.875 0.89 1.01 0.729 1.025 1.087 0.849 1.026 1.058 0.072 0.742 1.067 1.082 0.733 1.083
2853 1.093 1.144 1.066 1.13 1.122 0.827 0.97 1.026 0.848 1.003 1.122 0.75 1.046 1.089 0.062 0.824 1.125 1.053 0.845 1.108
2854 1.138 1.109 1.08 1.096 1.122 0.732 1.022 1.034 0.946 0.958 1.138 0.657 1.079 0.974 0.059 0.906 1.136 0.914 0.925 1.097
2855 1.148 1.073 1.118 1.11 1.124 0.642 1.069 0.979 1.008 0.882 1.143 0.562 1.093 0.818 0.053 0.971 1.124 0.761 1.002 1.098
2856 1.142 1.1 1.095 1.085 1.136 0.573 1.12 0.915 1.08 0.851 1.144 0.467 1.117 0.685 0.06 1.031 1.146 0.634 1.068 1.107
2857 1.134 1.058 1.085 1.099 1.135 0.457 1.15 0.845 1.132 0.845 1.154 0.36 1.129 0.591 0.062 1.074 1.142 0.527 1.089 1.123
2858 1.154 1.036 1.077 1.103 1.12 0.365 1.167 0.75 1.146 0.74 1.139 0.26 1.097 0.505 0.053 1.109 1.17 0.455 1.093 1.111
2859 1.158 1.039 1.108 1.088 1.133 0.265 1.174 0.643 1.163 0.628 1.08 0.195 1.064 0.399 0.082 1.145 1.158 0.354 1.118 1.103
2860 1.161 1.069 1.13 1.058 1.1 0.191 1.18 0.522 1.164 0.528 1.045 0.161 1.023 0.286 0.126 1.149 1.145 0.248 1.161 1.105
2861 1.175 1.055 1.157 1.075 1.026 0.195 1.183 0.424 1.154 0.41 1.007 0.185 0.987 0.197 0.172 1.15 1.15 0.184 1.156 1.104
2862 1.153 1.002 1.092 1.102 0.974 0.249 1.171 0.336 1.119 0.31 0.902 0.172 0.945 0.285 0.255 1.146 1.12 0.118 1.145 1.107
2863 1.134 0.931 1.12 0.997 0.842 0.263 1.177 0.298 1.062 0.252 0.778 0.177 0.884 0.453 0.331 1.144 1.004 0.099 1.137 1.129
2864 1.136 0.816 1.157 0.927 0.711 0.232 1.159 0.26 0.96 0.217 0.682 0.193 0.919 0.667 0.421 1.132 0.942 0.151 1.105 1.133
2865 1.161 0.743 1.149 0.803 0.578 0.273 1.086 0.239 0.95 0.279 0.601 0.147 1.007 0.789 0.502 1.134 0.879 0.19 1.094 1.083
2866 1.137 0.655 1.155 0.714 0.518 0.296 1.046 0.289 0.957 0.416 0.521 0.111 1.09 0.895 0.578 1.13 0.784 0.17 1.124 1.024
2867 1.136 0.582 1.153 0.633 0.463 0.222 1.054 0.34 0.99 0.602 0.475 0.201 1.093 0.994 0.655 1.135 0.708 0.222 1.163 1.033
2868 1.137 0.508 1.123 0.556 0.441 0.227 1.088 0.39 1.021 0.762 0.384 0.175 1.11 1.065 0.716 1.14 0.621 0.235 1.157 1.079
2869 1.127 0.414 1.14 0.508 0.389 0.19 1.134 0.408 1.072 0.903 0.299 0.212 1.137 1.1 0.774 1.145 0.572 0.23 1.129 1.141
2870 1.156 0.432 1.15 0.474 0.348 0.159 1.175 0.384 1.088 1.006 0.262 0.316 1.115 1.137 0.848 1.143 0.541 0.213 1.062 1.14
2871 1.158 0.5 1.138 0.557 0.245 0.205 1.15 0.417 1.099 1.078 0.383 0.408 1.038 1.13 0.905 1.148 0.444 0.201 1.03 1.121
2872 1.152 0.558 1.136 0.651 0.15 0.249 1.119 0.486 1.061 1.106 0.534 0.508 0.997 1.13 0.951 1.152 0.358 0.236 0.968 1.128
2873 1.124 0.665 1.13 0.741 0.077 0.327 1.154 0.567 1.011 1.127 0.647 0.633 0.996 1.142 0.894 1.089 0.24 0.275 0.957 1.113
2874 1.135 0.757 1.125 0.804 0.085 0.432 1.131 0.689 1.002 1.104 0.738 0.761 0.981 1.124 0.817 1.016 0.166 0.307 0.967 1.041
2875 1.12 0.854 1.132 0.869 0.116 0.532 1.172 0.736 1.0 1.06 0.769 0.897 0.966 1.117 0.716 0.968 0.116 0.362 0.901 1.023
2876 1.111 0.904 1.119 0.953 0.218 0.591 1.17 0.82 1.038 1.0 0.822 0.98 0.882 1.138 0.593 0.889 0.154 0.442 0.822 1.054
2877 1.126 0.961 1.091 0.976 0.35 0.631 1.174 0.892 1.115 1.035 0.827 1.042 0.763 1.159 0.49 0.792 0.239 0.504 0.767 1.115
2878 1.13 0.955 1.142 0.989 0.443 0.653 1.167 0.954 1.063 1.11 0.78 1.115 0.632 1.134 0.482 0.7 0.345 0.549 0.677 1.131
2879 1.119 0.905 1.115 1.054 0.528 0.702 1.159 1.008 0.929 1.131 0.695 1.121 0.551 1.05 0.633 0.71 0.433 0.583 0.605 1.13
2880 1.109 0.853 1.052 1.077 0.663 0.719 1.143 1.045 0.812 1.099 0.608 1.129 0.444 1.063 0.8 0.764 0.519 0.578 0.524 1.141
2881 1.127 0.798 0.974 1.089 0.765 0.781 1.084 1.078 0.686 1.111 0.541 1.145 0.421 1.131 0.924 0.817 0.621 0.567 0.457 1.143
2882 1.139 0.736 0.899 1.086 0.884 0.808 1.092 1.13 0.591 1.125 0.452 1.127 0.343 1.147 1.027 0.82 0.784 0.648 0.388 1.153
2883 1.143 0.678 0.815 1.094 0.954 0.824 1.149 1.138 0.473 1.115 0.383 1.146 0.23 1.164 1.076 0.768 0.92 0.74 0.306 1.147
2884 1.152 0.622 0.736 1.12 1.019 0.853 1.163 1.102 0.368 1.15 0.321 1.149 0.127 1.152 1.105 0.706 0.995 0.799 0.218 1.143
2885 1.147 0.572 0.655 1.135 1.073 0.933 1.123 1.125 0.275 1.118 0.249 1.149 0.064 1.135 1.106 0.618 1.081 0.831 0.117 1.141
2886 1.156 0.503 0.583 1.138 1.08 1.021 1.058 1.144 0.181 1.109 0.16 1.157 0.072 1.055 1.093 0.524 1.104 0.914 0.081 1.09
2887 1.165 0.444 0.514 1.158 0.987 1.052 0.97 1.146 0.09 1.126 0.073 1.161 0.096 1.021 1.082 0.431 1.092 1.005 0.074 1.047
2888 1.175 0.391 0.426 1.151 0.91 1.07 0.923 1.147 0.064 1.045 0.08 1.092 0.054 0.93 1.064 0.354 1.078 1.084 0.076 1.014
2889 1.171 0.326 0.354 1.136 0.847 1.094 0.861 1.15 0.113 0.95 0.074 1.032 0.092 0.826 1.024 0.327 0.993 1.104 0.064 0.93
2890 1.142 0.275 0.267 1.134 0.788 1.124 0.774 1.156 0.145 0.887 0.085 0.954 0.132 0.735 0.99 0.259 0.944 1.121 0.071 0.85
2891 1.178 0.223 0.209 1.105 0.72 1.129 0.661 1.147 0.243 0.779 0.07 0.867 0.145 0.655 0.986 0.191 0.899 1.116 0.068 0.768
2892 1.166 0.179 0.169 1.067 0.623 1.086 0.55 1.162 0.265 0.73 0.075 0.763 0.203 0.583 0.927 0.144 0.815 1.111 0.079 0.677
2893 1.125 0.18 0.15 1.005 0.602 1.118 0.429 1.167 0.222 0.721 0.102 0.652 0.287 0.487 0.832 0.175 0.729 1.112 0.124 0.58
2894 1.086 0.174 0.133 0.924 0.644 1.112 0.304 1.17 0.191 0.779 0.117 0.551 0.212 0.391 0.756 0.294 0.672 1.112 0.119 0.468
2895 1.022 0.159 0.103 0.847 0.574 1.136 0.207 1.174 0.125 0.853 0.08 0.451 0.112 0.369 0.651 0.361 0.639 1.129 0.111 0.405
2896 0.948 0.137 0.071 0.774 0.488 1.112 0.127 1.176 0.114 0.807 0.142 0.412 0.088 0.272 0.532 0.436 0.578 1.135 0.099 0.313
2897 0.878 0.11 0.077 0.72 0.396 1.133 0.065 1.177 0.144 0.688 0.188 0.456 0.098 0.213 0.458 0.539 0.503 1.116 0.138 0.223
2898 0.819 0.09 0.092 0.652 0.324 1.141 0.087 1.158 0.155 0.578 0.132 0.437 0.081 0.16 0.415 0.68 0.434 1.111 0.091 0.143
2899 0.751 0.077 0.086 0.579 0.274 1.143 0.093 1.081 0.113 0.461 0.111 0.271 0.078 0.132 0.349 0.862 0.373 1.131 0.105 0.099
2900 0.679 0.075 0.065 0.518 0.178 1.126 0.079 1.023 0.075 0.332 0.065 0.183 0.071 0.083 0.307 1.023 0.309 1.134 0.058 0.049
2901 0.612 0.079 0.072 0.427 0.093 1.128 0.066 0.95 0.052 0.208 0.061 0.131 0.05 0.088 0.23 1.087 0.232 1.117 0.056 0.053
2902 0.528 0.079 0.074 0.317 0.097 1.03 0.071 0.867 0.039 0.141 0.058 0.068 0.06 0.054 0.129 1.082 0.152 1.139 0.138 0.047
2903 0.457 0.073 0.063 0.244 0.088 0.892 0.07 0.747 0.102 0.063 0.086 0.052 0.12 0.056 0.078 0.981 0.105 1.089 0.194 0.084
2904 0.39 0.059 0.043 0.179 0.072 0.773 0.083 0.637 0.201 0.08 0.156 0.081 0.197 0.052 0.08 0.842 0.089 1.005 0.277 0.066
2905 0.36 0.043 0.033 0.103 0.078 0.631 0.071 0.501 0.315 0.071 0.239 0.046 0.288 0.034 0.073 0.696 0.08 0.911 0.325 0.06
2906 0.401 0.067 0.096 0.046 0.073 0.517 0.045 0.393 0.383 0.097 0.274 0.056 0.319 0.08 0.09 0.563 0.074 0.814 0.347 0.058
2907 0.498 0.1 0.156 0.034 0.058 0.391 0.04 0.28 0.407 0.072 0.25 0.119 0.272 0.107 0.08 0.444 0.076 0.701 0.305 0.119
2908 0.588 0.112 0.2 0.041 0.06 0.286 0.1 0.183 0.5 0.071 0.124 0.162 0.192 0.144 0.092 0.304 0.079 0.6 0.276 0.134
2909 0.64 0.073 0.247 0.033 0.079 0.204 0.129 0.198 0.576 0.06 0.086 0.065 0.097 0.099 0.111 0.207 0.07 0.487 0.333 0.169
2910 0.694 0.055 0.309 0.035 0.106 0.149 0.119 0.09 0.649 0.066 0.093 0.046 0.181 0.051 0.122 0.246 0.071 0.384 0.397 0.14
2911 0.779 0.1 0.377 0.03 0.176 0.117 0.222 0.049 0.742 0.072 0.154 0.054 0.306 0.037 0.167 0.213 0.067 0.287 0.475 0.105
2912 0.9 0.09 0.466 0.028 0.262 0.091 0.355 0.058 0.836 0.058 0.265 0.062 0.424 0.046 0.191 0.116 0.066 0.208 0.576 0.094
2913 1.003 0.055 0.591 0.068 0.346 0.093 0.479 0.055 0.914 0.069 0.39 0.057 0.555 0.031 0.277 0.075 0.109 0.139 0.677 0.087
2914 1.1 0.096 0.71 0.07 0.435 0.075 0.616 0.078 0.931 0.105 0.516 0.068 0.639 0.033 0.39 0.054 0.192 0.086 0.755 0.082
2915 1.161 0.171 0.804 0.069 0.52 0.076 0.735 0.078 1.007 0.099 0.637 0.055 0.736 0.022 0.506 0.069 0.296 0.071 0.841 0.056
2916 1.111 0.205 0.911 0.108 0.627 0.063 0.845 0.098 1.091 0.082 0.754 0.059 0.831 0.033 0.586 0.056 0.403 0.064 0.928 0.053
2917 1.03 0.211 1.022 0.113 0.772 0.062 0.946 0.084 1.156 0.091 0.861 0.066 0.913 0.032 0.645 0.056 0.522 0.06 1.01 0.039
2918 1.049 0.156 1.008 0.144 0.896 0.066 1.014 0.084 1.153 0.166 0.976 0.085 0.99 0.041 0.652 0.076 0.609 0.067 1.072 0.044
2919 1.112 0.133 1.108 0.094 0.977 0.062 1.096 0.085 1.146 0.213 1.065 0.087 1.074 0.031 0.727 0.086 0.65 0.076 1.108 0.042
2920 1.156 0.139 1.135 0.08 1.07 0.056 1.14 0.073 1.111 0.228 1.104 0.073 1.148 0.036 0.824 0.078 0.698 0.052 1.147 0.064
2921 1.128 0.219 1.173 0.162 1.113 0.092 1.14 0.082 1.118 0.303 1.111 0.101 1.132 0.054 0.898 0.071 0.814 0.053 1.151 0.078
2922 1.115 0.283 1.166 0.256 1.143 0.171 1.133 0.128 1.139 0.339 1.127 0.174 1.193 0.073 0.979 0.073 0.904 0.057 1.148 0.127
2923 1.14 0.351 1.162 0.339 1.155 0.291 1.116 0.155 1.102 0.382 1.129 0.272 1.17 0.142 1.053 0.066 0.983 0.07 1.141 0.272
2924 1.156 0.454 1.145 0.428 1.131 0.411 1.052 0.201 1.104 0.471 1.123 0.351 1.169 0.226 1.116 0.077 1.052 0.106 1.149 0.364
2925 1.132 0.541 1.123 0.519 1.171 0.474 1.009 0.239 1.112 0.556 1.091 0.449 1.161 0.296 1.138 0.159 1.043 0.173 1.141 0.453
2926 1.12 0.652 1.076 0.637 1.159 0.564 0.983 0.273 1.075 0.664 1.095 0.537 1.169 0.373 1.142 0.247 1.012 0.237 1.132 0.581
2927 1.13 0.745 1.095 0.724 1.135 0.635 0.925 0.312 1.105 0.759 1.088 0.608 1.163 0.435 1.116 0.3 1.041 0.263 1.151 0.692
2928 1.14 0.863 1.127 0.85 1.097 0.728 0.902 0.304 1.117 0.88 1.085 0.717 1.152 0.505 1.11 0.358 1.034 0.29 1.122 0.792
2929 1.142 1.0 1.124 0.986 1.126 0.804 0.903 0.294 1.097 0.995 1.075 0.852 1.127 0.607 1.155 0.39 1.036 0.346 1.147 0.904
2930 1.148 1.124 1.13 1.109 1.169 0.918 0.92 0.251 1.101 1.113 1.104 1.029 1.121 0.731 1.155 0.49 1.093 0.414 1.156 1.003
2931 1.041 1.147 1.026 1.078 1.143 1.008 0.94 0.184 1.011 1.136 1.038 1.071 1.124 0.852 1.138 0.551 1.13 0.463 1.148 1.063
2932 0.929 1.134 0.804 1.006 1.049 1.077 0.946 0.09 0.895 1.12 0.874 1.097 1.097 0.926 1.096 0.669 1.127 0.542 1.038 1.078
2933 0.824 1.138 0.662 1.089 0.908 1.093 0.89 0.056 0.775 1.135 0.754 1.128 1.02 0.96 1.054 0.8 1.088 0.662 0.899 1.085
2934 0.713 1.126 0.55 1.136 0.792 1.105 0.813 0.083 0.654 1.136 0.626 1.141 0.923 0.993 0.961 0.92 1.055 0.776 0.769 1.122
2935 0.587 1.104 0.331 1.122 0.672 1.121 0.746 0.108 0.528 1.125 0.471 1.113 0.809 1.043 0.835 1.01 0.991 0.889 0.63 1.142
2936 0.477 1.092 0.185 1.128 0.548 1.12 0.647 0.135 0.417 1.12 0.347 1.131 0.769 1.095 0.736 1.054 0.906 0.977 0.517 1.139
2937 0.363 1.099 0.213 1.145 0.425 1.116 0.575 0.161 0.333 1.083 0.322 1.116 0.671 1.125 0.612 1.082 0.82 1.05 0.391 1.139
2938 0.323 1.094 0.193 1.045 0.393 1.134 0.509 0.172 0.285 1.077 0.248 1.073 0.559 1.111 0.53 1.142 0.721 1.099 0.303 1.132
2939 0.212 1.09 0.133 1.065 0.513 1.119 0.442 0.216 0.188 1.109 0.17 1.033 0.619 1.125 0.539 1.109 0.637 1.131 0.271 1.15
2940 0.158 1.137 0.086 1.08 0.507 1.075 0.403 0.306 0.094 1.112 0.112 1.015 0.661 1.129 0.626 1.118 0.753 1.144 0.184 1.138
2941 0.075 1.142 0.076 1.033 0.585 1.088 0.352 0.405 0.081 1.043 0.098 1.022 0.768 1.137 0.724 1.115 0.92 1.13 0.123 1.128
2942 0.093 1.107 0.07 0.953 0.683 1.088 0.307 0.486 0.093 0.961 0.103 0.96 0.886 1.125 0.85 1.09 1.054 1.11 0.084 1.06
2943 0.11 0.981 0.091 0.841 0.793 1.086 0.215 0.552 0.086 0.869 0.142 0.865 1.008 1.106 0.961 1.093 1.121 1.059 0.09 0.957
2944 0.118 0.873 0.105 0.757 0.907 1.09 0.144 0.625 0.076 0.781 0.166 0.792 1.088 1.047 1.062 1.042 1.124 0.948 0.091 0.873
2945 0.098 0.8 0.086 0.688 0.98 1.046 0.108 0.678 0.118 0.741 0.148 0.713 1.102 0.954 0.988 0.882 1.131 0.959 0.081 0.778
2946 0.154 0.781 0.085 0.684 0.975 0.972 0.113 0.656 0.102 0.739 0.14 0.628 1.125 0.843 0.784 0.823 1.136 0.881 0.087 0.735
2947 0.133 0.842 0.071 0.628 0.907 0.904 0.131 0.613 0.129 0.669 0.118 0.562 1.127 0.73 0.563 0.75 1.112 0.813 0.085 0.804
2948 0.088 0.931 0.068 0.525 0.824 0.825 0.129 0.539 0.113 0.562 0.138 0.476 1.072 0.677 0.383 0.676 1.082 0.77 0.073 0.854
2949 0.078 1.025 0.066 0.438 0.731 0.744 0.133 0.441 0.105 0.513 0.201 0.432 0.932 0.652 0.216 0.551 0.972 0.717 0.062 0.927
2950 0.09 1.129 0.054 0.387 0.619 0.669 0.073 0.447 0.134 0.492 0.227 0.386 0.746 0.597 0.353 0.459 0.84 0.695 0.062 0.992
2951 0.184 1.104 0.118 0.357 0.493 0.608 0.132 0.364 0.103 0.409 0.293 0.414 0.585 0.56 0.515 0.518 0.701 0.664 0.063 1.048
2952 0.255 0.962 0.238 0.358 0.376 0.539 0.257 0.321 0.258 0.38 0.398 0.418 0.533 0.562 0.473 0.536 0.555 0.618 0.059 1.103
2953 0.278 0.754 0.395 0.348 0.28 0.566 0.378 0.314 0.434 0.388 0.451 0.374 0.451 0.588 0.38 0.497 0.396 0.616 0.086 1.138
2954 0.262 0.688 0.41 0.346 0.275 0.644 0.509 0.27 0.504 0.322 0.581 0.285 0.354 0.597 0.33 0.428 0.29 0.682 0.145 1.12
2955 0.225 0.818 0.485 0.281 0.221 0.682 0.607 0.174 0.601 0.2 0.661 0.146 0.258 0.629 0.352 0.296 0.234 0.724 0.204 1.102
2956 0.183 0.919 0.531 0.243 0.169 0.681 0.537 0.068 0.578 0.084 0.639 0.104 0.178 0.68 0.455 0.231 0.16 0.722 0.231 1.108
2957 0.144 0.983 0.534 0.183 0.108 0.676 0.531 0.063 0.577 0.052 0.593 0.188 0.228 0.513 0.37 0.171 0.145 0.705 0.257 1.072
2958 0.079 1.016 0.556 0.136 0.127 0.568 0.42 0.103 0.506 0.086 0.612 0.132 0.265 0.352 0.317 0.357 0.162 0.578 0.243 1.04
2959 0.067 0.939 0.542 0.066 0.136 0.431 0.339 0.209 0.39 0.129 0.563 0.131 0.216 0.445 0.334 0.239 0.136 0.447 0.21 1.025
2960 0.078 0.847 0.457 0.051 0.13 0.401 0.425 0.182 0.443 0.184 0.515 0.161 0.219 0.323 0.302 0.175 0.118 0.6 0.179 1.08
2961 0.081 0.765 0.368 0.051 0.095 0.5 0.464 0.153 0.504 0.173 0.514 0.107 0.209 0.257 0.357 0.089 0.103 0.758 0.213 1.13
2962 0.095 0.873 0.45 0.084 0.096 0.645 0.436 0.112 0.527 0.068 0.594 0.037 0.174 0.254 0.376 0.083 0.093 0.82 0.28 1.149
2963 0.156 0.98 0.556 0.084 0.112 0.771 0.479 0.086 0.633 0.066 0.708 0.071 0.168 0.332 0.432 0.073 0.098 0.909 0.344 1.145
2964 0.285 1.067 0.658 0.09 0.168 0.873 0.575 0.108 0.766 0.1 0.787 0.085 0.186 0.437 0.493 0.062 0.156 0.984 0.407 1.143
2965 0.425 1.124 0.78 0.099 0.263 0.958 0.649 0.114 0.914 0.09 0.898 0.064 0.171 0.568 0.577 0.034 0.254 1.049 0.488 1.144
2966 0.537 1.119 0.875 0.102 0.362 1.014 0.721 0.14 0.959 0.04 0.959 0.031 0.195 0.737 0.665 0.041 0.345 1.111 0.564 1.139
2967 0.61 1.09 0.899 0.042 0.468 1.068 0.812 0.154 0.969 0.099 1.0 0.037 0.248 0.89 0.767 0.049 0.442 1.146 0.633 1.144
2968 0.699 0.954 1.007 0.082 0.568 1.077 0.878 0.217 0.926 0.219 1.044 0.114 0.381 0.995 0.858 0.043 0.529 1.158 0.692 1.146
2969 0.768 0.792 1.031 0.116 0.672 1.035 0.851 0.344 0.929 0.453 1.116 0.151 0.533 1.054 0.953 0.084 0.614 1.152 0.757 1.142
2970 0.894 0.694 1.034 0.163 0.754 0.941 0.809 0.427 0.879 0.674 1.161 0.22 0.68 1.029 1.025 0.087 0.706 1.136 0.815 1.144
2971 0.974 0.693 1.117 0.208 0.852 0.845 0.808 0.517 1.017 0.617 1.154 0.312 0.785 0.909 1.099 0.06 0.788 1.112 0.87 1.14
2972 1.082 0.621 1.153 0.278 0.936 0.77 0.842 0.617 1.085 0.509 1.121 0.35 0.882 0.804 1.173 0.09 0.867 1.106 0.924 1.126
2973 1.117 0.491 1.131 0.356 1.019 0.68 0.936 0.641 1.066 0.452 1.092 0.408 0.975 0.735 1.158 0.186 0.939 1.045 0.975 1.111
2974 1.078 0.575 1.084 0.44 1.078 0.6 1.01 0.575 1.081 0.534 1.101 0.482 1.082 0.708 1.157 0.256 0.992 0.96 1.03 1.106
2975 1.111 0.621 1.095 0.526 1.114 0.689 1.067 0.566 1.132 0.618 1.097 0.57 1.139 0.736 1.151 0.33 1.056 0.873 1.058 1.104
2976 1.122 0.723 1.103 0.59 1.104 0.777 1.065 0.641 1.157 0.682 1.128 0.666 1.106 0.812 1.156 0.367 1.114 0.824 1.091 1.087
2977 1.135 0.8 1.119 0.674 1.095 0.847 1.054 0.739 1.166 0.753 1.124 0.76 1.159 0.844 1.128 0.434 1.127 0.913 1.121 1.04
2978 1.162 0.846 1.122 0.745 1.073 0.934 1.063 0.789 1.159 0.794 1.119 0.823 1.163 0.912 1.136 0.513 1.14 0.983 1.109 1.017
2979 1.136 0.922 1.129 0.843 1.056 1.012 1.052 0.877 1.161 0.827 1.126 0.908 1.171 0.948 1.141 0.6 1.154 0.952 1.153 1.008
2980 1.144 0.964 1.134 0.855 1.07 1.062 1.057 0.915 1.153 0.88 1.149 0.94 1.17 0.997 1.153 0.688 1.133 1.005 1.178 1.038
2981 1.165 0.966 1.136 0.803 1.11 1.073 1.077 0.942 1.136 0.917 1.158 0.942 1.149 1.006 1.147 0.77 1.12 0.994 1.138 1.03
2982 1.14 0.935 1.148 0.863 1.117 1.038 1.106 0.89 1.122 0.88 1.133 0.912 1.137 0.996 1.143 0.749 1.103 0.911 1.156 1.008
2983 1.124 0.929 1.125 0.815 1.152 1.055 1.059 0.899 1.126 0.871 1.135 0.916 1.125 0.975 1.141 0.681 1.072 0.95 1.178 0.98
2984 1.145 0.919 1.113 0.763 1.175 1.032 1.103 0.949 1.15 0.783 1.161 0.928 1.079 1.005 1.141 0.614 1.086 0.984 1.142 0.987
2985 1.098 0.861 1.131 0.67 1.181 1.009 1.127 0.947 1.114 0.706 1.129 0.883 1.105 1.063 1.127 0.546 1.126 1.017 1.178 0.955
2986 1.098 0.786 1.142 0.547 1.172 0.972 1.123 0.971 1.141 0.625 1.126 0.78 1.147 1.087 1.147 0.485 1.123 1.043 1.166 0.86
2987 1.089 0.704 1.165 0.454 1.147 0.94 1.096 0.987 1.157 0.539 1.088 0.676 1.156 1.033 1.156 0.421 1.124 1.005 1.15 0.773
2988 1.04 0.618 1.177 0.343 1.112 0.89 1.089 0.943 1.145 0.446 1.083 0.576 1.167 1.006 1.16 0.342 1.091 0.972 1.147 0.686
2989 1.066 0.537 1.147 0.283 1.113 0.734 1.078 0.88 1.138 0.363 1.085 0.445 1.16 0.951 1.149 0.217 1.098 0.901 1.151 0.596
2990 1.096 0.454 1.161 0.213 1.147 0.6 1.124 0.777 1.136 0.276 1.068 0.325 1.135 0.905 1.106 0.129 1.141 0.814 1.153 0.496
2991 1.125 0.365 1.157 0.15 1.161 0.477 1.142 0.645 1.13 0.212 1.068 0.215 1.129 0.839 1.061 0.13 1.114 0.747 1.168 0.385
2992 1.15 0.249 1.139 0.1 1.155 0.331 1.164 0.528 1.086 0.192 1.028 0.134 1.134 0.769 0.971 0.094 1.125 0.641 1.158 0.273
2993 1.034 0.147 1.082 0.062 1.124 0.207 1.17 0.448 1.033 0.125 0.945 0.109 1.148 0.672 0.893 0.059 1.142 0.546 1.159 0.173
2994 1.04 0.116 1.02 0.054 1.117 0.076 1.159 0.346 0.97 0.115 0.856 0.113 1.148 0.583 0.781 0.06 1.154 0.452 1.143 0.101
2995 0.931 0.064 0.957 0.046 1.025 0.042 1.166 0.253 0.865 0.1 0.774 0.101 1.15 0.475 0.713 0.062 1.151 0.369 1.085 0.048
2996 0.792 0.049 0.885 0.036 0.954 0.051 1.171 0.218 0.811 0.11 0.714 0.118 1.151 0.373 0.626 0.079 1.137 0.273 1.01 0.034
2997 0.672 0.05 0.828 0.044 0.883 0.053 1.13 0.134 0.75 0.101 0.673 0.186 1.159 0.278 0.674 0.132 1.146 0.227 0.932 0.03
2998 0.532 0.032 0.761 0.048 0.786 0.042 1.043 0.074 0.662 0.066 0.744 0.242 1.158 0.181 0.648 0.211 1.149 0.167 0.846 0.023
2999 0.384 0.041 0.708 0.054 0.719 0.07 0.949 0.057 0.535 0.052 0.782 0.294 1.168 0.107 0.716 0.238 1.114 0.093 0.774 0.031
3000 0.222 0.032 0.657 0.063 0.669 0.092 0.866 0.044 0.367 0.045 0.769 0.35 1.146 0.067 0.819 0.203 1.053 0.05 0.68 0.022
3001 0.095 0.082 0.601 0.06 0.621 0.096 0.77 0.036 0.228 0.062 0.671 0.335 1.063 0.071 0.857 0.174 0.971 0.048 0.634 0.022
3002 0.034 0.167 0.522 0.128 0.591 0.099 0.678 0.043 0.116 0.111 0.603 0.255 0.949 0.094 0.925 0.16 0.917 0.048 0.586 0.052
3003 0.038 0.335 0.385 0.155 0.547 0.093 0.572 0.042 0.077 0.248 0.495 0.225 0.896 0.073 0.957 0.144 0.82 0.067 0.499 0.089
3004 0.053 0.496 0.256 0.21 0.498 0.082 0.489 0.049 0.071 0.384 0.353 0.225 0.842 0.052 0.941 0.093 0.731 0.074 0.397 0.08
3005 0.071 0.661 0.178 0.292 0.445 0.079 0.408 0.037 0.083 0.542 0.272 0.207 0.732 0.067 0.864 0.079 0.654 0.099 0.297 0.084
3006 0.069 0.814 0.129 0.437 0.362 0.066 0.288 0.044 0.089 0.698 0.2 0.221 0.641 0.068 0.724 0.092 0.539 0.091 0.193 0.119
3007 0.055 0.956 0.11 0.592 0.275 0.054 0.168 0.096 0.083 0.867 0.139 0.333 0.561 0.111 0.641 0.101 0.446 0.08 0.108 0.184
3008 0.086 1.087 0.097 0.751 0.206 0.066 0.094 0.2 0.088 1.009 0.112 0.497 0.474 0.074 0.537 0.135 0.355 0.063 0.067 0.297
3009 0.123 1.167 0.116 0.911 0.138 0.111 0.062 0.317 0.157 1.081 0.102 0.629 0.38 0.055 0.402 0.149 0.276 0.076 0.052 0.433
3010 0.269 1.17 0.125 1.009 0.088 0.184 0.051 0.456 0.255 1.129 0.127 0.803 0.281 0.053 0.258 0.186 0.19 0.107 0.055 0.558
3011 0.437 1.16 0.163 1.099 0.067 0.281 0.07 0.589 0.334 1.124 0.15 0.94 0.19 0.062 0.163 0.255 0.117 0.149 0.069 0.684
3012 0.598 1.147 0.232 1.159 0.073 0.387 0.074 0.71 0.491 1.128 0.221 1.038 0.12 0.118 0.144 0.375 0.074 0.226 0.108 0.817
3013 0.787 1.139 0.339 1.158 0.066 0.494 0.077 0.843 0.669 1.13 0.337 1.093 0.119 0.232 0.161 0.534 0.071 0.321 0.185 0.93
3014 0.967 1.142 0.443 1.152 0.06 0.587 0.154 0.957 0.841 1.13 0.44 1.093 0.137 0.348 0.191 0.706 0.079 0.435 0.266 1.015
3015 1.014 1.143 0.523 1.128 0.062 0.671 0.283 1.032 0.978 1.13 0.556 1.096 0.156 0.468 0.216 0.872 0.101 0.514 0.354 1.061
3016 1.018 1.085 0.616 1.133 0.072 0.756 0.394 1.061 0.991 1.159 0.681 1.094 0.168 0.569 0.303 0.969 0.136 0.546 0.436 1.09
3017 1.057 1.114 0.73 1.137 0.093 0.836 0.493 1.111 0.974 1.111 0.816 1.082 0.156 0.676 0.446 1.04 0.099 0.638 0.552 1.12
3018 1.112 1.115 0.817 1.157 0.126 0.911 0.58 1.141 0.906 1.078 0.892 1.124 0.135 0.772 0.564 1.107 0.064 0.673 0.662 1.152
3019 1.15 1.144 0.857 1.151 0.17 0.992 0.694 1.145 0.98 1.09 0.901 1.129 0.121 0.861 0.649 1.129 0.071 0.753 0.76 1.153
3020 1.16 1.071 0.902 1.058 0.203 1.05 0.785 1.151 1.049 1.064 0.937 1.106 0.148 0.945 0.742 1.134 0.082 0.831 0.83 1.142
3021 1.17 0.965 0.98 1.034 0.246 1.102 0.852 1.162 1.093 0.974 1.01 1.082 0.225 1.012 0.805 1.121 0.094 0.909 0.897 1.11
3022 1.149 0.853 1.064 0.974 0.31 1.133 0.902 1.157 1.117 0.884 1.068 1.036 0.312 1.059 0.925 1.11 0.131 0.981 0.961 1.099
3023 1.159 0.715 1.137 0.908 0.406 1.135 0.957 1.153 1.121 0.796 1.099 0.919 0.412 1.081 1.005 1.056 0.158 1.072 1.029 1.09
3024 1.156 0.584 1.15 0.796 0.486 1.148 0.984 1.157 1.133 0.729 1.12 0.788 0.498 1.07 1.059 0.965 0.166 1.139 1.097 1.04
3025 1.167 0.453 1.175 0.703 0.562 1.139 1.073 1.132 1.138 0.648 1.126 0.69 0.59 1.045 1.104 0.843 0.269 1.124 1.144 0.975
3026 1.161 0.315 1.15 0.591 0.619 1.148 1.151 1.091 1.132 0.563 1.118 0.571 0.684 1.012 1.123 0.748 0.369 1.094 1.168 0.9
3027 1.177 0.236 1.143 0.467 0.688 1.149 1.129 0.913 1.159 0.436 1.14 0.449 0.771 0.99 1.123 0.63 0.465 1.079 1.163 0.789
3028 1.158 0.153 1.156 0.36 0.751 1.149 1.14 0.758 1.153 0.344 1.136 0.345 0.876 0.959 1.129 0.544 0.559 1.077 1.164 0.667
3029 1.092 0.07 1.117 0.272 0.824 1.139 1.149 0.611 1.147 0.241 1.105 0.225 0.956 0.904 1.12 0.443 0.651 1.118 1.153 0.541
3030 0.982 0.052 1.102 0.217 0.893 1.12 1.12 0.47 1.135 0.12 1.08 0.136 1.009 0.8 1.107 0.342 0.752 1.114 1.152 0.427
3031 0.85 0.056 1.029 0.151 0.964 1.073 1.073 0.301 1.017 0.044 0.978 0.126 1.024 0.696 1.043 0.245 0.849 1.087 1.124 0.314
3032 0.694 0.047 0.92 0.132 1.007 0.999 0.989 0.184 0.835 0.041 0.852 0.106 1.007 0.581 0.916 0.184 0.945 1.068 1.099 0.226
3033 0.541 0.059 0.794 0.099 1.048 0.931 0.866 0.121 0.652 0.056 0.701 0.103 0.966 0.458 0.825 0.165 1.021 1.082 1.046 0.158
3034 0.363 0.044 0.652 0.102 1.067 0.843 0.741 0.068 0.469 0.055 0.552 0.126 0.888 0.341 0.689 0.123 1.074 1.106 0.951 0.098
3035 0.212 0.044 0.496 0.084 1.107 0.784 0.592 0.052 0.312 0.054 0.416 0.108 0.778 0.254 0.576 0.089 1.117 1.016 0.855 0.058
3036 0.086 0.059 0.355 0.066 1.158 0.75 0.463 0.038 0.166 0.062 0.28 0.106 0.665 0.188 0.463 0.079 1.137 0.913 0.755 0.039
3037 0.041 0.208 0.228 0.081 1.164 0.664 0.299 0.064 0.075 0.157 0.161 0.156 0.539 0.136 0.36 0.082 1.147 0.802 0.658 0.032
3038 0.042 0.331 0.164 0.189 1.17 0.59 0.172 0.125 0.049 0.279 0.114 0.285 0.429 0.113 0.249 0.11 1.142 0.698 0.554 0.03
3039 0.054 0.486 0.124 0.308 1.163 0.508 0.107 0.236 0.061 0.417 0.125 0.413 0.316 0.142 0.191 0.115 1.136 0.59 0.48 0.038
3040 0.07 0.69 0.132 0.458 1.164 0.431 0.109 0.364 0.067 0.568 0.163 0.548 0.219 0.197 0.101 0.11 1.14 0.494 0.379 0.054
3041 0.069 0.88 0.122 0.605 1.168 0.356 0.107 0.499 0.075 0.726 0.157 0.67 0.164 0.283 0.074 0.16 1.135 0.422 0.256 0.131
3042 0.068 1.051 0.098 0.738 1.17 0.295 0.099 0.657 0.086 0.89 0.145 0.798 0.129 0.415 0.089 0.281 1.142 0.35 0.174 0.21
3043 0.112 1.168 0.086 0.88 1.175 0.209 0.088 0.79 0.092 1.062 0.123 0.932 0.101 0.561 0.081 0.416 1.167 0.315 0.129 0.324
3044 0.241 1.144 0.095 0.992 1.181 0.145 0.107 0.936 0.15 1.156 0.138 1.04 0.092 0.698 0.084 0.544 1.139 0.217 0.091 0.42
