time X0 Y0 X1 Y1 X2 Y2 X3 Y3 X4 Y4 X5 Y5 X6 Y6 X7 Y7 X8 Y8 X9 Y9
1356 0.856 0.862 0.771 0.355 0.898 0.886 0.955 0.888 0.861 0.921 0.746 0.142 0.929 0.914 0.36450000000000005 0.3355 0.801 0.887 0.898 0.881
1357 0.887 0.851 0.792 0.513 0.89 0.865 0.932 0.837 0.882 0.903 0.694 0.151 0.945 0.862 0.327 0.299 0.869 0.874 0.887 0.862
1358 0.879 0.815 0.848 0.668 0.942 0.879 0.937 0.832 0.924 0.933 0.61 0.17 0.971 0.905 0.317 0.282 0.871 0.905 0.937 0.844
1359 0.887 0.762 0.946 0.737 0.955 0.936 0.96 0.78 0.919 0.931 0.52 0.139 0.979 0.914 0.27 0.245 0.908 0.919 1.033 0.878
1360 0.908 0.799 1.0 0.787 0.924 0.846 0.919 0.825 0.903 0.914 0.439 0.14 0.942 0.834 0.366 0.193 0.9 0.837 1.007 0.796
1361 0.83 0.811 0.942 0.787 0.884 0.879 0.892 0.877 0.856 0.884 0.377 0.155 0.911 0.837 0.387 0.19 0.845 0.86 0.963 0.848
1362 0.799 0.885 0.9 0.841 0.861 0.905 0.898 0.919 0.845 0.931 0.408 0.171 0.903 0.879 0.364 0.197 0.807 0.942 0.937 0.914
1363 0.75 0.821 0.913 0.855 0.837 0.886 0.882 0.936 0.874 0.91 0.419 0.168 0.898 0.872 0.335 0.209 0.798 0.933 0.932 0.881
1364 0.722 0.816 0.85 0.808 0.822 0.801 0.837 0.898 0.864 0.874 0.398 0.188 0.853 0.848 0.314 0.235 0.799 0.903 0.879 0.862
