# Time(s) fish0X fish0Y
0.000 0.323 0.273
1.000 0.204 0.150
2.000 0.092 0.103
3.000 0.011 0.201
4.000 0.019 0.356
5.000 0.028 0.511
6.000 0.056 0.669
7.000 0.098 0.827
8.000 0.183 0.968
9.000 0.346 1.033
10.000 0.503 1.063
11.000 0.643 1.024
12.000 0.788 0.988
13.000 0.893 0.986
14.000 1.037 1.044
15.000 1.116 1.099
16.000 1.200 1.046
17.000 1.192 0.911
18.000 1.192 0.765
19.000 1.173 0.619
20.000 1.114 0.497
21.000 1.026 0.453
22.000 0.926 0.446
23.000 0.862 0.367
24.000 0.767 0.280
25.000 0.658 0.203
26.000 0.539 0.193
27.000 0.419 0.185
28.000 0.285 0.181
29.000 0.168 0.123
30.000 0.085 0.041
31.000 0.010 0.096
32.000 0.005 0.254
33.000 0.013 0.402
34.000 0.034 0.529
35.000 0.054 0.682
36.000 0.087 0.824
37.000 0.090 0.966
38.000 0.097 1.075
39.000 0.178 1.157
40.000 0.335 1.163
41.000 0.489 1.137
42.000 0.626 1.135
43.000 0.790 1.107
44.000 0.893 1.081
45.000 0.999 1.029
46.000 1.105 0.984
47.000 1.136 0.895
48.000 1.150 0.759
49.000 1.147 0.613
50.000 1.129 0.478
51.000 1.120 0.367
52.000 1.043 0.319
53.000 0.944 0.304
54.000 0.813 0.270
55.000 0.704 0.202
56.000 0.572 0.179
57.000 0.440 0.162
58.000 0.299 0.156
59.000 0.154 0.228
60.000 0.076 0.312
61.000 0.012 0.421
62.000 0.023 0.576
63.000 0.067 0.755
64.000 0.122 0.905
65.000 0.264 1.021
66.000 0.433 1.055
67.000 0.600 1.024
68.000 0.748 1.001
69.000 0.878 0.971
70.000 1.035 1.034
71.000 1.111 1.100
72.000 1.193 1.030
73.000 1.190 0.883
74.000 1.172 0.732
75.000 1.156 0.613
76.000 1.140 0.462
77.000 1.098 0.335
78.000 0.999 0.236
79.000 0.884 0.188
80.000 0.738 0.155
81.000 0.602 0.148
82.000 0.474 0.125
83.000 0.306 0.164
84.000 0.228 0.265
85.000 0.155 0.332
86.000 0.093 0.451
87.000 0.085 0.585
88.000 0.113 0.748
89.000 0.152 0.906
90.000 0.232 1.033
91.000 0.393 1.078
92.000 0.551 1.086
93.000 0.684 1.040
94.000 0.796 0.971
95.000 0.924 0.948
96.000 1.048 1.000
97.000 1.153 1.062
98.000 1.200 0.950
99.000 1.189 0.836
100.000 1.175 0.686
101.000 1.151 0.537
102.000 1.103 0.400
103.000 1.060 0.265
104.000 1.003 0.148
105.000 0.916 0.135
106.000 0.781 0.136
107.000 0.596 0.170
108.000 0.414 0.180
109.000 0.278 0.246
110.000 0.188 0.310
111.000 0.148 0.391
112.000 0.050 0.501
113.000 0.005 0.659
114.000 0.024 0.842
115.000 0.026 1.013
116.000 0.032 1.146
117.000 0.019 1.179
118.000 0.069 1.168
119.000 0.197 1.187
120.000 0.318 1.200
121.000 0.440 1.200
122.000 0.562 1.200
123.000 0.696 1.200
124.000 0.837 1.200
125.000 0.939 1.197
126.000 1.065 1.199
127.000 1.160 1.187
128.000 1.160 1.154
129.000 1.147 1.046
130.000 1.158 0.928
131.000 1.197 0.807
132.000 1.185 0.664
133.000 1.161 0.540
134.000 1.162 0.411
135.000 1.171 0.251
136.000 1.111 0.142
137.000 0.989 0.085
138.000 0.878 0.106
139.000 0.729 0.097
140.000 0.576 0.106
141.000 0.418 0.140
142.000 0.274 0.175
143.000 0.156 0.238
144.000 0.052 0.169
145.000 0.015 0.060
146.000 0.029 0.009
147.000 0.076 0.014
148.000 0.101 0.097
149.000 0.070 0.236
150.000 0.003 0.345
151.000 0.005 0.493
152.000 0.011 0.646
153.000 0.013 0.817
154.000 0.019 0.974
155.000 0.036 1.126
156.000 0.167 1.179
157.000 0.341 1.178
158.000 0.506 1.193
159.000 0.690 1.185
160.000 0.849 1.193
161.000 1.008 1.172
162.000 1.144 1.184
163.000 1.200 1.046
164.000 1.200 0.893
165.000 1.192 0.721
166.000 1.182 0.567
167.000 1.173 0.410
168.000 1.171 0.272
169.000 1.126 0.146
170.000 1.135 0.058
171.000 0.963 0.043
172.000 0.784 0.073
173.000 0.608 0.095
174.000 0.418 0.116
175.000 0.281 0.099
176.000 0.185 0.030
177.000 0.049 0.049
178.000 0.018 0.190
179.000 0.046 0.294
180.000 0.053 0.470
181.000 0.062 0.629
182.000 0.075 0.786
183.000 0.146 0.945
184.000 0.285 1.040
185.000 0.443 1.082
186.000 0.602 1.099
187.000 0.769 1.102
188.000 0.913 1.064
189.000 1.046 1.127
190.000 1.131 1.177
191.000 1.200 1.121
192.000 1.200 0.971
193.000 1.199 0.816
194.000 1.197 0.659
195.000 1.183 0.485
196.000 1.181 0.333
197.000 1.168 0.177
198.000 1.079 0.141
199.000 0.968 0.158
200.000 0.832 0.101
201.000 0.683 0.110
202.000 0.519 0.087
203.000 0.353 0.083
204.000 0.199 0.084
205.000 0.049 0.142
206.000 0.017 0.309
207.000 0.012 0.468
208.000 0.024 0.589
209.000 0.043 0.754
210.000 0.089 0.895
211.000 0.221 0.985
212.000 0.383 1.023
213.000 0.543 1.054
214.000 0.719 1.074
215.000 0.877 1.074
216.000 1.041 1.094
217.000 1.161 1.100
218.000 1.197 1.159
219.000 1.197 1.011
220.000 1.196 0.853
221.000 1.189 0.685
222.000 1.109 0.544
223.000 1.070 0.449
224.000 1.007 0.319
225.000 1.032 0.198
226.000 1.082 0.076
227.000 0.987 0.020
228.000 0.879 0.031
229.000 0.690 0.050
230.000 0.506 0.061
231.000 0.322 0.077
232.000 0.162 0.089
233.000 0.050 0.177
234.000 0.036 0.353
235.000 0.042 0.518
236.000 0.061 0.694
237.000 0.088 0.845
238.000 0.137 0.988
239.000 0.244 1.108
240.000 0.405 1.169
241.000 0.568 1.169
242.000 0.733 1.161
243.000 0.880 1.125
244.000 1.007 1.056
245.000 1.143 0.993
246.000 1.200 0.884
247.000 1.177 0.716
248.000 1.171 0.561
249.000 1.168 0.404
250.000 1.144 0.251
251.000 1.066 0.128
252.000 0.934 0.089
253.000 0.780 0.102
254.000 0.623 0.062
255.000 0.450 0.057
256.000 0.296 0.084
257.000 0.147 0.102
258.000 0.023 0.175
259.000 0.004 0.322
260.000 0.025 0.477
261.000 0.038 0.645
262.000 0.049 0.802
263.000 0.077 0.959
264.000 0.125 1.073
265.000 0.236 1.157
266.000 0.397 1.161
267.000 0.551 1.156
268.000 0.701 1.135
269.000 0.845 1.112
270.000 1.009 1.076
271.000 1.143 1.010
272.000 1.184 0.849
273.000 1.180 0.708
274.000 1.176 0.546
275.000 1.128 0.408
276.000 1.140 0.317
277.000 1.086 0.199
278.000 1.044 0.098
279.000 0.938 0.042
280.000 0.780 0.042
281.000 0.611 0.047
282.000 0.457 0.053
283.000 0.300 0.100
284.000 0.169 0.197
285.000 0.042 0.273
286.000 0.006 0.423
287.000 0.034 0.563
288.000 0.077 0.713
289.000 0.221 0.787
290.000 0.324 0.848
291.000 0.405 0.964
292.000 0.496 1.078
293.000 0.597 1.184
294.000 0.770 1.190
295.000 0.951 1.173
296.000 1.104 1.170
297.000 1.194 1.050
298.000 1.190 0.888
299.000 1.187 0.717
300.000 1.179 0.549
301.000 1.152 0.407
302.000 1.137 0.258
303.000 1.067 0.121
304.000 0.911 0.056
305.000 0.735 0.044
306.000 0.564 0.035
307.000 0.409 0.059
308.000 0.264 0.075
309.000 0.114 0.120
310.000 0.018 0.263
311.000 0.008 0.426
312.000 0.021 0.584
313.000 0.031 0.749
314.000 0.045 0.901
315.000 0.075 1.052
316.000 0.160 1.148
317.000 0.311 1.189
318.000 0.469 1.185
319.000 0.619 1.179
320.000 0.741 1.158
321.000 0.907 1.090
322.000 1.058 1.037
323.000 1.186 0.975
324.000 1.200 0.822
325.000 1.187 0.645
326.000 1.127 0.502
327.000 1.135 0.352
328.000 1.108 0.220
329.000 1.007 0.107
330.000 0.866 0.037
331.000 0.695 0.009
332.000 0.535 0.019
333.000 0.379 0.035
334.000 0.222 0.065
335.000 0.087 0.141
336.000 0.016 0.300
337.000 0.029 0.451
338.000 0.033 0.613
339.000 0.033 0.764
340.000 0.067 0.916
341.000 0.120 1.060
342.000 0.241 1.155
343.000 0.408 1.180
344.000 0.532 1.199
345.000 0.627 1.155
346.000 0.726 1.088
347.000 0.871 1.045
348.000 0.989 0.965
349.000 1.117 0.915
350.000 1.200 0.855
351.000 1.196 0.734
352.000 1.179 0.586
353.000 1.124 0.456
354.000 1.176 0.401
355.000 1.157 0.276
356.000 1.077 0.184
357.000 0.953 0.143
358.000 0.835 0.063
359.000 0.676 0.021
360.000 0.505 0.028
361.000 0.364 0.060
362.000 0.265 0.145
363.000 0.171 0.248
364.000 0.050 0.308
365.000 0.002 0.439
366.000 0.014 0.599
367.000 0.029 0.754
368.000 0.046 0.910
369.000 0.082 1.051
370.000 0.154 1.170
371.000 0.309 1.189
372.000 0.468 1.193
373.000 0.634 1.184
374.000 0.737 1.130
375.000 0.878 1.056
376.000 1.021 1.019
377.000 1.143 1.055
378.000 1.200 0.982
379.000 1.200 0.871
380.000 1.190 0.746
381.000 1.175 0.612
382.000 1.172 0.452
383.000 1.159 0.301
384.000 1.151 0.160
385.000 1.092 0.037
386.000 0.946 0.003
387.000 0.795 0.015
388.000 0.635 0.017
389.000 0.477 0.034
390.000 0.344 0.081
391.000 0.294 0.173
392.000 0.160 0.233
393.000 0.027 0.230
394.000 0.007 0.370
395.000 0.009 0.518
396.000 0.028 0.679
397.000 0.054 0.831
398.000 0.097 0.982
399.000 0.178 1.113
400.000 0.328 1.188
401.000 0.498 1.181
402.000 0.657 1.174
403.000 0.786 1.153
404.000 0.899 1.083
405.000 1.055 1.045
406.000 1.184 0.991
407.000 1.195 0.840
408.000 1.184 0.685
409.000 1.173 0.531
410.000 1.157 0.392
411.000 1.124 0.234
412.000 1.095 0.141
413.000 1.015 0.092
414.000 0.932 0.127
415.000 0.843 0.151
416.000 0.739 0.107
417.000 0.626 0.025
418.000 0.479 0.023
419.000 0.360 0.056
420.000 0.243 0.150
421.000 0.180 0.267
422.000 0.061 0.340
423.000 0.003 0.469
424.000 0.016 0.627
425.000 0.018 0.777
426.000 0.041 0.938
427.000 0.057 1.089
428.000 0.129 1.193
429.000 0.295 1.188
430.000 0.466 1.191
431.000 0.634 1.189
432.000 0.749 1.156
433.000 0.898 1.128
434.000 1.037 1.143
435.000 1.168 1.122
436.000 1.200 0.962
437.000 1.194 0.797
438.000 1.199 0.670
439.000 1.190 0.520
440.000 1.194 0.366
441.000 1.187 0.198
442.000 1.172 0.077
443.000 1.054 0.010
444.000 0.880 0.003
445.000 0.715 0.010
446.000 0.549 0.007
447.000 0.412 0.011
448.000 0.254 0.065
449.000 0.116 0.116
450.000 0.011 0.228
451.000 0.004 0.380
452.000 0.016 0.529
453.000 0.023 0.693
454.000 0.030 0.845
455.000 0.031 0.995
456.000 0.074 1.124
457.000 0.205 1.189
458.000 0.357 1.199
459.000 0.500 1.191
460.000 0.643 1.187
461.000 0.794 1.176
462.000 0.899 1.144
463.000 0.958 1.047
464.000 1.052 1.004
465.000 1.164 0.919
466.000 1.193 0.790
467.000 1.186 0.646
468.000 1.177 0.517
469.000 1.153 0.423
470.000 1.156 0.290
471.000 1.127 0.167
472.000 1.045 0.098
473.000 1.000 0.127
474.000 1.025 0.195
475.000 0.972 0.174
476.000 0.944 0.124
477.000 1.039 0.193
478.000 1.055 0.379
479.000 1.025 0.520
480.000 0.946 0.678
481.000 0.918 0.867
482.000 0.949 1.001
483.000 1.047 1.003
484.000 1.136 1.021
485.000 1.200 0.969
486.000 1.200 0.861
487.000 1.200 0.781
488.000 1.200 0.623
489.000 1.200 0.474
490.000 1.166 0.366
491.000 1.200 0.243
492.000 1.200 0.102
493.000 1.163 0.010
494.000 1.016 0.010
495.000 0.861 0.007
496.000 0.684 0.010
497.000 0.533 0.006
498.000 0.374 0.010
499.000 0.210 0.010
500.000 0.074 0.012
501.000 0.010 0.060
502.000 0.010 0.184
503.000 0.002 0.325
504.000 0.010 0.470
505.000 0.029 0.515
506.000 0.036 0.587
507.000 0.009 0.699
508.000 0.003 0.833
509.000 0.012 0.986
510.000 0.027 1.126
511.000 0.070 1.196
512.000 0.191 1.200
513.000 0.319 1.194
514.000 0.453 1.195
515.000 0.597 1.191
516.000 0.752 1.186
517.000 0.912 1.187
518.000 1.058 1.196
519.000 1.177 1.162
520.000 1.193 1.031
521.000 1.198 0.883
522.000 1.195 0.724
523.000 1.199 0.563
524.000 1.191 0.434
525.000 1.164 0.313
526.000 1.200 0.190
527.000 1.195 0.060
528.000 1.078 0.003
529.000 0.926 0.017
530.000 0.774 0.022
531.000 0.601 0.017
532.000 0.446 0.011
533.000 0.384 0.109
534.000 0.330 0.203
535.000 0.352 0.278
536.000 0.280 0.316
537.000 0.207 0.301
538.000 0.161 0.205
539.000 0.244 0.184
540.000 0.307 0.196
541.000 0.368 0.231
542.000 0.408 0.272
543.000 0.306 0.318
544.000 0.215 0.339
545.000 0.116 0.384
546.000 0.015 0.482
547.000 0.024 0.654
548.000 0.026 0.830
549.000 0.032 1.006
550.000 0.070 1.150
551.000 0.231 1.182
552.000 0.403 1.178
553.000 0.564 1.160
554.000 0.734 1.151
555.000 0.882 1.095
556.000 0.939 0.963
557.000 1.045 0.945
558.000 1.173 1.008
559.000 1.186 1.114
560.000 1.168 1.199
561.000 1.152 1.168
562.000 1.176 1.028
563.000 1.149 0.915
564.000 1.040 0.888
565.000 0.945 0.884
566.000 0.954 0.813
567.000 1.022 0.716
568.000 1.079 0.670
569.000 1.124 0.534
570.000 1.142 0.398
571.000 1.148 0.233
572.000 1.174 0.098
573.000 1.196 0.016
574.000 1.141 0.022
575.000 0.986 0.003
576.000 0.832 0.010
577.000 0.671 0.010
578.000 0.557 0.014
579.000 0.449 0.010
580.000 0.343 0.017
581.000 0.191 0.011
582.000 0.049 0.024
583.000 0.003 0.042
584.000 0.010 0.197
585.000 0.025 0.319
586.000 0.038 0.465
587.000 0.010 0.600
588.000 0.003 0.757
589.000 0.007 0.909
590.000 0.024 1.052
591.000 0.020 1.146
592.000 0.046 1.179
593.000 0.178 1.192
594.000 0.317 1.200
595.000 0.461 1.199
596.000 0.615 1.177
597.000 0.771 1.166
598.000 0.937 1.187
599.000 1.081 1.185
600.000 1.198 1.140
601.000 1.192 1.007
602.000 1.193 0.852
603.000 1.189 0.714
604.000 1.172 0.590
605.000 1.161 0.450
606.000 1.157 0.288
607.000 1.183 0.141
608.000 1.144 0.013
609.000 0.982 0.003
610.000 0.838 0.016
611.000 0.686 0.010
612.000 0.589 0.062
613.000 0.487 0.125
614.000 0.374 0.196
615.000 0.297 0.246
616.000 0.222 0.303
617.000 0.145 0.287
618.000 0.063 0.353
619.000 0.050 0.507
620.000 0.089 0.652
621.000 0.217 0.731
622.000 0.364 0.744
623.000 0.515 0.795
624.000 0.670 0.867
625.000 0.846 0.899
626.000 0.968 0.942
627.000 1.053 0.864
628.000 1.151 0.716
629.000 1.164 0.560
630.000 1.155 0.401
631.000 1.172 0.253
632.000 1.173 0.104
633.000 1.117 0.010
634.000 1.050 0.007
635.000 0.979 0.010
636.000 0.880 0.010
637.000 0.775 0.010
638.000 0.670 0.010
639.000 0.597 0.019
640.000 0.487 0.007
641.000 0.533 0.004
642.000 0.628 0.005
643.000 0.730 0.010
644.000 0.851 0.010
645.000 1.000 0.010
646.000 1.126 0.010
647.000 1.190 0.034
648.000 1.195 0.168
649.000 1.192 0.268
650.000 1.164 0.361
651.000 1.091 0.450
652.000 1.098 0.571
653.000 1.187 0.602
654.000 1.200 0.523
655.000 1.194 0.440
656.000 1.192 0.300
657.000 1.183 0.169
658.000 1.159 0.047
659.000 1.041 0.030
660.000 0.914 0.072
661.000 0.763 0.108
662.000 0.602 0.140
663.000 0.441 0.180
664.000 0.324 0.239
665.000 0.242 0.324
666.000 0.189 0.451
667.000 0.177 0.622
668.000 0.246 0.771
669.000 0.396 0.830
670.000 0.575 0.841
671.000 0.736 0.860
672.000 0.874 0.893
673.000 0.994 0.863
674.000 1.044 0.761
675.000 1.127 0.604
676.000 1.165 0.509
677.000 1.128 0.373
678.000 1.111 0.240
679.000 1.144 0.110
680.000 1.194 0.025
681.000 1.137 0.014
682.000 1.028 0.025
683.000 0.911 0.021
684.000 0.782 0.010
685.000 0.698 0.010
686.000 0.604 0.019
687.000 0.542 0.012
688.000 0.445 0.009
689.000 0.355 0.050
690.000 0.301 0.145
691.000 0.239 0.179
692.000 0.162 0.123
693.000 0.076 0.076
694.000 0.004 0.083
695.000 0.044 0.024
696.000 0.131 0.040
697.000 0.194 0.094
698.000 0.269 0.167
699.000 0.342 0.117
700.000 0.390 0.026
701.000 0.513 0.012
702.000 0.581 0.017
703.000 0.649 0.048
704.000 0.752 0.056
705.000 0.859 0.039
706.000 0.975 0.008
707.000 1.105 0.019
708.000 1.146 0.113
709.000 1.150 0.230
710.000 1.178 0.375
711.000 1.189 0.521
712.000 1.168 0.673
713.000 1.144 0.850
714.000 1.021 0.914
715.000 1.006 1.036
716.000 1.081 1.096
717.000 1.136 1.163
718.000 1.197 1.175
719.000 1.183 1.175
720.000 1.084 1.186
721.000 0.960 1.189
722.000 0.784 1.163
723.000 0.636 1.179
724.000 0.489 1.162
725.000 0.341 1.169
726.000 0.189 1.178
727.000 0.066 1.182
728.000 0.012 1.131
729.000 0.012 0.995
730.000 0.010 0.847
731.000 0.012 0.708
732.000 0.010 0.579
733.000 0.002 0.473
734.000 0.006 0.351
735.000 0.004 0.223
736.000 0.004 0.100
737.000 0.040 0.027
738.000 0.083 0.013
739.000 0.112 0.015
740.000 0.105 0.022
741.000 0.131 0.036
742.000 0.163 0.011
743.000 0.219 0.010
744.000 0.263 0.011
745.000 0.279 0.009
746.000 0.338 0.015
747.000 0.412 0.002
748.000 0.501 0.002
749.000 0.608 0.010
750.000 0.660 0.008
751.000 0.761 0.010
752.000 0.877 0.010
753.000 0.970 0.010
754.000 1.046 0.003
755.000 1.143 0.009
756.000 1.200 0.035
757.000 1.199 0.097
758.000 1.186 0.148
759.000 1.195 0.187
760.000 1.200 0.252
761.000 1.199 0.255
762.000 1.200 0.359
763.000 1.189 0.466
764.000 1.155 0.506
765.000 1.155 0.613
766.000 1.149 0.722
767.000 1.186 0.814
768.000 1.184 0.940
769.000 1.173 1.053
770.000 1.135 1.161
771.000 1.184 1.191
772.000 1.112 1.171
773.000 0.990 1.171
774.000 0.887 1.123
775.000 0.910 1.025
776.000 0.911 0.972
777.000 0.891 0.888
778.000 0.798 0.921
779.000 0.860 0.952
780.000 0.848 0.944
781.000 0.895 0.955
782.000 0.941 0.987
783.000 1.012 1.048
784.000 1.034 1.120
785.000 1.035 1.182
786.000 1.019 1.189
787.000 0.984 1.149
788.000 0.953 1.073
789.000 0.940 0.995
790.000 0.891 1.006
791.000 0.847 1.023
792.000 0.852 0.984
793.000 0.870 0.939
794.000 0.907 0.893
795.000 0.954 0.861
796.000 0.989 0.905
797.000 0.998 0.982
798.000 0.995 1.006
799.000 0.943 0.997
800.000 0.914 0.995
801.000 0.885 1.003
802.000 0.888 0.971
803.000 0.889 0.954
804.000 0.920 0.912
805.000 0.937 0.882
806.000 0.973 0.903
807.000 0.995 0.957
808.000 0.978 1.014
809.000 0.940 1.001
810.000 0.919 0.965
811.000 0.874 0.955
812.000 0.863 0.935
813.000 0.898 0.897
814.000 0.951 0.886
815.000 0.996 0.901
816.000 1.006 0.944
817.000 0.996 0.995
818.000 0.957 1.012
819.000 0.915 0.993
820.000 0.889 0.965
821.000 0.891 0.918
822.000 0.868 0.884
823.000 0.860 0.924
824.000 0.912 0.976
825.000 0.987 0.991
826.000 1.014 0.971
827.000 0.981 0.929
828.000 0.944 0.927
829.000 0.903 0.954
830.000 0.923 1.004
831.000 0.981 1.029
832.000 1.001 1.057
833.000 1.056 1.116
834.000 1.132 1.146
835.000 1.174 1.139
836.000 1.139 1.034
837.000 1.025 0.967
838.000 0.960 0.995
839.000 0.930 1.023
840.000 0.881 1.010
841.000 0.920 0.965
842.000 0.914 0.910
843.000 0.864 0.905
844.000 0.827 0.940
845.000 0.785 0.960
846.000 0.804 0.892
847.000 0.886 0.882
848.000 0.927 0.856
849.000 0.939 0.828
850.000 0.906 0.873
851.000 0.912 0.927
852.000 0.969 0.986
853.000 0.973 1.014
854.000 0.932 1.034
855.000 0.898 0.963
856.000 0.907 0.925
857.000 0.981 0.922
858.000 0.898 0.924
859.000 0.818 0.954
860.000 0.873 1.001
861.000 0.951 0.989
862.000 0.973 1.031
863.000 0.926 1.027
864.000 0.889 1.003
865.000 0.873 0.959
866.000 0.846 0.948
867.000 0.826 0.969
868.000 0.860 1.003
869.000 0.940 1.003
870.000 0.953 0.972
871.000 0.924 0.978
872.000 0.902 0.982
873.000 0.876 0.987
874.000 0.876 0.957
875.000 0.889 0.924
876.000 0.881 0.890
877.000 0.933 0.884
878.000 0.969 0.886
879.000 0.985 0.869
880.000 0.962 0.839
881.000 0.956 0.880
882.000 0.972 0.927
883.000 0.970 0.942
884.000 0.987 0.929
885.000 0.937 0.942
886.000 0.920 0.974
887.000 0.935 1.021
888.000 0.961 1.031
889.000 1.023 0.997
890.000 0.990 0.940
891.000 0.962 0.918
892.000 0.931 0.927
893.000 0.888 0.922
894.000 0.849 0.867
895.000 0.878 0.833
896.000 0.927 0.876
897.000 0.985 0.901
898.000 1.029 0.837
899.000 1.003 0.766
900.000 1.008 0.722
901.000 0.979 0.787
902.000 0.949 0.886
903.000 0.899 0.924
904.000 0.826 0.852
905.000 0.794 0.861
906.000 0.813 0.905
907.000 0.847 0.940
908.000 0.847 1.018
909.000 0.751 0.988
910.000 0.717 0.890
911.000 0.596 0.884
912.000 0.471 0.903
913.000 0.313 0.936
914.000 0.197 0.969
915.000 0.109 0.866
916.000 0.065 0.732
917.000 0.043 0.594
918.000 0.062 0.438
919.000 0.120 0.312
920.000 0.211 0.229
921.000 0.243 0.139
922.000 0.248 0.021
923.000 0.142 0.017
924.000 0.047 0.032
925.000 0.024 0.111
926.000 0.047 0.167
927.000 0.153 0.196
928.000 0.240 0.188
929.000 0.295 0.177
930.000 0.330 0.218
931.000 0.362 0.254
932.000 0.396 0.258
933.000 0.425 0.246
934.000 0.435 0.187
935.000 0.370 0.211
936.000 0.332 0.245
937.000 0.297 0.288
938.000 0.270 0.273
939.000 0.230 0.256
940.000 0.234 0.213
941.000 0.242 0.181
942.000 0.281 0.181
943.000 0.309 0.194
944.000 0.323 0.196
945.000 0.335 0.222
946.000 0.357 0.228
947.000 0.309 0.265
948.000 0.312 0.299
949.000 0.297 0.310
950.000 0.273 0.293
951.000 0.248 0.254
952.000 0.231 0.201
953.000 0.255 0.186
954.000 0.295 0.196
955.000 0.319 0.218
956.000 0.364 0.269
957.000 0.437 0.227
958.000 0.382 0.213
959.000 0.323 0.220
960.000 0.282 0.220
961.000 0.239 0.224
962.000 0.221 0.269
963.000 0.270 0.290
964.000 0.303 0.290
965.000 0.322 0.275
966.000 0.303 0.252
967.000 0.288 0.222
968.000 0.264 0.203
969.000 0.320 0.209
970.000 0.356 0.260
971.000 0.352 0.325
972.000 0.390 0.344
973.000 0.440 0.407
974.000 0.560 0.403
975.000 0.630 0.347
976.000 0.541 0.296
977.000 0.357 0.261
978.000 0.231 0.284
979.000 0.160 0.299
980.000 0.105 0.369
981.000 0.035 0.486
982.000 0.037 0.660
983.000 0.049 0.823
984.000 0.100 0.977
985.000 0.088 1.098
986.000 0.076 1.162
987.000 0.225 1.181
988.000 0.347 1.191
989.000 0.488 1.178
990.000 0.618 1.140
991.000 0.757 1.115
992.000 0.878 1.033
993.000 0.897 0.942
994.000 0.847 0.903
995.000 0.853 0.860
996.000 0.953 0.867
997.000 0.993 0.829
998.000 1.045 0.733
999.000 1.167 0.758
1000.000 1.200 0.828
1001.000 1.200 0.932
1002.000 1.195 0.993
1003.000 1.191 1.055
1004.000 1.164 1.070
1005.000 1.154 0.983
1006.000 1.074 0.938
1007.000 0.993 0.940
1008.000 0.952 0.976
1009.000 0.933 1.018
1010.000 0.903 1.001
1011.000 0.881 0.952
1012.000 0.876 0.925
1013.000 0.864 0.908
1014.000 0.853 0.944
1015.000 0.915 1.003
1016.000 0.956 0.995
1017.000 0.970 0.963
1018.000 0.931 0.955
1019.000 0.886 0.954
1020.000 0.920 0.886
1021.000 0.985 0.893
1022.000 1.047 0.849
1023.000 1.113 0.742
1024.000 1.174 0.630
1025.000 1.155 0.481
1026.000 1.112 0.342
1027.000 1.116 0.203
1028.000 0.979 0.141
1029.000 0.861 0.185
1030.000 0.777 0.268
1031.000 0.922 0.380
1032.000 1.113 0.329
1033.000 1.200 0.359
1034.000 1.195 0.474
1035.000 1.181 0.555
1036.000 1.200 0.639
1037.000 1.192 0.733
1038.000 1.200 0.832
1039.000 1.198 0.926
1040.000 1.199 1.013
1041.000 1.188 1.086
1042.000 1.171 1.155
1043.000 1.183 1.198
1044.000 1.178 1.169
1045.000 1.177 1.159
1046.000 1.178 1.145
1047.000 1.174 1.123
1048.000 1.183 1.143
1049.000 1.165 1.190
1050.000 1.126 1.185
1051.000 1.076 1.180
1052.000 1.017 1.193
1053.000 0.957 1.152
1054.000 0.933 1.080
1055.000 0.933 1.008
1056.000 0.911 0.954
1057.000 0.853 0.969
1058.000 0.867 1.001
1059.000 0.893 1.006
1060.000 0.927 0.984
1061.000 0.948 0.969
1062.000 0.995 0.982
1063.000 0.977 1.008
1064.000 0.919 1.006
1065.000 0.882 1.008
1066.000 0.856 0.986
1067.000 0.821 0.963
1068.000 0.834 0.986
1069.000 0.894 1.006
1070.000 0.933 0.976
1071.000 0.944 0.927
1072.000 0.944 0.903
1073.000 0.906 0.882
1074.000 0.857 0.924
1075.000 0.859 0.959
1076.000 0.899 1.001
1077.000 0.936 0.997
1078.000 0.974 0.986
1079.000 0.972 0.927
1080.000 0.999 0.910
1081.000 1.007 0.895
1082.000 1.023 0.888
1083.000 0.964 0.908
1084.000 0.926 0.939
1085.000 0.951 0.997
1086.000 0.995 0.976
1087.000 1.012 0.933
1088.000 0.964 0.892
1089.000 0.949 0.831
1090.000 0.912 0.852
1091.000 0.895 0.920
1092.000 0.935 1.004
1093.000 1.046 0.992
1094.000 1.120 1.059
1095.000 1.154 1.130
1096.000 1.151 1.196
1097.000 1.084 1.188
1098.000 1.041 1.186
1099.000 0.980 1.172
1100.000 0.959 1.090
1101.000 0.933 1.008
1102.000 0.869 1.008
1103.000 0.851 0.959
1104.000 0.856 0.927
1105.000 0.867 0.890
1106.000 0.890 0.861
1107.000 0.944 0.852
1108.000 0.926 0.826
1109.000 0.885 0.875
1110.000 0.864 0.920
1111.000 0.894 0.965
1112.000 0.928 0.997
1113.000 0.944 0.954
1114.000 0.966 0.922
1115.000 0.954 0.895
1116.000 0.945 0.890
1117.000 0.920 0.899
1118.000 0.888 0.893
1119.000 0.897 0.869
1120.000 0.935 0.845
1121.000 0.964 0.861
1122.000 0.990 0.907
1123.000 1.000 0.948
1124.000 0.973 0.987
1125.000 0.909 0.991
1126.000 0.864 0.987
1127.000 0.844 0.955
1128.000 0.880 0.871
1129.000 0.907 0.802
1130.000 0.840 0.752
1131.000 0.733 0.792
1132.000 0.578 0.789
1133.000 0.403 0.781
1134.000 0.302 0.652
1135.000 0.262 0.487
1136.000 0.249 0.339
1137.000 0.196 0.267
1138.000 0.186 0.186
1139.000 0.213 0.126
1140.000 0.121 0.061
1141.000 0.028 0.043
1142.000 0.055 0.012
1143.000 0.106 0.015
1144.000 0.120 0.034
1145.000 0.106 0.103
1146.000 0.189 0.199
1147.000 0.276 0.173
1148.000 0.345 0.171
1149.000 0.374 0.137
1150.000 0.458 0.100
1151.000 0.563 0.111
1152.000 0.471 0.221
1153.000 0.341 0.278
1154.000 0.261 0.329
1155.000 0.184 0.305
1156.000 0.119 0.369
1157.000 0.026 0.481
1158.000 0.010 0.555
1159.000 0.007 0.671
1160.000 0.019 0.792
1161.000 0.006 0.904
1162.000 0.014 1.029
1163.000 0.018 1.134
1164.000 0.032 1.187
1165.000 0.125 1.178
1166.000 0.267 1.184
1167.000 0.420 1.189
1168.000 0.580 1.195
1169.000 0.742 1.186
1170.000 0.884 1.186
1171.000 0.997 1.195
1172.000 1.101 1.198
1173.000 1.180 1.198
1174.000 1.185 1.075
1175.000 1.181 0.963
1176.000 1.200 0.826
1177.000 1.187 0.686
1178.000 1.198 0.545
1179.000 1.199 0.414
1180.000 1.187 0.303
1181.000 1.200 0.196
1182.000 1.200 0.081
1183.000 1.164 0.005
1184.000 1.019 0.005
1185.000 0.952 0.016
1186.000 0.892 0.060
1187.000 0.800 0.047
1188.000 0.676 0.052
1189.000 0.690 0.024
1190.000 0.795 0.013
1191.000 0.889 0.014
1192.000 0.974 0.010
1193.000 1.035 0.009
1194.000 1.107 0.003
1195.000 1.183 0.016
1196.000 1.195 0.075
1197.000 1.195 0.129
1198.000 1.193 0.180
1199.000 1.184 0.228
1200.000 1.173 0.299
1201.000 1.164 0.367
1202.000 1.187 0.430
1203.000 1.195 0.513
1204.000 1.182 0.602
1205.000 1.187 0.685
1206.000 1.134 0.772
1207.000 1.054 0.841
1208.000 1.000 0.920
1209.000 1.039 0.974
1210.000 1.072 0.987
1211.000 1.145 1.031
1212.000 1.160 1.100
1213.000 1.124 1.174
1214.000 1.063 1.189
1215.000 1.016 1.174
1216.000 0.997 1.167
1217.000 0.950 1.168
1218.000 0.929 1.109
1219.000 0.928 1.038
1220.000 0.909 0.984
1221.000 0.867 0.965
1222.000 0.867 0.984
1223.000 0.914 0.971
1224.000 0.944 0.925
1225.000 0.952 0.905
1226.000 0.960 0.876
1227.000 0.930 0.897
1228.000 0.899 0.918
1229.000 0.903 0.948
1230.000 0.923 0.957
1231.000 0.964 0.931
1232.000 0.958 0.914
1233.000 0.964 0.903
1234.000 0.947 0.907
1235.000 0.924 0.933
1236.000 0.926 0.972
1237.000 0.961 0.974
1238.000 0.973 0.965
1239.000 0.986 0.950
1240.000 0.981 0.929
1241.000 0.969 0.914
1242.000 0.933 0.897
1243.000 0.915 0.905
1244.000 0.903 0.948
1245.000 0.933 0.969
1246.000 0.956 0.950
1247.000 0.975 0.940
1248.000 0.983 0.916
1249.000 0.964 0.901
1250.000 0.944 0.895
1251.000 0.927 0.892
1252.000 0.931 0.871
1253.000 0.962 0.863
1254.000 0.990 0.901
1255.000 0.993 0.939
1256.000 0.987 0.980
1257.000 0.962 0.989
1258.000 0.926 0.986
1259.000 0.885 0.984
1260.000 0.872 0.942
1261.000 0.890 0.899
1262.000 0.918 0.884
1263.000 0.961 0.876
1264.000 0.998 0.914
1265.000 0.998 0.954
1266.000 0.977 0.986
1267.000 0.937 0.982
1268.000 0.895 0.991
1269.000 0.882 1.033
1270.000 0.900 1.058
1271.000 0.960 1.008
1272.000 1.019 0.989
1273.000 1.055 0.963
1274.000 1.040 0.886
1275.000 1.012 0.841
1276.000 1.008 0.773
1277.000 0.921 0.765
1278.000 0.912 0.884
1279.000 0.968 1.021
1280.000 1.034 1.083
1281.000 1.072 1.090
1282.000 1.118 1.153
1283.000 1.079 1.169
1284.000 0.994 1.093
1285.000 0.943 1.010
1286.000 0.876 0.999
1287.000 0.834 0.963
1288.000 0.857 0.888
1289.000 0.909 0.846
1290.000 0.937 0.798
1291.000 0.967 0.738
1292.000 0.920 0.661
1293.000 0.841 0.568
1294.000 0.777 0.472
1295.000 0.741 0.415
1296.000 0.745 0.420
1297.000 0.682 0.400
1298.000 0.558 0.340
1299.000 0.381 0.286
1300.000 0.253 0.312
1301.000 0.175 0.324
1302.000 0.045 0.309
1303.000 0.010 0.228
1304.000 0.008 0.121
1305.000 0.024 0.026
1306.000 0.081 0.017
1307.000 0.103 0.022
1308.000 0.135 0.040
1309.000 0.192 0.074
1310.000 0.240 0.152
1311.000 0.281 0.177
1312.000 0.302 0.164
1313.000 0.357 0.167
1314.000 0.318 0.192
1315.000 0.309 0.162
1316.000 0.294 0.175
1317.000 0.248 0.154
1318.000 0.197 0.060
1319.000 0.087 0.037
1320.000 0.011 0.081
1321.000 0.017 0.188
1322.000 0.012 0.285
1323.000 0.015 0.384
1324.000 0.063 0.476
1325.000 0.139 0.537
1326.000 0.204 0.472
1327.000 0.220 0.389
1328.000 0.230 0.310
1329.000 0.215 0.263
1330.000 0.230 0.224
1331.000 0.289 0.233
1332.000 0.307 0.327
1333.000 0.207 0.370
1334.000 0.127 0.461
1335.000 0.029 0.556
1336.000 0.025 0.685
1337.000 0.038 0.833
1338.000 0.050 0.986
1339.000 0.029 1.102
1340.000 0.075 1.176
1341.000 0.187 1.175
1342.000 0.314 1.182
1343.000 0.355 1.134
1344.000 0.438 1.118
1345.000 0.591 1.122
1346.000 0.766 1.106
1347.000 0.885 1.038
1348.000 0.947 0.980
1349.000 1.047 1.028
1350.000 1.117 1.109
1351.000 1.186 1.057
1352.000 1.186 0.922
1353.000 1.192 0.769
1354.000 1.184 0.596
1355.000 1.200 0.432
1356.000 1.191 0.268
1357.000 1.200 0.124
1358.000 1.180 0.014
1359.000 1.056 0.006
1360.000 0.918 0.013
1361.000 0.741 0.022
1362.000 0.576 0.046
1363.000 0.417 0.062
1364.000 0.297 0.145
1365.000 0.207 0.201
1366.000 0.151 0.272
1367.000 0.020 0.313
1368.000 0.013 0.434
1369.000 0.020 0.593
1370.000 0.035 0.771
1371.000 0.099 0.934
1372.000 0.149 1.090
1373.000 0.241 1.181
1374.000 0.417 1.179
1375.000 0.585 1.170
1376.000 0.759 1.149
1377.000 0.877 1.064
1378.000 0.930 0.971
1379.000 0.916 0.878
1380.000 0.951 0.822
1381.000 1.052 0.850
1382.000 1.184 0.831
1383.000 1.197 0.707
1384.000 1.175 0.548
1385.000 1.186 0.401
1386.000 1.160 0.245
1387.000 1.085 0.091
1388.000 0.934 0.017
1389.000 0.777 0.028
1390.000 0.588 0.061
1391.000 0.419 0.105
1392.000 0.267 0.145
1393.000 0.143 0.097
1394.000 0.034 0.062
1395.000 0.003 0.223
1396.000 0.013 0.376
1397.000 0.027 0.543
1398.000 0.051 0.721
1399.000 0.054 0.889
1400.000 0.053 1.043
1401.000 0.069 1.166
1402.000 0.233 1.189
1403.000 0.401 1.181
1404.000 0.578 1.166
1405.000 0.743 1.141
1406.000 0.794 1.084
1407.000 0.927 1.004
1408.000 1.068 1.030
1409.000 1.200 0.971
1410.000 1.198 0.814
1411.000 1.186 0.658
1412.000 1.186 0.500
1413.000 1.175 0.337
1414.000 1.171 0.180
1415.000 1.091 0.048
1416.000 0.929 0.016
1417.000 0.763 0.029
1418.000 0.596 0.042
1419.000 0.419 0.082
1420.000 0.281 0.114
1421.000 0.149 0.155
1422.000 0.013 0.217
1423.000 0.009 0.389
1424.000 0.020 0.559
1425.000 0.040 0.730
1426.000 0.073 0.884
1427.000 0.102 1.030
1428.000 0.187 1.152
1429.000 0.341 1.189
1430.000 0.500 1.185
1431.000 0.673 1.171
1432.000 0.818 1.136
1433.000 0.882 1.046
1434.000 0.920 0.978
1435.000 0.889 0.939
1436.000 0.870 0.893
1437.000 0.957 0.884
1438.000 1.006 0.916
1439.000 1.004 0.967
1440.000 1.021 1.014
1441.000 1.049 0.963
1442.000 0.990 0.908
1443.000 0.945 0.948
1444.000 0.901 0.967
1445.000 0.882 0.939
1446.000 0.924 0.882
1447.000 0.965 0.878
1448.000 1.003 0.914
1449.000 1.004 0.965
1450.000 0.952 0.987
1451.000 0.906 0.974
1452.000 0.894 0.937
1453.000 0.911 0.888
1454.000 0.923 0.888
1455.000 0.975 0.884
1456.000 1.008 0.918
1457.000 1.018 0.942
1458.000 0.983 0.980
1459.000 0.930 0.997
1460.000 0.902 0.980
1461.000 0.894 0.950
1462.000 0.897 0.910
1463.000 0.940 0.880
1464.000 0.974 0.882
1465.000 0.968 0.914
1466.000 1.018 0.954
1467.000 1.016 0.901
1468.000 0.986 0.876
1469.000 0.939 0.878
1470.000 0.905 0.927
1471.000 0.919 0.961
1472.000 0.945 0.976
1473.000 0.987 0.969
1474.000 1.004 0.924
1475.000 0.977 0.899
1476.000 0.937 0.876
1477.000 0.914 0.907
1478.000 0.922 0.948
1479.000 1.028 0.961
1480.000 1.107 0.891
1481.000 1.182 0.816
1482.000 1.190 0.652
1483.000 1.160 0.498
1484.000 1.134 0.339
1485.000 1.085 0.184
1486.000 0.996 0.093
1487.000 0.845 0.058
1488.000 0.667 0.068
1489.000 0.490 0.104
1490.000 0.358 0.175
1491.000 0.269 0.243
1492.000 0.219 0.167
1493.000 0.116 0.192
1494.000 0.005 0.312
1495.000 0.027 0.467
1496.000 0.042 0.645
1497.000 0.060 0.807
1498.000 0.087 0.966
1499.000 0.107 1.106
1500.000 0.238 1.189
1501.000 0.397 1.178
1502.000 0.570 1.156
1503.000 0.746 1.107
1504.000 0.834 1.046
1505.000 0.943 1.010
1506.000 1.090 1.019
1507.000 1.200 0.952
1508.000 1.190 0.818
1509.000 1.182 0.658
1510.000 1.181 0.480
1511.000 1.139 0.332
1512.000 1.101 0.174
1513.000 1.028 0.053
1514.000 0.866 0.025
1515.000 0.673 0.043
1516.000 0.507 0.097
1517.000 0.369 0.167
1518.000 0.223 0.160
1519.000 0.099 0.198
1520.000 0.015 0.331
1521.000 0.035 0.476
1522.000 0.063 0.552
1523.000 0.070 0.707
1524.000 0.061 0.847
1525.000 0.061 0.994
1526.000 0.109 1.128
1527.000 0.268 1.178
1528.000 0.421 1.167
1529.000 0.578 1.121
1530.000 0.705 1.113
1531.000 0.841 1.060
1532.000 0.996 1.046
1533.000 1.141 1.033
1534.000 1.200 0.971
1535.000 1.189 0.824
1536.000 1.194 0.667
1537.000 1.189 0.504
1538.000 1.199 0.349
1539.000 1.200 0.190
1540.000 1.179 0.050
1541.000 1.064 0.003
1542.000 0.918 0.021
1543.000 0.794 0.029
1544.000 0.637 0.015
1545.000 0.486 0.048
1546.000 0.370 0.112
1547.000 0.253 0.188
1548.000 0.149 0.221
1549.000 0.024 0.213
1550.000 0.010 0.214
1551.000 0.025 0.339
1552.000 0.042 0.473
1553.000 0.072 0.610
1554.000 0.102 0.761
1555.000 0.113 0.899
1556.000 0.125 1.057
1557.000 0.221 1.169
1558.000 0.360 1.200
1559.000 0.523 1.181
1560.000 0.681 1.167
1561.000 0.845 1.150
1562.000 0.954 1.065
1563.000 1.095 1.041
1564.000 1.197 0.977
1565.000 1.188 0.811
1566.000 1.185 0.637
1567.000 1.167 0.479
1568.000 1.140 0.316
1569.000 1.106 0.214
1570.000 1.009 0.142
1571.000 0.863 0.087
1572.000 0.675 0.070
1573.000 0.494 0.083
1574.000 0.373 0.147
1575.000 0.330 0.218
1576.000 0.339 0.263
1577.000 0.270 0.316
1578.000 0.228 0.292
1579.000 0.222 0.237
1580.000 0.239 0.196
1581.000 0.278 0.179
1582.000 0.312 0.205
1583.000 0.324 0.250
1584.000 0.315 0.269
1585.000 0.290 0.282
1586.000 0.278 0.310
1587.000 0.232 0.288
1588.000 0.225 0.254
1589.000 0.247 0.197
1590.000 0.276 0.175
1591.000 0.278 0.256
1592.000 0.196 0.267
1593.000 0.217 0.229
1594.000 0.247 0.213
1595.000 0.284 0.194
1596.000 0.315 0.222
1597.000 0.322 0.261
1598.000 0.284 0.288
1599.000 0.244 0.273
1600.000 0.232 0.233
1601.000 0.259 0.188
1602.000 0.309 0.269
1603.000 0.240 0.310
1604.000 0.214 0.263
1605.000 0.230 0.222
1606.000 0.251 0.213
1607.000 0.286 0.201
1608.000 0.285 0.179
1609.000 0.248 0.177
1610.000 0.231 0.239
1611.000 0.259 0.278
1612.000 0.232 0.292
1613.000 0.222 0.269
1614.000 0.221 0.237
1615.000 0.251 0.214
1616.000 0.269 0.192
1617.000 0.293 0.199
1618.000 0.311 0.216
1619.000 0.307 0.245
1620.000 0.290 0.265
1621.000 0.257 0.276
1622.000 0.231 0.269
1623.000 0.221 0.239
1624.000 0.235 0.205
1625.000 0.251 0.194
1626.000 0.269 0.182
1627.000 0.302 0.203
1628.000 0.314 0.218
1629.000 0.323 0.235
1630.000 0.307 0.263
1631.000 0.273 0.275
1632.000 0.238 0.260
1633.000 0.226 0.229
1634.000 0.234 0.171
1635.000 0.155 0.186
1636.000 0.175 0.248
1637.000 0.201 0.278
1638.000 0.239 0.288
1639.000 0.260 0.269
1640.000 0.269 0.252
1641.000 0.239 0.216
1642.000 0.219 0.231
1643.000 0.253 0.246
1644.000 0.257 0.280
1645.000 0.249 0.307
1646.000 0.225 0.299
1647.000 0.211 0.280
1648.000 0.215 0.246
1649.000 0.226 0.228
1650.000 0.251 0.207
1651.000 0.284 0.207
1652.000 0.316 0.226
1653.000 0.302 0.260
1654.000 0.255 0.280
1655.000 0.206 0.280
1656.000 0.169 0.286
1657.000 0.120 0.304
1658.000 0.091 0.396
1659.000 0.163 0.355
1660.000 0.218 0.293
1661.000 0.235 0.246
1662.000 0.242 0.209
1663.000 0.213 0.196
1664.000 0.194 0.241
1665.000 0.226 0.280
1666.000 0.249 0.303
1667.000 0.281 0.307
1668.000 0.309 0.239
1669.000 0.280 0.186
1670.000 0.192 0.196
1671.000 0.185 0.246
1672.000 0.117 0.268
1673.000 0.057 0.355
1674.000 0.128 0.397
1675.000 0.184 0.331
1676.000 0.217 0.299
1677.000 0.255 0.276
1678.000 0.307 0.235
1679.000 0.318 0.339
1680.000 0.306 0.416
1681.000 0.369 0.459
1682.000 0.352 0.506
1683.000 0.221 0.392
1684.000 0.189 0.288
1685.000 0.101 0.333
1686.000 0.012 0.432
1687.000 0.023 0.565
1688.000 0.036 0.728
1689.000 0.025 0.885
1690.000 0.013 1.024
1691.000 0.031 1.151
1692.000 0.023 1.163
1693.000 0.114 1.181
1694.000 0.243 1.190
1695.000 0.358 1.194
1696.000 0.484 1.200
1697.000 0.623 1.193
1698.000 0.768 1.196
1699.000 0.931 1.181
1700.000 1.053 1.191
1701.000 1.165 1.183
1702.000 1.193 1.071
1703.000 1.186 0.930
1704.000 1.199 0.767
1705.000 1.200 0.592
1706.000 1.200 0.427
1707.000 1.200 0.276
1708.000 1.196 0.113
1709.000 1.150 0.002
1710.000 0.991 0.006
1711.000 0.847 0.008
1712.000 0.686 0.010
1713.000 0.516 0.025
1714.000 0.394 0.054
1715.000 0.352 0.149
1716.000 0.400 0.145
1717.000 0.389 0.215
1718.000 0.333 0.278
1719.000 0.327 0.331
1720.000 0.330 0.390
1721.000 0.261 0.394
1722.000 0.200 0.327
1723.000 0.186 0.224
1724.000 0.222 0.186
1725.000 0.284 0.179
1726.000 0.314 0.199
1727.000 0.326 0.237
1728.000 0.295 0.280
1729.000 0.264 0.299
1730.000 0.235 0.290
1731.000 0.215 0.260
1732.000 0.213 0.224
1733.000 0.218 0.211
1734.000 0.243 0.199
1735.000 0.285 0.184
1736.000 0.291 0.209
1737.000 0.285 0.239
1738.000 0.297 0.250
1739.000 0.323 0.273
1740.000 0.326 0.261
1741.000 0.281 0.216
1742.000 0.234 0.222
1743.000 0.219 0.260
1744.000 0.243 0.284
1745.000 0.261 0.293
1746.000 0.277 0.303
1747.000 0.289 0.327
1748.000 0.242 0.322
1749.000 0.205 0.258
1750.000 0.172 0.241
1751.000 0.209 0.194
1752.000 0.272 0.182
1753.000 0.280 0.160
1754.000 0.333 0.171
1755.000 0.341 0.152
1756.000 0.282 0.175
1757.000 0.238 0.229
1758.000 0.256 0.275
1759.000 0.253 0.305
1760.000 0.273 0.303
1761.000 0.303 0.265
1762.000 0.293 0.207
1763.000 0.207 0.179
1764.000 0.156 0.218
1765.000 0.137 0.311
1766.000 0.058 0.377
1767.000 0.005 0.510
1768.000 0.032 0.667
1769.000 0.042 0.818
1770.000 0.037 0.961
1771.000 0.018 1.078
1772.000 0.089 1.180
1773.000 0.221 1.181
1774.000 0.329 1.145
1775.000 0.496 1.148
1776.000 0.668 1.145
1777.000 0.824 1.119
1778.000 0.882 1.018
1779.000 0.922 0.971
1780.000 1.020 0.986
1781.000 1.129 1.001
1782.000 1.199 1.045
1783.000 1.190 0.921
1784.000 1.111 0.903
1785.000 1.004 0.924
1786.000 0.957 0.869
1787.000 0.990 0.742
1788.000 1.069 0.663
1789.000 1.141 0.550
1790.000 1.138 0.386
1791.000 1.111 0.215
1792.000 1.107 0.076
1793.000 1.035 0.009
1794.000 0.866 0.024
1795.000 0.673 0.057
1796.000 0.490 0.108
1797.000 0.374 0.169
1798.000 0.295 0.222
1799.000 0.307 0.312
1800.000 0.294 0.342
1801.000 0.236 0.318
1802.000 0.196 0.288
1803.000 0.192 0.261
1804.000 0.202 0.211
1805.000 0.244 0.205
1806.000 0.318 0.186
1807.000 0.378 0.158
1808.000 0.375 0.213
1809.000 0.335 0.282
1810.000 0.268 0.305
1811.000 0.219 0.299
1812.000 0.190 0.276
1813.000 0.169 0.239
1814.000 0.137 0.258
1815.000 0.148 0.330
1816.000 0.209 0.316
1817.000 0.226 0.260
1818.000 0.223 0.229
1819.000 0.243 0.209
1820.000 0.272 0.201
1821.000 0.289 0.197
1822.000 0.314 0.203
1823.000 0.343 0.250
1824.000 0.323 0.288
1825.000 0.256 0.265
1826.000 0.192 0.261
1827.000 0.153 0.274
1828.000 0.090 0.312
1829.000 0.077 0.403
1830.000 0.142 0.488
1831.000 0.192 0.451
1832.000 0.215 0.382
1833.000 0.235 0.322
1834.000 0.215 0.263
1835.000 0.207 0.222
1836.000 0.222 0.194
1837.000 0.248 0.182
1838.000 0.293 0.179
1839.000 0.320 0.182
1840.000 0.365 0.156
1841.000 0.316 0.152
1842.000 0.267 0.199
1843.000 0.240 0.231
1844.000 0.230 0.267
1845.000 0.244 0.288
1846.000 0.272 0.305
1847.000 0.285 0.305
1848.000 0.310 0.282
1849.000 0.318 0.258
1850.000 0.343 0.263
1851.000 0.360 0.308
1852.000 0.263 0.325
1853.000 0.189 0.297
1854.000 0.133 0.301
1855.000 0.062 0.349
1856.000 0.022 0.480
1857.000 0.058 0.608
1858.000 0.095 0.737
1859.000 0.077 0.869
1860.000 0.072 0.997
1861.000 0.026 1.082
1862.000 0.088 1.173
1863.000 0.173 1.130
1864.000 0.252 1.088
1865.000 0.381 1.114
1866.000 0.526 1.135
1867.000 0.688 1.126
1868.000 0.799 1.090
1869.000 0.884 0.999
1870.000 0.924 0.946
1871.000 0.884 0.871
1872.000 0.948 0.841
1873.000 1.018 0.880
1874.000 1.029 0.946
1875.000 1.075 1.023
1876.000 1.156 1.066
1877.000 1.173 1.137
1878.000 1.149 1.189
1879.000 1.083 1.190
1880.000 1.048 1.158
1881.000 1.009 1.107
1882.000 0.971 1.057
1883.000 0.919 1.008
1884.000 0.857 1.019
1885.000 0.852 0.969
1886.000 0.882 0.905
1887.000 0.930 0.890
1888.000 0.994 0.912
1889.000 0.999 0.976
1890.000 0.972 1.016
1891.000 0.937 1.021
1892.000 0.890 0.993
1893.000 0.881 0.940
1894.000 0.899 0.899
1895.000 0.930 0.886
1896.000 0.964 0.886
1897.000 0.986 0.899
1898.000 1.010 0.916
1899.000 1.011 0.940
1900.000 0.991 0.972
1901.000 0.965 0.982
1902.000 0.948 1.006
1903.000 0.969 1.003
1904.000 0.986 0.972
1905.000 0.991 0.931
1906.000 0.990 0.933
1907.000 0.987 0.935
1908.000 0.989 0.925
1909.000 0.990 0.939
1910.000 0.994 0.937
1911.000 0.995 0.935
1912.000 0.990 0.931
1913.000 0.991 0.931
1914.000 0.990 0.933
1915.000 0.990 0.933
1916.000 0.990 0.933
1917.000 0.990 0.935
1918.000 0.991 0.935
1919.000 0.991 0.935
1920.000 0.991 0.935
1921.000 0.991 0.935
1922.000 0.991 0.935
1923.000 0.991 0.935
1924.000 0.991 0.935
1925.000 0.991 0.935
1926.000 0.993 0.935
1927.000 0.990 0.937
1928.000 0.990 0.937
1929.000 0.993 0.937
1930.000 0.989 0.937
1931.000 0.994 0.937
1932.000 0.994 0.937
1933.000 0.993 0.937
1934.000 0.990 0.933
1935.000 0.991 0.933
1936.000 0.991 0.933
1937.000 0.991 0.933
1938.000 0.991 0.933
1939.000 0.991 0.933
1940.000 0.991 0.933
1941.000 0.991 0.933
1942.000 0.991 0.933
1943.000 0.991 0.933
1944.000 0.990 0.933
1945.000 0.990 0.935
1946.000 0.990 0.935
1947.000 0.990 0.935
1948.000 0.990 0.935
1949.000 0.990 0.935
1950.000 0.993 0.935
1951.000 0.990 0.935
1952.000 0.989 0.931
1953.000 0.990 0.931
1954.000 0.990 0.931
1955.000 0.990 0.935
1956.000 0.990 0.935
1957.000 0.990 0.937
1958.000 0.990 0.937
1959.000 0.990 0.937
1960.000 0.990 0.937
1961.000 0.990 0.937
1962.000 0.990 0.937
1963.000 0.990 0.937
1964.000 0.990 0.937
1965.000 0.994 0.939
1966.000 0.993 0.939
1967.000 0.993 0.933
1968.000 0.990 0.931
1969.000 0.996 0.935
1970.000 0.990 0.935
1971.000 0.990 0.935
1972.000 0.987 0.940
1973.000 0.989 0.942
1974.000 0.991 0.939
1975.000 0.985 0.942
1976.000 0.987 0.933
1977.000 0.989 0.940
1978.000 0.987 0.937
1979.000 0.994 0.939
1980.000 0.989 0.929
1981.000 0.990 0.939
1982.000 0.994 0.940
1983.000 0.991 0.937
1984.000 0.993 0.939
1985.000 0.991 0.937
1986.000 0.991 0.937
1987.000 0.991 0.937
1988.000 0.991 0.937
1989.000 0.991 0.933
1990.000 0.991 0.935
1991.000 0.993 0.933
1992.000 0.993 0.933
1993.000 0.993 0.933
1994.000 0.993 0.933
1995.000 0.993 0.933
1996.000 0.993 0.933
1997.000 0.993 0.933
1998.000 0.993 0.933
1999.000 0.993 0.933
2000.000 0.993 0.933
2001.000 0.993 0.933
2002.000 0.993 0.933
2003.000 0.991 0.935
2004.000 0.993 0.933
2005.000 0.993 0.933
2006.000 0.993 0.933
2007.000 0.993 0.933
2008.000 0.993 0.933
2009.000 0.993 0.933
2010.000 0.993 0.933
2011.000 0.993 0.933
2012.000 0.993 0.933
2013.000 0.993 0.933
2014.000 0.993 0.933
2015.000 0.993 0.933
2016.000 0.993 0.933
2017.000 0.993 0.933
2018.000 0.993 0.933
2019.000 0.993 0.933
2020.000 0.993 0.933
2021.000 0.993 0.933
2022.000 0.993 0.933
2023.000 0.993 0.933
2024.000 0.993 0.933
2025.000 0.982 0.933
2026.000 0.970 0.931
2027.000 0.954 0.935
2028.000 0.951 0.946
2029.000 0.936 0.961
2030.000 0.909 0.948
2031.000 0.936 0.922
2032.000 0.974 0.942
2033.000 0.962 0.967
2034.000 0.932 0.971
2035.000 0.911 0.952
2036.000 0.916 0.935
2037.000 0.919 0.924
2038.000 0.944 0.925
2039.000 0.983 0.912
2040.000 0.995 0.939
2041.000 0.970 0.971
2042.000 0.968 0.991
2043.000 0.985 0.997
2044.000 0.995 0.971
2045.000 0.996 0.940
2046.000 0.986 0.920
2047.000 0.952 0.935
2048.000 0.928 0.969
2049.000 0.928 0.991
2050.000 0.923 0.986
2051.000 0.909 0.986
2052.000 0.895 0.969
2053.000 0.909 0.952
2054.000 0.949 0.933
2055.000 0.986 0.925
2056.000 0.994 0.940
2057.000 0.991 0.961
2058.000 0.964 0.967
2059.000 0.941 0.986
2060.000 0.931 1.006
2061.000 0.940 1.010
2062.000 0.969 1.001
2063.000 0.983 0.978
2064.000 0.998 0.967
2065.000 1.011 0.924
2066.000 1.015 0.884
2067.000 1.033 0.924
2068.000 1.004 0.974
2069.000 0.969 0.991
2070.000 0.939 0.987
2071.000 0.909 0.984
2072.000 0.909 0.961
2073.000 0.903 0.959
2074.000 0.884 0.965
2075.000 0.893 0.972
2076.000 0.907 0.991
2077.000 0.936 0.995
2078.000 0.962 0.982
2079.000 0.973 0.974
2080.000 0.995 0.978
2081.000 0.995 0.955
2082.000 0.982 0.927
2083.000 0.952 0.920
2084.000 0.912 0.948
2085.000 0.910 0.982
2086.000 0.930 0.999
2087.000 0.954 1.010
2088.000 0.968 1.004
2089.000 0.986 1.025
2090.000 0.949 1.031
2091.000 0.930 0.993
2092.000 0.919 0.950
2093.000 0.878 0.950
2094.000 0.907 0.989
2095.000 0.860 1.023
2096.000 0.859 0.963
2097.000 0.884 0.912
2098.000 0.909 0.888
2099.000 0.954 0.895
2100.000 0.994 0.905
2101.000 0.983 0.880
2102.000 0.995 0.856
2103.000 1.015 0.867
2104.000 0.981 0.918
2105.000 0.987 0.955
2106.000 0.970 0.987
2107.000 0.944 0.993
2108.000 0.926 0.999
2109.000 0.909 0.980
2110.000 0.897 0.952
2111.000 0.901 0.942
2112.000 0.912 0.920
2113.000 0.936 0.886
2114.000 0.977 0.888
2115.000 0.998 0.910
2116.000 1.003 0.914
2117.000 1.008 0.950
2118.000 1.036 0.935
2119.000 1.019 0.908
2120.000 0.986 0.863
2121.000 0.970 0.848
2122.000 0.932 0.873
2123.000 0.931 0.910
2124.000 0.948 0.955
2125.000 0.981 0.997
2126.000 0.939 1.018
2127.000 0.895 1.004
2128.000 0.885 0.976
2129.000 0.889 0.935
2130.000 0.910 0.903
2131.000 0.931 0.894
2132.000 0.963 0.885
2133.000 0.992 0.906
2134.000 1.013 0.921
2135.000 1.019 0.923
2136.000 0.997 0.960
2137.000 0.971 0.979
2138.000 0.949 0.986
2139.000 0.931 0.971
2140.000 0.925 0.977
2141.000 0.901 0.977
2142.000 0.898 0.973
2143.000 0.893 0.973
2144.000 0.898 0.971
2145.000 0.893 0.975
2146.000 0.896 0.975
2147.000 0.896 0.975
2148.000 0.896 0.975
2149.000 0.896 0.975
2150.000 0.896 0.975
2151.000 0.896 0.975
2152.000 0.896 0.975
2153.000 0.896 0.975
2154.000 0.896 0.975
2155.000 0.896 0.975
2156.000 0.896 0.975
2157.000 0.896 0.975
2158.000 0.896 0.975
2159.000 0.896 0.975
2160.000 0.896 0.975
2161.000 0.894 0.972
2162.000 0.894 0.972
2163.000 0.894 0.972
2164.000 0.894 0.972
2165.000 0.894 0.972
2166.000 0.894 0.972
2167.000 0.894 0.972
2168.000 0.894 0.972
2169.000 0.894 0.972
2170.000 0.894 0.972
2171.000 0.895 0.972
2172.000 0.895 0.972
2173.000 0.895 0.972
2174.000 0.895 0.972
2175.000 0.897 0.974
2176.000 0.897 0.974
2177.000 0.897 0.974
2178.000 0.897 0.974
2179.000 0.897 0.974
2180.000 0.897 0.974
2181.000 0.897 0.974
2182.000 0.897 0.974
2183.000 0.897 0.974
2184.000 0.897 0.976
2185.000 0.897 0.976
2186.000 0.897 0.976
2187.000 0.897 0.976
2188.000 0.897 0.976
2189.000 0.897 0.976
2190.000 0.897 0.976
2191.000 0.897 0.976
2192.000 0.897 0.976
2193.000 0.898 0.974
2194.000 0.898 0.974
2195.000 0.898 0.974
2196.000 0.898 0.974
2197.000 0.899 0.974
2198.000 0.901 0.974
2199.000 0.898 0.969
2200.000 0.890 0.972
2201.000 0.893 0.971
2202.000 0.893 0.971
2203.000 0.893 0.971
2204.000 0.893 0.971
2205.000 0.893 0.971
2206.000 0.893 0.971
2207.000 0.895 0.974
2208.000 0.893 0.974
2209.000 0.893 0.974
2210.000 0.893 0.974
2211.000 0.893 0.974
2212.000 0.893 0.974
2213.000 0.893 0.974
2214.000 0.893 0.974
2215.000 0.893 0.974
2216.000 0.893 0.974
2217.000 0.893 0.974
2218.000 0.893 0.974
2219.000 0.893 0.974
2220.000 0.893 0.974
2221.000 0.893 0.974
2222.000 0.893 0.974
2223.000 0.893 0.974
2224.000 0.893 0.974
2225.000 0.893 0.974
2226.000 0.895 0.974
2227.000 0.895 0.974
2228.000 0.895 0.974
2229.000 0.895 0.974
2230.000 0.895 0.974
2231.000 0.895 0.974
2232.000 0.895 0.974
2233.000 0.895 0.974
2234.000 0.895 0.974
2235.000 0.895 0.974
2236.000 0.895 0.974
2237.000 0.895 0.974
2238.000 0.895 0.974
2239.000 0.895 0.974
2240.000 0.895 0.974
2241.000 0.895 0.974
2242.000 0.895 0.974
2243.000 0.895 0.974
2244.000 0.895 0.974
2245.000 0.895 0.974
2246.000 0.895 0.974
2247.000 0.895 0.974
2248.000 0.895 0.974
2249.000 0.895 0.974
2250.000 0.895 0.974
2251.000 0.895 0.974
2252.000 0.895 0.974
2253.000 0.895 0.974
2254.000 0.895 0.974
2255.000 0.895 0.974
2256.000 0.911 0.955
2257.000 0.923 0.933
2258.000 0.953 0.895
2259.000 0.990 0.893
2260.000 0.987 0.940
2261.000 0.964 1.001
2262.000 0.915 0.999
2263.000 0.889 0.955
2264.000 0.901 0.922
2265.000 0.922 0.899
2266.000 0.961 0.905
2267.000 0.985 0.940
2268.000 0.991 0.997
2269.000 0.973 1.019
2270.000 0.924 1.003
2271.000 0.915 0.963
2272.000 0.893 0.937
2273.000 0.869 0.946
2274.000 0.899 0.980
2275.000 0.953 0.993
2276.000 0.983 0.967
2277.000 0.991 0.935
2278.000 0.995 0.916
2279.000 0.977 0.899
2280.000 0.953 0.895
2281.000 0.935 0.901
2282.000 0.916 0.931
2283.000 0.920 0.955
2284.000 0.928 0.980
2285.000 0.939 0.980
2286.000 0.956 0.980
2287.000 0.978 0.971
2288.000 0.982 0.957
2289.000 0.987 0.967
2290.000 0.985 0.978
2291.000 0.953 0.984
2292.000 0.940 0.991
2293.000 0.926 0.995
2294.000 0.912 0.993
2295.000 0.889 0.986
2296.000 0.878 0.965
2297.000 0.886 0.933
2298.000 0.899 0.918
2299.000 0.916 0.907
2300.000 0.931 0.897
2301.000 0.956 0.890
2302.000 0.987 0.880
2303.000 0.991 0.886
2304.000 1.011 0.908
2305.000 1.012 0.924
2306.000 1.002 0.944
2307.000 0.973 0.971
2308.000 0.965 0.984
2309.000 0.974 1.001
2310.000 0.996 0.978
2311.000 1.007 0.944
2312.000 1.011 0.901
2313.000 0.987 0.875
2314.000 0.958 0.858
2315.000 0.915 0.865
2316.000 0.856 0.893
2317.000 0.795 0.866
2318.000 0.744 0.809
2319.000 0.797 0.829
2320.000 0.919 0.927
2321.000 0.958 1.034
2322.000 0.986 1.102
2323.000 1.054 1.181
2324.000 1.129 1.196
2325.000 1.185 1.149
2326.000 1.180 1.080
2327.000 1.188 1.005
2328.000 1.200 0.888
2329.000 1.200 0.754
2330.000 1.200 0.592
2331.000 1.197 0.455
2332.000 1.200 0.322
2333.000 1.200 0.162
2334.000 1.200 0.043
2335.000 1.125 0.003
2336.000 1.009 0.016
2337.000 0.863 0.030
2338.000 0.676 0.047
2339.000 0.503 0.056
2340.000 0.374 0.076
2341.000 0.297 0.173
2342.000 0.303 0.226
2343.000 0.341 0.243
2344.000 0.361 0.276
2345.000 0.336 0.314
2346.000 0.257 0.318
2347.000 0.214 0.239
2348.000 0.234 0.184
2349.000 0.281 0.137
2350.000 0.337 0.175
2351.000 0.327 0.271
2352.000 0.255 0.318
2353.000 0.175 0.273
2354.000 0.114 0.274
2355.000 0.036 0.346
2356.000 0.015 0.485
2357.000 0.041 0.631
2358.000 0.081 0.775
2359.000 0.140 0.918
2360.000 0.184 1.041
2361.000 0.238 1.160
2362.000 0.188 1.190
2363.000 0.108 1.189
2364.000 0.040 1.181
2365.000 0.018 1.140
2366.000 0.012 1.098
2367.000 0.013 1.029
2368.000 0.003 0.952
2369.000 0.011 0.873
2370.000 0.008 0.784
2371.000 0.010 0.685
2372.000 0.008 0.650
2373.000 0.007 0.567
2374.000 0.016 0.492
2375.000 0.035 0.405
2376.000 0.015 0.335
2377.000 0.025 0.266
2378.000 0.030 0.185
2379.000 0.038 0.080
2380.000 0.070 0.027
2381.000 0.118 0.053
2382.000 0.182 0.088
2383.000 0.242 0.149
2384.000 0.291 0.164
2385.000 0.343 0.088
2386.000 0.329 0.004
2387.000 0.223 0.007
2388.000 0.119 0.027
2389.000 0.048 0.024
2390.000 0.079 0.018
2391.000 0.079 0.039
2392.000 0.040 0.126
2393.000 0.024 0.241
2394.000 0.029 0.370
2395.000 0.024 0.511
2396.000 0.031 0.659
2397.000 0.014 0.803
2398.000 0.019 0.950
2399.000 0.031 1.077
2400.000 0.035 1.166
2401.000 0.085 1.183
2402.000 0.231 1.191
2403.000 0.360 1.193
2404.000 0.516 1.182
2405.000 0.671 1.168
2406.000 0.805 1.193
2407.000 0.937 1.194
2408.000 1.074 1.197
2409.000 1.181 1.144
2410.000 1.192 0.994
2411.000 1.139 0.919
2412.000 1.071 0.914
2413.000 1.015 0.940
2414.000 0.983 0.978
2415.000 0.940 0.984
2416.000 0.922 0.935
2417.000 0.973 0.901
2418.000 0.995 0.916
2419.000 1.007 0.944
2420.000 1.000 0.987
2421.000 0.982 1.006
2422.000 0.928 1.004
2423.000 0.915 0.974
2424.000 0.907 0.944
2425.000 0.910 0.924
2426.000 0.948 0.910
2427.000 0.985 0.903
2428.000 1.011 0.899
2429.000 1.033 0.929
2430.000 1.070 0.908
2431.000 1.137 0.877
2432.000 1.200 0.799
2433.000 1.196 0.726
2434.000 1.169 0.611
2435.000 1.150 0.502
2436.000 1.146 0.366
2437.000 1.177 0.225
2438.000 1.175 0.089
2439.000 1.078 0.010
2440.000 0.930 0.028
2441.000 0.768 0.045
2442.000 0.587 0.096
2443.000 0.439 0.137
2444.000 0.360 0.166
2445.000 0.320 0.229
2446.000 0.278 0.271
2447.000 0.234 0.196
2448.000 0.152 0.138
2449.000 0.069 0.080
2450.000 0.029 0.025
2451.000 0.073 0.013
2452.000 0.095 0.013
2453.000 0.122 0.030
2454.000 0.177 0.063
2455.000 0.207 0.141
2456.000 0.243 0.190
2457.000 0.293 0.181
2458.000 0.324 0.220
2459.000 0.314 0.256
2460.000 0.265 0.278
2461.000 0.222 0.273
2462.000 0.206 0.258
2463.000 0.169 0.250
2464.000 0.189 0.292
2465.000 0.242 0.310
2466.000 0.276 0.307
2467.000 0.301 0.282
2468.000 0.282 0.245
2469.000 0.243 0.224
2470.000 0.217 0.209
2471.000 0.234 0.190
2472.000 0.277 0.190
2473.000 0.306 0.188
2474.000 0.314 0.209
2475.000 0.312 0.213
2476.000 0.314 0.229
2477.000 0.291 0.261
2478.000 0.253 0.273
2479.000 0.239 0.301
2480.000 0.256 0.312
2481.000 0.295 0.293
2482.000 0.295 0.271
2483.000 0.253 0.229
2484.000 0.223 0.205
2485.000 0.234 0.188
2486.000 0.257 0.182
2487.000 0.273 0.173
2488.000 0.290 0.186
2489.000 0.301 0.203
2490.000 0.309 0.224
2491.000 0.333 0.216
2492.000 0.336 0.203
2493.000 0.290 0.203
2494.000 0.261 0.199
2495.000 0.265 0.177
2496.000 0.295 0.181
2497.000 0.326 0.179
2498.000 0.366 0.154
2499.000 0.361 0.203
2500.000 0.357 0.231
2501.000 0.343 0.265
2502.000 0.235 0.250
2503.000 0.182 0.192
2504.000 0.141 0.191
2505.000 0.077 0.147
2506.000 0.061 0.061
2507.000 0.104 0.013
2508.000 0.159 0.018
2509.000 0.209 0.020
2510.000 0.243 0.064
2511.000 0.260 0.117
2512.000 0.272 0.171
2513.000 0.307 0.194
2514.000 0.360 0.149
2515.000 0.363 0.119
2516.000 0.391 0.077
2517.000 0.447 0.042
2518.000 0.494 0.087
2519.000 0.445 0.149
2520.000 0.369 0.188
2521.000 0.293 0.184
2522.000 0.239 0.179
2523.000 0.210 0.214
2524.000 0.207 0.252
2525.000 0.206 0.292
2526.000 0.214 0.318
2527.000 0.269 0.322
2528.000 0.319 0.293
2529.000 0.333 0.276
2530.000 0.348 0.226
2531.000 0.315 0.190
2532.000 0.273 0.173
2533.000 0.265 0.216
2534.000 0.227 0.239
2535.000 0.210 0.252
2536.000 0.238 0.271
2537.000 0.234 0.282
2538.000 0.234 0.288
2539.000 0.239 0.290
2540.000 0.257 0.278
2541.000 0.270 0.275
2542.000 0.263 0.261
2543.000 0.257 0.239
2544.000 0.257 0.222
2545.000 0.264 0.211
2546.000 0.278 0.201
2547.000 0.293 0.192
2548.000 0.301 0.201
2549.000 0.302 0.216
2550.000 0.307 0.216
2551.000 0.311 0.245
2552.000 0.320 0.237
2553.000 0.328 0.243
2554.000 0.332 0.231
2555.000 0.316 0.207
2556.000 0.286 0.207
2557.000 0.259 0.199
2558.000 0.244 0.211
2559.000 0.239 0.243
2560.000 0.230 0.252
2561.000 0.217 0.252
2562.000 0.221 0.258
2563.000 0.221 0.258
2564.000 0.221 0.258
2565.000 0.221 0.258
2566.000 0.221 0.258
2567.000 0.225 0.256
2568.000 0.225 0.256
2569.000 0.225 0.256
2570.000 0.225 0.256
2571.000 0.225 0.256
2572.000 0.225 0.256
2573.000 0.225 0.256
2574.000 0.225 0.256
2575.000 0.225 0.256
2576.000 0.225 0.256
2577.000 0.225 0.256
2578.000 0.225 0.256
2579.000 0.225 0.256
2580.000 0.225 0.256
2581.000 0.225 0.256
2582.000 0.225 0.256
2583.000 0.225 0.256
2584.000 0.225 0.256
2585.000 0.225 0.256
2586.000 0.225 0.256
2587.000 0.225 0.256
2588.000 0.225 0.256
2589.000 0.225 0.256
2590.000 0.225 0.256
2591.000 0.225 0.256
2592.000 0.225 0.256
2593.000 0.225 0.256
2594.000 0.225 0.256
2595.000 0.225 0.256
2596.000 0.225 0.256
2597.000 0.225 0.256
2598.000 0.225 0.256
2599.000 0.225 0.256
2600.000 0.225 0.256
2601.000 0.225 0.256
2602.000 0.225 0.256
2603.000 0.225 0.256
2604.000 0.225 0.256
2605.000 0.222 0.258
2606.000 0.222 0.258
2607.000 0.222 0.258
2608.000 0.222 0.258
2609.000 0.222 0.258
2610.000 0.222 0.258
2611.000 0.221 0.258
2612.000 0.221 0.258
2613.000 0.221 0.258
2614.000 0.221 0.258
2615.000 0.221 0.258
2616.000 0.221 0.258
2617.000 0.221 0.258
2618.000 0.221 0.258
2619.000 0.221 0.258
2620.000 0.221 0.258
2621.000 0.221 0.258
2622.000 0.221 0.258
2623.000 0.221 0.258
2624.000 0.221 0.258
2625.000 0.221 0.258
2626.000 0.221 0.258
2627.000 0.221 0.258
2628.000 0.221 0.258
2629.000 0.221 0.258
2630.000 0.221 0.258
2631.000 0.221 0.258
2632.000 0.221 0.258
2633.000 0.221 0.258
2634.000 0.221 0.258
2635.000 0.221 0.258
2636.000 0.225 0.256
2637.000 0.225 0.256
2638.000 0.225 0.256
2639.000 0.225 0.256
2640.000 0.225 0.256
2641.000 0.225 0.256
2642.000 0.225 0.256
2643.000 0.225 0.256
2644.000 0.225 0.256
2645.000 0.225 0.256
2646.000 0.225 0.256
2647.000 0.225 0.256
2648.000 0.225 0.256
2649.000 0.225 0.256
2650.000 0.225 0.256
2651.000 0.225 0.256
2652.000 0.225 0.256
2653.000 0.225 0.256
2654.000 0.225 0.256
2655.000 0.225 0.256
2656.000 0.225 0.256
2657.000 0.225 0.256
2658.000 0.225 0.256
2659.000 0.225 0.256
2660.000 0.225 0.256
2661.000 0.225 0.256
2662.000 0.225 0.256
2663.000 0.225 0.256
2664.000 0.225 0.256
2665.000 0.225 0.256
2666.000 0.225 0.256
2667.000 0.225 0.256
2668.000 0.225 0.256
2669.000 0.225 0.256
2670.000 0.225 0.256
2671.000 0.225 0.256
2672.000 0.225 0.256
2673.000 0.225 0.256
2674.000 0.225 0.256
2675.000 0.225 0.256
2676.000 0.225 0.256
2677.000 0.225 0.256
2678.000 0.225 0.256
2679.000 0.225 0.256
2680.000 0.225 0.256
2681.000 0.225 0.256
2682.000 0.225 0.256
2683.000 0.225 0.256
2684.000 0.225 0.256
2685.000 0.225 0.256
2686.000 0.225 0.256
2687.000 0.225 0.256
2688.000 0.225 0.256
2689.000 0.225 0.256
2690.000 0.225 0.256
2691.000 0.225 0.256
2692.000 0.225 0.256
2693.000 0.225 0.256
2694.000 0.225 0.256
2695.000 0.225 0.256
2696.000 0.225 0.256
2697.000 0.225 0.256
2698.000 0.225 0.256
2699.000 0.225 0.256
2700.000 0.225 0.256
2701.000 0.225 0.256
2702.000 0.225 0.256
2703.000 0.225 0.256
2704.000 0.225 0.256
2705.000 0.225 0.256
2706.000 0.225 0.256
2707.000 0.225 0.256
2708.000 0.225 0.256
2709.000 0.225 0.256
2710.000 0.225 0.256
2711.000 0.225 0.256
2712.000 0.222 0.256
2713.000 0.222 0.256
2714.000 0.222 0.256
2715.000 0.222 0.256
2716.000 0.222 0.256
2717.000 0.222 0.256
2718.000 0.222 0.256
2719.000 0.222 0.256
2720.000 0.222 0.256
2721.000 0.222 0.256
2722.000 0.222 0.256
2723.000 0.222 0.256
2724.000 0.222 0.256
2725.000 0.222 0.256
2726.000 0.222 0.256
2727.000 0.222 0.256
2728.000 0.222 0.256
2729.000 0.222 0.256
2730.000 0.222 0.256
2731.000 0.222 0.256
2732.000 0.222 0.256
2733.000 0.222 0.256
2734.000 0.218 0.256
2735.000 0.218 0.256
2736.000 0.223 0.256
2737.000 0.223 0.256
2738.000 0.223 0.256
2739.000 0.223 0.256
2740.000 0.223 0.256
2741.000 0.223 0.256
2742.000 0.223 0.256
2743.000 0.223 0.256
2744.000 0.223 0.256
2745.000 0.223 0.256
2746.000 0.223 0.256
2747.000 0.223 0.256
2748.000 0.223 0.256
2749.000 0.223 0.256
2750.000 0.223 0.256
2751.000 0.223 0.256
2752.000 0.223 0.256
2753.000 0.223 0.256
2754.000 0.223 0.256
2755.000 0.223 0.256
2756.000 0.223 0.256
2757.000 0.223 0.256
2758.000 0.223 0.256
2759.000 0.223 0.256
2760.000 0.223 0.256
2761.000 0.223 0.256
2762.000 0.223 0.256
2763.000 0.223 0.256
2764.000 0.223 0.256
2765.000 0.223 0.256
2766.000 0.223 0.256
2767.000 0.223 0.256
2768.000 0.223 0.256
2769.000 0.223 0.256
2770.000 0.223 0.256
2771.000 0.223 0.256
2772.000 0.223 0.256
2773.000 0.223 0.256
2774.000 0.223 0.256
2775.000 0.223 0.256
2776.000 0.223 0.256
2777.000 0.223 0.256
2778.000 0.223 0.256
2779.000 0.223 0.256
2780.000 0.223 0.256
2781.000 0.223 0.256
2782.000 0.223 0.256
2783.000 0.223 0.256
2784.000 0.223 0.256
2785.000 0.223 0.256
2786.000 0.223 0.256
2787.000 0.223 0.256
2788.000 0.223 0.256
2789.000 0.223 0.256
2790.000 0.223 0.256
2791.000 0.223 0.256
2792.000 0.223 0.256
2793.000 0.223 0.256
2794.000 0.223 0.256
2795.000 0.223 0.256
2796.000 0.223 0.256
2797.000 0.223 0.256
2798.000 0.223 0.256
2799.000 0.223 0.256
2800.000 0.223 0.256
2801.000 0.223 0.256
2802.000 0.223 0.256
2803.000 0.223 0.256
2804.000 0.223 0.256
2805.000 0.223 0.254
2806.000 0.223 0.254
2807.000 0.223 0.254
2808.000 0.223 0.254
2809.000 0.223 0.254
2810.000 0.223 0.254
2811.000 0.223 0.254
2812.000 0.223 0.254
2813.000 0.223 0.254
2814.000 0.223 0.254
2815.000 0.223 0.254
2816.000 0.223 0.254
2817.000 0.223 0.254
2818.000 0.223 0.254
2819.000 0.223 0.254
2820.000 0.223 0.254
2821.000 0.223 0.254
2822.000 0.223 0.254
2823.000 0.223 0.254
2824.000 0.223 0.254
2825.000 0.223 0.254
2826.000 0.223 0.254
2827.000 0.223 0.254
2828.000 0.223 0.254
2829.000 0.223 0.254
2830.000 0.223 0.254
2831.000 0.223 0.254
2832.000 0.223 0.254
2833.000 0.223 0.254
2834.000 0.223 0.254
2835.000 0.223 0.254
2836.000 0.223 0.254
2837.000 0.223 0.254
2838.000 0.223 0.254
2839.000 0.223 0.254
2840.000 0.223 0.254
2841.000 0.223 0.254
2842.000 0.223 0.254
2843.000 0.223 0.254
2844.000 0.223 0.254
2845.000 0.223 0.254
2846.000 0.223 0.254
2847.000 0.223 0.254
2848.000 0.223 0.254
2849.000 0.223 0.254
2850.000 0.223 0.254
2851.000 0.223 0.254
2852.000 0.223 0.254
2853.000 0.223 0.254
2854.000 0.223 0.254
2855.000 0.223 0.254
2856.000 0.223 0.254
2857.000 0.223 0.254
2858.000 0.223 0.254
2859.000 0.223 0.254
2860.000 0.223 0.254
2861.000 0.223 0.254
2862.000 0.223 0.254
2863.000 0.223 0.254
2864.000 0.223 0.254
2865.000 0.223 0.254
2866.000 0.223 0.254
2867.000 0.223 0.254
2868.000 0.223 0.254
2869.000 0.223 0.254
2870.000 0.223 0.254
2871.000 0.223 0.254
2872.000 0.223 0.254
2873.000 0.223 0.254
2874.000 0.223 0.254
2875.000 0.223 0.254
2876.000 0.223 0.254
2877.000 0.223 0.254
2878.000 0.223 0.254
2879.000 0.223 0.254
2880.000 0.223 0.254
2881.000 0.223 0.254
2882.000 0.223 0.254
2883.000 0.223 0.254
2884.000 0.223 0.254
2885.000 0.223 0.254
2886.000 0.223 0.254
2887.000 0.223 0.254
2888.000 0.223 0.254
2889.000 0.223 0.254
2890.000 0.223 0.254
2891.000 0.223 0.254
2892.000 0.223 0.254
2893.000 0.223 0.254
2894.000 0.223 0.254
2895.000 0.223 0.254
2896.000 0.223 0.254
2897.000 0.223 0.254
2898.000 0.223 0.254
2899.000 0.223 0.254
2900.000 0.223 0.254
2901.000 0.223 0.254
2902.000 0.223 0.254
2903.000 0.223 0.254
2904.000 0.223 0.254
2905.000 0.223 0.254
2906.000 0.223 0.254
2907.000 0.223 0.254
2908.000 0.223 0.254
2909.000 0.223 0.254
2910.000 0.223 0.254
2911.000 0.223 0.254
2912.000 0.223 0.254
2913.000 0.223 0.254
2914.000 0.223 0.254
2915.000 0.223 0.254
2916.000 0.223 0.254
2917.000 0.223 0.254
2918.000 0.223 0.254
2919.000 0.223 0.254
2920.000 0.223 0.254
2921.000 0.223 0.254
2922.000 0.223 0.254
2923.000 0.223 0.254
2924.000 0.223 0.254
2925.000 0.223 0.254
2926.000 0.223 0.254
2927.000 0.223 0.254
2928.000 0.223 0.254
2929.000 0.223 0.254
2930.000 0.223 0.254
2931.000 0.223 0.254
2932.000 0.223 0.254
2933.000 0.223 0.254
2934.000 0.223 0.254
2935.000 0.223 0.254
2936.000 0.223 0.254
2937.000 0.223 0.254
2938.000 0.223 0.254
2939.000 0.223 0.254
2940.000 0.223 0.254
2941.000 0.223 0.254
2942.000 0.223 0.254
2943.000 0.223 0.254
2944.000 0.223 0.254
2945.000 0.223 0.254
2946.000 0.223 0.254
2947.000 0.223 0.254
2948.000 0.218 0.256
2949.000 0.218 0.256
2950.000 0.218 0.256
2951.000 0.218 0.256
2952.000 0.218 0.256
2953.000 0.218 0.256
2954.000 0.218 0.256
2955.000 0.218 0.256
2956.000 0.218 0.256
2957.000 0.218 0.256
2958.000 0.218 0.256
2959.000 0.218 0.256
2960.000 0.218 0.256
2961.000 0.218 0.256
2962.000 0.218 0.256
2963.000 0.218 0.256
2964.000 0.218 0.256
2965.000 0.218 0.256
2966.000 0.218 0.256
2967.000 0.218 0.256
2968.000 0.218 0.256
2969.000 0.218 0.256
2970.000 0.218 0.256
2971.000 0.218 0.256
2972.000 0.247 0.211
2973.000 0.293 0.211
2974.000 0.314 0.218
2975.000 0.320 0.243
2976.000 0.299 0.254
2977.000 0.257 0.260
2978.000 0.226 0.248
2979.000 0.240 0.218
2980.000 0.263 0.201
2981.000 0.274 0.181
2982.000 0.288 0.169
2983.000 0.303 0.192
2984.000 0.310 0.226
2985.000 0.322 0.229
2986.000 0.324 0.237
2987.000 0.306 0.256
2988.000 0.282 0.258
2989.000 0.247 0.252
2990.000 0.226 0.241
2991.000 0.248 0.222
2992.000 0.251 0.213
2993.000 0.253 0.207
2994.000 0.255 0.197
2995.000 0.247 0.194
2996.000 0.228 0.205
2997.000 0.230 0.224
2998.000 0.232 0.245
2999.000 0.234 0.245
3000.000 0.260 0.224
3001.000 0.282 0.211
3002.000 0.284 0.207
3003.000 0.294 0.207
3004.000 0.294 0.201
3005.000 0.303 0.201
3006.000 0.280 0.181
3007.000 0.252 0.188
3008.000 0.242 0.194
3009.000 0.234 0.192
3010.000 0.244 0.182
3011.000 0.281 0.184
3012.000 0.301 0.192
3013.000 0.306 0.201
3014.000 0.324 0.203
3015.000 0.319 0.186
3016.000 0.302 0.182
3017.000 0.270 0.186
3018.000 0.260 0.205
3019.000 0.240 0.224
3020.000 0.239 0.228
3021.000 0.232 0.226
3022.000 0.238 0.237
3023.000 0.255 0.256
3024.000 0.261 0.245
3025.000 0.277 0.231
3026.000 0.285 0.203
3027.000 0.290 0.205
3028.000 0.298 0.199
3029.000 0.311 0.199
3030.000 0.284 0.194
3031.000 0.272 0.228
3032.000 0.247 0.243
3033.000 0.225 0.235
3034.000 0.247 0.209
3035.000 0.259 0.199
3036.000 0.274 0.190
3037.000 0.281 0.182
3038.000 0.294 0.201
3039.000 0.302 0.214
3040.000 0.319 0.226
3041.000 0.330 0.205
3042.000 0.303 0.197
3043.000 0.281 0.197
3044.000 0.265 0.201
3045.000 0.253 0.218
3046.000 0.251 0.237
3047.000 0.239 0.241
3048.000 0.232 0.267
3049.000 0.225 0.267
3050.000 0.226 0.239
3051.000 0.234 0.222
3052.000 0.257 0.192
3053.000 0.281 0.169
3054.000 0.297 0.132
3055.000 0.348 0.122
3056.000 0.311 0.179
3057.000 0.255 0.177
3058.000 0.221 0.173
3059.000 0.206 0.135
3060.000 0.171 0.124
3061.000 0.082 0.150
3062.000 0.019 0.196
3063.000 0.007 0.328
3064.000 0.030 0.463
3065.000 0.060 0.598
3066.000 0.063 0.718
3067.000 0.062 0.853
3068.000 0.130 0.964
3069.000 0.120 1.088
3070.000 0.068 1.160
3071.000 0.023 1.162
3072.000 0.019 1.100
3073.000 0.062 1.085
3074.000 0.078 0.793
3075.000 0.053 0.585
3076.000 0.117 0.378
3077.000 0.219 0.275
3078.000 0.221 0.199
3079.000 0.257 0.167
3080.000 0.323 0.192
3081.000 0.344 0.233
3082.000 0.328 0.263
3083.000 0.298 0.288
3084.000 0.269 0.307
3085.000 0.244 0.278
3086.000 0.236 0.248
3087.000 0.236 0.231
3088.000 0.236 0.216
3089.000 0.232 0.190
3090.000 0.273 0.171
3091.000 0.301 0.203
3092.000 0.332 0.229
3093.000 0.299 0.284
3094.000 0.247 0.288
3095.000 0.232 0.245
3096.000 0.247 0.211
3097.000 0.277 0.205
3098.000 0.281 0.184
3099.000 0.314 0.188
3100.000 0.312 0.197
3101.000 0.310 0.182
3102.000 0.269 0.184
3103.000 0.243 0.222
3104.000 0.228 0.261
3105.000 0.239 0.245
3106.000 0.247 0.267
3107.000 0.268 0.261
3108.000 0.281 0.226
3109.000 0.291 0.196
3110.000 0.315 0.209
3111.000 0.274 0.250
3112.000 0.206 0.243
3113.000 0.186 0.269
3114.000 0.232 0.307
3115.000 0.265 0.305
3116.000 0.297 0.292
3117.000 0.298 0.252
3118.000 0.288 0.248
3119.000 0.253 0.226
3120.000 0.256 0.197
3121.000 0.260 0.194
3122.000 0.273 0.156
3123.000 0.239 0.130
3124.000 0.188 0.080
3125.000 0.164 0.019
3126.000 0.074 0.010
3127.000 0.017 0.061
3128.000 0.020 0.135
3129.000 0.025 0.219
3130.000 0.011 0.313
3131.000 0.017 0.456
3132.000 0.031 0.616
3133.000 0.040 0.778
3134.000 0.034 0.927
3135.000 0.024 1.057
3136.000 0.065 1.147
3137.000 0.199 1.178
3138.000 0.326 1.169
3139.000 0.444 1.173
3140.000 0.611 1.156
3141.000 0.765 1.127
3142.000 0.895 1.063
3143.000 0.902 0.991
3144.000 0.895 0.955
3145.000 0.877 0.972
3146.000 0.912 1.012
3147.000 0.956 1.003
3148.000 0.977 0.963
3149.000 0.966 0.920
3150.000 0.930 0.946
3151.000 0.901 0.984
3152.000 0.878 0.989
3153.000 0.873 0.972
3154.000 0.882 0.959
3155.000 0.886 0.954
3156.000 0.889 0.944
3157.000 0.902 0.931
3158.000 0.926 0.924
3159.000 0.936 0.922
3160.000 0.974 0.957
3161.000 0.964 0.991
3162.000 0.940 1.004
3163.000 0.920 1.010
3164.000 0.915 1.004
3165.000 0.912 1.004
3166.000 0.910 1.004
3167.000 0.907 1.004
3168.000 0.905 0.999
3169.000 0.902 0.987
3170.000 0.898 0.976
3171.000 0.895 0.976
3172.000 0.897 0.976
3173.000 0.897 0.976
3174.000 0.897 0.976
3175.000 0.897 0.976
3176.000 0.897 0.976
3177.000 0.897 0.976
3178.000 0.897 0.976
3179.000 0.897 0.976
3180.000 0.897 0.976
3181.000 0.897 0.976
3182.000 0.897 0.976
3183.000 0.897 0.976
3184.000 0.897 0.976
3185.000 0.895 0.980
3186.000 0.895 0.982
3187.000 0.895 0.982
3188.000 0.895 0.982
3189.000 0.895 0.982
3190.000 0.895 0.982
3191.000 0.895 0.982
3192.000 0.895 0.982
3193.000 0.895 0.982
3194.000 0.895 0.982
3195.000 0.895 0.982
3196.000 0.895 0.982
3197.000 0.895 0.982
3198.000 0.895 0.982
3199.000 0.895 0.982
3200.000 0.895 0.982
3201.000 0.895 0.982
3202.000 0.895 0.982
3203.000 0.895 0.982
3204.000 0.895 0.982
3205.000 0.895 0.982
3206.000 0.895 0.982
3207.000 0.895 0.982
3208.000 0.895 0.982
3209.000 0.895 0.982
3210.000 0.895 0.982
3211.000 0.895 0.982
3212.000 0.895 0.982
3213.000 0.895 0.982
3214.000 0.895 0.982
3215.000 0.895 0.982
3216.000 0.895 0.982
3217.000 0.895 0.982
3218.000 0.895 0.982
3219.000 0.895 0.982
3220.000 0.895 0.982
3221.000 0.895 0.982
3222.000 0.895 0.982
3223.000 0.895 0.982
3224.000 0.895 0.982
3225.000 0.895 0.982
3226.000 0.895 0.982
3227.000 0.895 0.982
3228.000 0.895 0.982
3229.000 0.895 0.982
3230.000 0.895 0.982
3231.000 0.895 0.982
3232.000 0.895 0.982
3233.000 0.895 0.982
3234.000 0.895 0.982
3235.000 0.895 0.982
3236.000 0.895 0.982
3237.000 0.895 0.982
3238.000 0.895 0.982
3239.000 0.895 0.982
3240.000 0.895 0.982
3241.000 0.895 0.982
3242.000 0.895 0.982
3243.000 0.895 0.982
3244.000 0.895 0.982
3245.000 0.895 0.982
3246.000 0.895 0.982
3247.000 0.895 0.982
3248.000 0.895 0.982
3249.000 0.895 0.982
3250.000 0.895 0.982
3251.000 0.895 0.982
3252.000 0.895 0.982
3253.000 0.895 0.982
3254.000 0.895 0.982
3255.000 0.895 0.982
3256.000 0.895 0.982
3257.000 0.895 0.982
3258.000 0.895 0.982
3259.000 0.898 0.980
3260.000 0.898 0.980
3261.000 0.898 0.980
3262.000 0.898 0.980
3263.000 0.898 0.980
3264.000 0.898 0.980
3265.000 0.898 0.980
3266.000 0.898 0.980
3267.000 0.898 0.980
3268.000 0.898 0.980
3269.000 0.898 0.980
3270.000 0.898 0.980
3271.000 0.898 0.980
3272.000 0.898 0.980
3273.000 0.898 0.980
3274.000 0.898 0.980
3275.000 0.898 0.980
3276.000 0.898 0.980
3277.000 0.898 0.980
3278.000 0.898 0.980
3279.000 0.898 0.980
3280.000 0.898 0.980
3281.000 0.898 0.980
3282.000 0.898 0.980
3283.000 0.898 0.980
3284.000 0.898 0.980
3285.000 0.898 0.980
3286.000 0.898 0.980
3287.000 0.898 0.980
3288.000 0.898 0.980
3289.000 0.898 0.980
3290.000 0.898 0.980
3291.000 0.898 0.980
3292.000 0.898 0.980
3293.000 0.898 0.980
3294.000 0.898 0.980
3295.000 0.898 0.980
3296.000 0.898 0.980
3297.000 0.898 0.980
3298.000 0.898 0.980
3299.000 0.898 0.980
3300.000 0.898 0.980
3301.000 0.898 0.980
3302.000 0.898 0.980
3303.000 0.898 0.980
3304.000 0.898 0.980
3305.000 0.915 0.957
3306.000 0.973 0.954
3307.000 0.974 0.978
3308.000 0.949 0.999
3309.000 0.936 0.987
3310.000 0.935 1.001
3311.000 0.918 1.008
3312.000 0.903 1.010
3313.000 0.891 0.987
3314.000 0.893 0.972
3315.000 0.899 0.969
3316.000 0.909 0.959
3317.000 0.915 0.946
3318.000 0.930 0.942
3319.000 0.956 0.937
3320.000 0.978 0.935
3321.000 0.975 0.959
3322.000 0.972 0.965
3323.000 0.973 0.974
3324.000 0.973 0.978
3325.000 0.968 0.997
3326.000 0.953 1.003
3327.000 0.948 1.006
3328.000 0.939 0.999
3329.000 0.920 0.993
3330.000 0.911 0.995
3331.000 0.898 1.016
3332.000 0.884 1.012
3333.000 0.874 0.993
3334.000 0.874 0.969
3335.000 0.884 0.948
3336.000 0.916 0.940
3337.000 0.947 0.922
3338.000 0.966 0.914
3339.000 0.952 0.882
3340.000 0.932 0.901
3341.000 0.912 0.920
3342.000 0.916 0.942
3343.000 0.930 0.961
3344.000 0.954 0.991
3345.000 0.978 0.993
3346.000 0.985 0.967
3347.000 1.011 0.955
3348.000 1.035 0.957
3349.000 1.064 0.974
3350.000 1.101 0.982
3351.000 1.150 0.953
3352.000 1.196 0.843
3353.000 1.177 0.710
3354.000 1.165 0.549
3355.000 1.169 0.394
3356.000 1.150 0.230
3357.000 1.200 0.124
3358.000 1.193 0.030
3359.000 1.112 0.011
3360.000 0.981 0.014
3361.000 0.808 0.038
3362.000 0.648 0.067
3363.000 0.501 0.079
3364.000 0.404 0.116
3365.000 0.339 0.175
3366.000 0.322 0.250
3367.000 0.249 0.267
3368.000 0.227 0.194
3369.000 0.249 0.150
3370.000 0.290 0.171
3371.000 0.314 0.209
3372.000 0.305 0.282
3373.000 0.244 0.307
3374.000 0.227 0.286
3375.000 0.210 0.254
3376.000 0.210 0.216
3377.000 0.206 0.188
3378.000 0.179 0.175
3379.000 0.168 0.205
3380.000 0.210 0.229
3381.000 0.248 0.211
3382.000 0.255 0.164
3383.000 0.238 0.134
3384.000 0.185 0.114
3385.000 0.132 0.078
3386.000 0.098 0.013
3387.000 0.032 0.024
3388.000 0.010 0.096
3389.000 0.013 0.168
3390.000 0.022 0.265
3391.000 0.027 0.423
3392.000 0.015 0.584
3393.000 0.045 0.769
3394.000 0.033 0.924
3395.000 0.036 1.055
3396.000 0.070 1.167
3397.000 0.223 1.188
3398.000 0.413 1.180
3399.000 0.585 1.164
3400.000 0.759 1.148
3401.000 0.875 1.087
3402.000 0.903 1.001
3403.000 0.877 0.972
3404.000 0.853 0.944
3405.000 0.901 0.903
3406.000 0.957 0.912
3407.000 0.990 0.963
3408.000 0.986 0.995
3409.000 0.956 1.010
3410.000 0.923 1.014
3411.000 0.893 0.997
3412.000 0.890 0.955
3413.000 0.924 0.924
3414.000 0.975 0.925
3415.000 1.000 0.908
3416.000 0.969 0.893
3417.000 0.920 0.895
3418.000 0.898 0.952
3419.000 0.937 0.987
3420.000 0.973 0.980
3421.000 1.002 0.955
3422.000 0.986 0.929
3423.000 0.943 0.927
3424.000 0.939 0.895
3425.000 0.990 0.888
3426.000 1.003 0.876
3427.000 1.045 0.869
3428.000 1.109 0.855
3429.000 1.182 0.810
3430.000 1.186 0.651
3431.000 1.163 0.480
3432.000 1.112 0.325
3433.000 1.058 0.170
3434.000 1.009 0.031
3435.000 1.083 0.010
3436.000 1.161 0.015
3437.000 1.191 0.023
3438.000 1.120 0.003
3439.000 0.990 0.020
3440.000 0.861 0.036
3441.000 0.694 0.039
3442.000 0.544 0.057
3443.000 0.465 0.093
3444.000 0.383 0.143
3445.000 0.336 0.179
3446.000 0.288 0.175
3447.000 0.225 0.211
3448.000 0.205 0.282
3449.000 0.252 0.318
3450.000 0.365 0.154
3451.000 0.521 0.061
3452.000 0.714 0.055
3453.000 0.843 0.143
3454.000 1.016 0.150
3455.000 1.174 0.155
3456.000 1.196 0.252
3457.000 1.182 0.387
3458.000 1.161 0.528
3459.000 1.116 0.693
3460.000 1.047 0.831
3461.000 0.969 0.931
3462.000 0.956 1.004
3463.000 0.905 1.025
3464.000 0.881 0.982
3465.000 0.886 0.954
3466.000 0.901 0.940
3467.000 0.901 0.935
3468.000 0.899 0.925
3469.000 0.899 0.925
3470.000 0.902 0.924
3471.000 0.902 0.924
3472.000 0.906 0.922
3473.000 0.906 0.922
3474.000 0.906 0.922
3475.000 0.906 0.922
3476.000 0.906 0.922
3477.000 0.906 0.922
3478.000 0.906 0.922
3479.000 0.906 0.922
3480.000 0.906 0.922
3481.000 0.906 0.922
3482.000 0.906 0.922
3483.000 0.906 0.922
3484.000 0.906 0.922
3485.000 0.906 0.922
3486.000 0.906 0.922
3487.000 0.906 0.922
3488.000 0.906 0.922
3489.000 0.906 0.922
3490.000 0.906 0.922
3491.000 0.906 0.922
3492.000 0.906 0.922
3493.000 0.906 0.922
3494.000 0.906 0.922
3495.000 0.906 0.922
3496.000 0.903 0.927
3497.000 0.903 0.927
3498.000 0.907 0.927
3499.000 0.907 0.927
3500.000 0.907 0.927
3501.000 0.907 0.927
3502.000 0.907 0.927
3503.000 0.907 0.927
3504.000 0.907 0.927
3505.000 0.907 0.927
3506.000 0.907 0.927
3507.000 0.907 0.927
3508.000 0.907 0.927
3509.000 0.907 0.927
3510.000 0.907 0.927
3511.000 0.907 0.927
3512.000 0.907 0.927
3513.000 0.907 0.927
3514.000 0.907 0.927
3515.000 0.907 0.927
3516.000 0.907 0.927
3517.000 0.907 0.927
3518.000 0.907 0.927
3519.000 0.907 0.927
3520.000 0.907 0.927
3521.000 0.907 0.927
3522.000 0.907 0.927
3523.000 0.907 0.927
3524.000 0.907 0.927
3525.000 0.907 0.927
3526.000 0.907 0.927
3527.000 0.907 0.927
3528.000 0.907 0.927
3529.000 0.907 0.927
3530.000 0.907 0.927
3531.000 0.907 0.927
3532.000 0.907 0.927
3533.000 0.907 0.927
3534.000 0.907 0.927
3535.000 0.907 0.927
3536.000 0.907 0.927
3537.000 0.907 0.927
3538.000 0.907 0.927
3539.000 0.907 0.927
3540.000 0.907 0.927
3541.000 0.907 0.927
3542.000 0.907 0.927
3543.000 0.907 0.927
3544.000 0.907 0.927
3545.000 0.907 0.927
3546.000 0.907 0.927
3547.000 0.907 0.927
3548.000 0.907 0.927
3549.000 0.907 0.927
3550.000 0.907 0.927
3551.000 0.907 0.927
3552.000 0.907 0.927
3553.000 0.907 0.927
3554.000 0.907 0.927
3555.000 0.907 0.927
3556.000 0.907 0.927
3557.000 0.907 0.927
3558.000 0.907 0.927
3559.000 0.907 0.927
3560.000 0.907 0.927
3561.000 0.907 0.927
3562.000 0.907 0.927
3563.000 0.907 0.927
3564.000 0.907 0.927
3565.000 0.907 0.927
3566.000 0.907 0.927
3567.000 0.907 0.927
3568.000 0.907 0.927
3569.000 0.907 0.927
3570.000 0.907 0.927
3571.000 0.907 0.927
3572.000 0.907 0.927
3573.000 0.907 0.927
3574.000 0.907 0.927
3575.000 0.907 0.927
3576.000 0.907 0.927
3577.000 0.907 0.927
3578.000 0.907 0.927
3579.000 0.907 0.927
3580.000 0.907 0.927
3581.000 0.907 0.927
3582.000 0.907 0.927
3583.000 0.907 0.927
3584.000 0.907 0.927
3585.000 0.909 0.927
3586.000 0.909 0.927
3587.000 0.909 0.927
3588.000 0.909 0.927
3589.000 0.909 0.927
3590.000 0.909 0.927
3591.000 0.909 0.927
3592.000 0.909 0.927
3593.000 0.909 0.927
3594.000 0.909 0.927
3595.000 0.909 0.927
3596.000 0.909 0.927
3597.000 0.909 0.927
3598.000 0.909 0.927
3599.000 0.909 0.927
3600.000 0.908 0.928
