time X0 Y0 X1 Y1 X2 Y2 X3 Y3 X4 Y4 X5 Y5 X6 Y6 X7 Y7 X8 Y8 X9 Y9
1731 0.194 0.32 0.854 0.891 1.03 0.429 0.082 0.366 0.173 0.266 0.194 0.325 0.988 0.849 0.871 0.853 0.869 0.855 1.146 0.648
1732 0.267 0.288 0.874 0.957 0.991 0.368 0.099 0.474 0.444 0.209 0.159 0.338 0.978 0.869 0.968 0.871 0.914 0.921 1.136 0.592
1733 0.306 0.277 0.914 0.989 0.918 0.33 0.05 0.595 0.436 0.2 0.145 0.361 1.045 0.903 0.991 0.889 0.95 0.946 1.136 0.538
1734 0.263 0.406 0.898 1.063 0.834 0.297 0.089 0.72 0.43 0.163 0.165 0.436 1.078 0.917 1.034 0.901 0.983 0.957 1.155 0.505
1735 0.224 0.508 0.841 1.102 0.742 0.261 0.084 0.84 0.422 0.141 0.178 0.485 1.086 0.956 1.064 0.912 1.002 0.926 1.158 0.461
1736 0.222 0.609 0.755 1.1 0.631 0.234 0.081 0.963 0.424 0.114 0.175 0.561 1.079 0.992 1.082 0.95 1.007 0.901 1.153 0.393
1737 0.19 0.749 0.65 1.078 0.546 0.232 0.08 1.066 0.421 0.089 0.157 0.66 1.078 0.984 1.048 0.975 1.027 0.86 1.152 0.33
1738 0.131 0.858 0.533 1.078 0.47 0.21 0.102 1.132 0.412 0.072 0.183 0.74 1.059 0.952 1.021 0.962 1.041 0.846 1.168 0.285
1739 0.142 0.956 0.482 1.15 0.416 0.219 0.23 1.145 0.422 0.048 0.215 0.843 1.07 0.967 0.95 0.919 1.051 0.821 1.151 0.235
1740 0.238 1.035 0.345 1.12 0.362 0.224 0.332 1.099 0.446 0.037 0.294 0.918 1.029 0.967 0.917 0.898 1.039 0.781 1.096 0.233
1741 0.323 1.015 0.369 1.08 0.283 0.261 0.375 1.043 0.465 0.043 0.366 0.978 0.998 0.939 0.849 0.9 0.998 0.776 1.053 0.25
1742 0.383 0.986 0.446 1.069 0.263 0.345 0.51 1.019 0.486 0.042 0.43 0.981 0.978 0.912 0.802 0.92 0.975 0.76 1.035 0.288
1743 0.433 0.955 0.526 1.062 0.293 0.401 0.557 1.01 0.512 0.04 0.509 0.959 0.932 0.9 0.782 0.893 0.947 0.762 1.053 0.321
1744 0.529 0.965 0.591 1.058 0.329 0.469 0.595 0.993 0.535 0.051 0.598 0.948 0.915 0.901 0.83 0.866 0.924 0.789 1.065 0.345
1745 0.658 0.988 0.667 1.058 0.329 0.534 0.716 0.993 0.563 0.055 0.696 0.944 0.871 0.907 0.884 0.853 0.907 0.81 1.033 0.349
1746 0.799 0.956 0.752 1.045 0.275 0.584 0.812 1.004 0.596 0.054 0.783 0.927 0.838 0.883 0.9 0.833 0.937 0.819 0.993 0.367
1747 0.874 0.925 0.826 1.013 0.207 0.61 0.9 0.985 0.622 0.046 0.838 0.887 0.835 0.855 0.937 0.862 1.03 0.832 1.006 0.361
1748 0.953 0.898 0.904 1.009 0.183 0.649 0.981 0.944 0.652 0.041 0.831 0.842 0.821 0.821 0.984 0.869 1.047 0.886 1.034 0.376
1749 1.021 0.844 0.968 0.946 0.168 0.712 1.087 0.918 0.676 0.043 0.859 0.851 0.82 0.799 1.091 0.79 1.094 0.883 1.071 0.375
1750 1.073 0.842 1.033 0.983 0.185 0.769 1.106 0.885 0.706 0.045 0.886 0.887 0.837 0.767 1.133 0.843 1.089 0.846 1.04 0.397
1751 1.057 0.815 1.096 0.992 0.237 0.681 1.113 0.829 0.73 0.039 0.904 0.917 0.885 0.736 1.115 0.74 1.085 0.777 1.005 0.378
1752 0.996 0.826 1.095 0.921 0.288 0.576 1.097 0.759 0.755 0.038 0.927 0.934 0.927 0.681 1.095 0.607 1.076 0.663 0.97 0.356
1753 0.976 0.789 1.066 0.85 0.342 0.466 1.077 0.649 0.772 0.039 0.953 0.901 0.935 0.612 1.02 0.503 1.063 0.564 0.928 0.392
1754 0.989 0.704 1.032 0.792 0.375 0.415 1.02 0.628 0.818 0.041 0.963 0.883 1.004 0.589 0.924 0.462 1.032 0.494 0.966 0.423
1755 1.01 0.639 1.003 0.726 0.511 0.448 1.032 0.611 0.845 0.042 0.965 0.849 0.946 0.533 0.884 0.516 1.003 0.461 0.939 0.463
1756 0.963 0.581 0.965 0.695 0.666 0.503 0.993 0.596 0.875 0.038 0.937 0.815 0.901 0.567 0.889 0.518 0.972 0.471 0.888 0.504
1757 0.914 0.538 0.912 0.629 0.781 0.518 0.935 0.578 0.899 0.051 0.932 0.81 0.853 0.642 0.808 0.56 1.001 0.523 0.905 0.544
1758 0.934 0.501 0.881 0.557 0.835 0.455 0.904 0.539 0.886 0.036 0.925 0.778 0.785 0.64 0.768 0.611 1.042 0.563 0.861 0.542
1759 0.911 0.463 0.918 0.523 0.848 0.487 0.951 0.562 0.889 0.032 0.916 0.745 0.812 0.74 0.71 0.515 1.078 0.619 0.913 0.489
1760 0.953 0.445 0.951 0.52 0.893 0.516 0.93 0.665 0.893 0.052 0.902 0.721 0.875 0.782 0.689 0.456 1.09 0.689 0.938 0.467
1761 0.979 0.446 0.976 0.577 0.909 0.558 0.889 0.722 0.886 0.034 0.904 0.747 0.944 0.786 0.653 0.406 1.063 0.733 0.937 0.443
1762 0.96 0.429 0.979 0.619 0.92 0.506 0.895 0.766 0.865 0.038 0.933 0.758 0.928 0.857 0.619 0.327 1.034 0.753 0.925 0.505
1763 0.932 0.437 1.017 0.675 0.908 0.541 0.887 0.803 0.891 0.045 0.948 0.835 0.902 0.917 0.622 0.262 1.011 0.81 0.955 0.545
1764 0.918 0.442 1.045 0.757 0.908 0.525 0.887 0.849 0.891 0.064 0.963 0.876 0.886 0.96 0.664 0.2 1.007 0.894 1.029 0.646
1765 0.897 0.44 1.058 0.824 0.888 0.482 0.889 0.887 0.913 0.065 0.96 0.917 0.871 0.978 0.754 0.194 1.026 0.955 1.019 0.719
1766 0.838 0.408 1.036 0.845 0.885 0.518 0.912 0.934 0.892 0.055 0.993 0.951 0.894 0.991 0.838 0.272 1.029 1.053 1.006 0.848
1767 0.805 0.358 1.044 0.89 0.897 0.585 0.922 0.925 0.88 0.072 0.965 0.955 0.935 0.982 0.839 0.354 0.994 0.998 0.958 0.946
1768 0.779 0.349 1.031 0.893 0.937 0.638 0.902 0.9 0.884 0.09 0.945 0.912 0.951 0.935 0.848 0.39 0.963 0.976 0.958 0.823
1769 0.764 0.394 1.021 0.858 0.993 0.557 0.922 0.81 0.898 0.106 0.928 0.887 0.96 0.901 0.813 0.443 0.93 0.928 0.947 0.708
1770 0.738 0.457 1.049 0.818 1.004 0.501 0.929 0.699 0.91 0.116 0.94 0.815 0.953 0.905 0.839 0.51 0.927 0.891 0.96 0.586
1771 0.762 0.49 1.071 0.802 0.99 0.445 0.943 0.583 0.941 0.125 0.941 0.771 0.963 0.891 0.909 0.509 0.937 0.819 0.993 0.533
1772 0.814 0.553 1.095 0.785 0.972 0.416 0.993 0.496 0.974 0.123 0.94 0.703 0.984 0.866 0.959 0.473 0.958 0.729 0.993 0.458
1773 0.872 0.599 1.134 0.773 1.016 0.333 1.039 0.431 0.998 0.126 0.926 0.639 0.986 0.844 0.915 0.502 0.909 0.658 1.011 0.388
1774 0.86 0.62 1.136 0.723 1.077 0.288 1.102 0.333 1.024 0.135 0.893 0.6 0.996 0.839 0.904 0.59 0.911 0.637 1.066 0.323
1775 0.859 0.583 1.101 0.677 1.103 0.184 1.124 0.257 1.057 0.14 0.881 0.58 0.956 0.824 0.932 0.623 0.936 0.643 1.134 0.216
1776 0.83 0.585 1.068 0.666 1.107 0.11 1.144 0.214 1.058 0.118 0.926 0.619 0.933 0.814 0.939 0.67 0.979 0.691 1.101 0.147
1777 0.795 0.558 1.039 0.647 1.022 0.091 1.131 0.167 0.987 0.109 0.853 0.632 0.9 0.796 0.927 0.717 0.986 0.74 1.146 0.132
1778 0.777 0.51 1.004 0.648 0.899 0.087 1.167 0.136 0.925 0.143 0.826 0.526 0.884 0.799 0.919 0.779 0.996 0.794 1.113 0.111
1779 0.779 0.469 0.993 0.696 0.826 0.084 1.168 0.163 0.826 0.179 0.814 0.444 0.881 0.867 0.965 0.814 1.024 0.799 1.088 0.077
1780 0.778 0.437 0.997 0.731 0.784 0.035 1.163 0.187 0.73 0.177 0.749 0.394 0.95 0.908 0.993 0.857 1.064 0.856 1.047 0.068
1781 0.758 0.408 1.021 0.76 0.701 0.048 1.153 0.211 0.677 0.095 0.705 0.3 1.03 0.97 1.012 0.921 1.083 0.927 0.99 0.071
1782 0.703 0.369 1.021 0.768 0.652 0.028 1.143 0.223 0.59 0.08 0.608 0.251 1.046 1.038 1.006 0.985 1.115 0.994 0.927 0.064
1783 0.67 0.318 1.029 0.782 0.546 0.057 1.14 0.238 0.495 0.103 0.492 0.249 1.058 1.076 0.958 1.005 1.161 1.042 0.86 0.065
1784 0.651 0.264 0.988 0.807 0.431 0.078 1.144 0.265 0.421 0.07 0.396 0.246 1.105 1.119 0.912 0.964 1.183 1.063 0.774 0.07
1785 0.602 0.209 0.953 0.796 0.358 0.149 1.152 0.294 0.331 0.102 0.368 0.161 1.154 1.094 0.881 0.948 1.159 1.096 0.681 0.064
1786 0.546 0.173 0.952 0.769 0.383 0.063 1.152 0.324 0.321 0.06 0.29 0.175 1.052 1.033 0.856 0.905 1.127 0.987 0.603 0.057
1787 0.47 0.133 0.952 0.76 0.467 0.035 1.154 0.351 0.245 0.062 0.209 0.188 0.983 0.968 0.858 0.86 1.067 0.862 0.526 0.065
1788 0.433 0.06 0.941 0.776 0.44 0.054 1.159 0.378 0.16 0.137 0.147 0.217 0.923 0.942 0.886 0.817 0.999 0.769 0.507 0.075
1789 0.418 0.028 0.945 0.801 0.478 0.084 1.174 0.408 0.079 0.218 0.101 0.275 0.879 0.944 0.932 0.814 0.968 0.762 0.469 0.143
1790 0.452 0.019 0.963 0.812 0.405 0.135 1.167 0.431 0.063 0.308 0.092 0.365 0.831 0.93 0.886 0.819 0.951 0.716 0.464 0.24
1791 0.466 0.036 0.97 0.798 0.331 0.199 1.143 0.441 0.089 0.407 0.155 0.381 0.808 0.9 0.793 0.725 0.924 0.665 0.426 0.333
1792 0.472 0.049 0.914 0.798 0.239 0.283 1.131 0.426 0.194 0.422 0.229 0.409 0.794 0.858 0.635 0.591 0.91 0.612 0.396 0.409
1793 0.454 0.058 0.887 0.821 0.212 0.333 1.144 0.402 0.274 0.48 0.289 0.456 0.758 0.79 0.466 0.486 0.859 0.554 0.394 0.494
1794 0.433 0.083 0.879 0.857 0.154 0.402 1.16 0.393 0.316 0.529 0.311 0.501 0.72 0.728 0.367 0.386 0.738 0.472 0.361 0.542
1795 0.395 0.116 0.882 0.912 0.098 0.46 1.176 0.385 0.287 0.593 0.335 0.516 0.659 0.701 0.311 0.324 0.598 0.412 0.37 0.513
1796 0.335 0.138 0.891 0.955 0.104 0.564 1.174 0.37 0.254 0.665 0.286 0.501 0.577 0.719 0.237 0.311 0.463 0.373 0.409 0.495
1797 0.294 0.143 0.938 0.998 0.137 0.658 1.17 0.348 0.203 0.747 0.267 0.447 0.523 0.764 0.191 0.411 0.395 0.343 0.395 0.434
1798 0.247 0.163 0.881 1.009 0.114 0.759 1.157 0.335 0.138 0.791 0.278 0.413 0.48 0.816 0.163 0.593 0.314 0.342 0.353 0.404
1799 0.199 0.188 0.84 0.932 0.081 0.823 1.151 0.317 0.099 0.867 0.277 0.395 0.461 0.874 0.107 0.737 0.237 0.311 0.313 0.372
1800 0.184 0.22 0.851 0.896 0.119 0.911 1.141 0.299 0.097 0.948 0.229 0.416 0.478 0.924 0.086 0.837 0.17 0.279 0.262 0.311
1801 0.137 0.251 0.915 0.828 0.19 0.976 1.142 0.268 0.133 1.037 0.157 0.476 0.5 0.958 0.102 0.895 0.11 0.289 0.204 0.352
1802 0.097 0.267 0.914 0.789 0.251 1.056 1.146 0.23 0.206 1.121 0.107 0.536 0.505 1.022 0.124 0.986 0.067 0.353 0.161 0.422
1803 0.063 0.292 0.871 0.832 0.323 1.154 1.152 0.204 0.298 1.137 0.063 0.567 0.471 1.084 0.167 1.11 0.054 0.431 0.133 0.491
1804 0.048 0.322 0.856 0.883 0.414 1.137 1.154 0.176 0.35 1.142 0.065 0.642 0.444 1.146 0.311 1.146 0.06 0.51 0.097 0.545
1805 0.054 0.364 0.851 0.917 0.447 1.113 1.155 0.141 0.439 1.156 0.136 0.696 0.505 1.132 0.386 1.141 0.075 0.547 0.095 0.632
1806 0.058 0.386 0.853 0.944 0.538 1.11 1.151 0.111 0.584 1.144 0.222 0.719 0.617 1.112 0.344 1.102 0.099 0.593 0.122 0.704
1807 0.096 0.427 0.838 0.982 0.641 1.095 1.151 0.081 0.726 1.135 0.308 0.751 0.731 1.078 0.345 1.056 0.182 0.623 0.171 0.771
1808 0.109 0.461 0.826 1.026 0.754 1.076 1.136 0.063 0.857 1.083 0.39 0.838 0.81 1.036 0.329 1.009 0.26 0.691 0.251 0.849
1809 0.128 0.501 0.872 0.976 0.818 1.026 1.118 0.062 0.935 1.011 0.438 0.919 0.821 0.993 0.313 0.968 0.283 0.766 0.299 0.917
1810 0.123 0.545 0.937 0.898 0.877 0.998 1.101 0.139 1.006 0.973 0.417 0.999 0.863 0.935 0.307 0.941 0.249 0.847 0.299 0.92
1811 0.098 0.595 0.968 0.835 0.933 0.944 1.092 0.204 1.089 0.979 0.417 1.075 0.902 0.91 0.289 0.916 0.188 0.901 0.235 0.889
1812 0.067 0.638 0.976 0.807 1.001 0.9 1.074 0.239 1.139 0.933 0.467 1.071 0.933 0.898 0.241 0.913 0.142 0.961 0.181 0.889
1813 0.039 0.642 0.97 0.828 1.034 0.879 1.044 0.279 1.092 0.823 0.555 1.019 0.947 0.86 0.204 0.973 0.093 1.012 0.135 0.927
1814 0.045 0.615 0.998 0.789 1.037 0.848 1.041 0.323 1.021 0.803 0.639 0.986 0.943 0.819 0.215 1.056 0.086 1.093 0.064 0.942
1815 0.066 0.64 0.978 0.719 1.034 0.822 1.047 0.349 0.985 0.784 0.69 0.949 0.923 0.819 0.271 1.117 0.113 1.151 0.064 0.902
1816 0.058 0.669 0.98 0.66 1.055 0.785 1.064 0.399 0.999 0.728 0.761 0.924 0.895 0.835 0.355 1.128 0.135 1.165 0.068 0.858
1817 0.074 0.696 1.021 0.574 1.094 0.746 1.087 0.447 1.009 0.638 0.818 0.849 0.876 0.851 0.388 1.168 0.191 1.152 0.07 0.794
1818 0.091 0.717 1.067 0.486 1.133 0.694 1.108 0.491 1.027 0.541 0.838 0.894 0.892 0.844 0.525 1.134 0.283 1.131 0.088 0.746
1819 0.1 0.691 1.066 0.433 1.141 0.618 1.133 0.524 1.081 0.486 0.833 0.934 0.983 0.812 0.633 1.08 0.358 1.118 0.112 0.742
1820 0.121 0.654 1.029 0.318 1.124 0.552 1.151 0.535 1.117 0.456 0.899 0.969 1.029 0.744 0.732 1.057 0.449 1.093 0.106 0.717
1821 0.147 0.601 1.019 0.22 1.101 0.48 1.163 0.532 1.094 0.311 0.927 0.984 1.06 0.684 0.815 1.039 0.526 1.089 0.151 0.694
1822 0.15 0.549 1.03 0.149 1.091 0.342 1.171 0.52 1.128 0.198 0.956 0.968 1.054 0.633 0.871 1.039 0.61 1.09 0.189 0.682
1823 0.182 0.519 0.979 0.114 1.113 0.236 1.172 0.504 1.084 0.09 0.986 0.921 1.019 0.606 0.943 1.009 0.705 1.081 0.223 0.688
1824 0.235 0.498 0.879 0.093 1.087 0.127 1.177 0.479 0.976 0.081 0.988 0.858 0.955 0.61 0.973 0.939 0.795 1.067 0.262 0.678
1825 0.301 0.474 0.779 0.075 0.995 0.087 1.174 0.467 0.891 0.049 0.966 0.866 0.93 0.617 1.03 0.891 0.858 1.029 0.273 0.677
1826 0.351 0.442 0.68 0.105 0.856 0.132 1.178 0.46 0.742 0.076 0.945 0.812 0.879 0.632 1.092 0.866 0.891 0.998 0.283 0.663
1827 0.371 0.399 0.556 0.125 0.664 0.17 1.182 0.476 0.594 0.086 0.932 0.798 0.849 0.651 1.129 0.799 0.927 0.96 0.319 0.654
1828 0.344 0.358 0.432 0.163 0.495 0.212 1.179 0.521 0.445 0.089 0.889 0.799 0.863 0.72 1.119 0.716 0.958 0.942 0.331 0.638
1829 0.293 0.367 0.352 0.166 0.357 0.227 1.17 0.545 0.33 0.119 0.856 0.824 0.836 0.773 1.146 0.64 1.035 0.884 0.339 0.627
1830 0.212 0.376 0.234 0.225 0.262 0.24 1.172 0.554 0.222 0.207 0.83 0.882 0.828 0.76 1.177 0.588 1.091 0.889 0.353 0.615
1831 0.178 0.377 0.207 0.299 0.313 0.247 1.166 0.553 0.194 0.238 0.843 0.903 0.866 0.79 1.161 0.588 1.13 0.933 0.377 0.603
1832 0.16 0.436 0.242 0.334 0.316 0.284 1.155 0.578 0.258 0.288 0.784 0.895 0.783 0.835 1.174 0.609 1.144 0.968 0.416 0.596
1833 0.175 0.461 0.293 0.386 0.309 0.329 1.171 0.6 0.27 0.352 0.757 0.82 0.714 0.811 1.175 0.632 1.101 1.023 0.429 0.596
1834 0.153 0.509 0.266 0.483 0.362 0.46 1.161 0.642 0.263 0.403 0.739 0.76 0.661 0.861 1.149 0.664 1.061 1.025 0.446 0.581
1835 0.159 0.575 0.239 0.61 0.391 0.607 1.117 0.683 0.295 0.402 0.651 0.689 0.68 0.908 1.1 0.676 1.029 0.991 0.48 0.579
1836 0.157 0.637 0.283 0.714 0.468 0.561 1.108 0.702 0.344 0.407 0.573 0.623 0.734 0.938 1.07 0.762 0.978 0.966 0.518 0.68
1837 0.171 0.664 0.416 0.724 0.463 0.525 1.108 0.721 0.377 0.463 0.668 0.722 0.769 0.958 1.055 0.852 0.945 0.976 0.439 0.574
1838 0.18 0.737 0.545 0.762 0.358 0.525 1.119 0.74 0.391 0.41 0.83 0.846 0.821 0.959 1.05 0.942 0.919 0.962 0.412 0.572
1839 0.174 0.786 0.713 0.852 0.296 0.576 1.133 0.758 0.347 0.367 0.861 0.939 0.861 0.973 1.017 0.984 0.887 0.921 0.408 0.574
1840 0.179 0.843 0.813 0.896 0.288 0.63 1.134 0.778 0.29 0.333 0.816 0.908 0.849 0.93 0.945 0.984 0.831 0.889 0.364 0.567
1841 0.16 0.899 0.82 0.925 0.296 0.719 1.132 0.802 0.255 0.317 0.825 0.969 0.9 0.962 0.915 0.955 0.889 0.91 0.354 0.565
1842 0.154 0.954 0.871 0.91 0.345 0.774 1.143 0.825 0.235 0.297 0.876 0.932 0.887 0.923 0.96 0.964 0.915 0.896 0.316 0.558
1843 0.177 1.018 0.928 0.873 0.407 0.801 1.156 0.843 0.221 0.254 0.942 0.994 0.973 0.96 0.966 1.046 0.984 0.896 0.286 0.556
1844 0.225 1.071 0.978 0.841 0.458 0.775 1.159 0.872 0.275 0.22 0.981 1.057 1.028 1.023 0.985 1.091 1.044 0.926 0.259 0.535
1845 0.287 1.099 1.022 0.789 0.535 0.816 1.156 0.903 0.328 0.216 1.04 1.058 1.101 1.095 1.064 1.102 1.121 0.91 0.241 0.518
1846 0.287 1.098 1.068 0.762 0.618 0.825 1.163 0.861 0.37 0.238 1.04 1.056 1.139 1.141 1.058 1.148 1.157 0.947 0.222 0.488
1847 0.291 1.119 1.107 0.758 0.655 0.85 1.166 0.784 0.377 0.256 1.077 1.069 1.095 1.141 1.002 1.132 1.171 0.979 0.201 0.469
1848 0.348 1.095 1.158 0.724 0.735 0.874 1.131 0.798 0.382 0.272 1.031 1.078 1.074 1.111 0.994 1.101 1.167 1.016 0.18 0.453
1849 0.425 1.077 1.145 0.661 0.801 0.892 1.126 0.849 0.42 0.285 0.985 1.009 1.022 1.053 0.955 1.055 1.167 1.054 0.151 0.42
1850 0.504 1.076 1.137 0.619 0.899 0.919 1.15 0.903 0.425 0.234 0.983 0.946 0.953 0.975 0.917 1.02 1.163 1.083 0.085 0.405
1851 0.578 1.081 1.146 0.597 0.879 0.908 1.143 0.958 0.347 0.216 0.92 0.907 0.951 0.941 0.863 1.019 1.165 1.121 0.043 0.421
1852 0.647 1.081 1.155 0.567 0.808 0.934 1.139 1.03 0.314 0.245 0.886 0.88 0.838 0.987 0.805 1.025 1.133 1.144 0.047 0.467
1853 0.703 1.073 1.157 0.53 0.756 0.986 1.134 1.08 0.263 0.25 0.871 0.885 0.815 1.057 0.79 1.045 1.095 1.151 0.057 0.521
1854 0.74 1.066 1.149 0.481 0.806 1.064 1.102 1.134 0.237 0.258 0.786 0.953 0.829 1.105 0.795 1.114 1.059 1.155 0.067 0.567
1855 0.734 1.022 1.142 0.422 0.833 1.041 1.061 1.152 0.224 0.275 0.774 1.03 0.929 1.1 0.925 1.137 1.026 1.156 0.077 0.606
1856 0.814 0.994 1.141 0.353 0.897 1.102 1.029 1.057 0.24 0.325 0.866 1.0 0.99 1.046 0.996 1.161 1.004 1.126 0.081 0.646
1857 0.831 0.957 1.125 0.273 0.918 1.045 1.038 0.947 0.305 0.343 0.914 0.95 0.994 0.966 0.969 1.159 0.926 1.117 0.08 0.696
1858 0.838 0.912 1.095 0.209 0.899 0.976 1.026 0.866 0.337 0.333 0.889 0.894 0.976 0.878 0.938 1.155 0.86 1.094 0.06 0.765
1859 0.81 0.911 1.041 0.17 0.874 0.926 0.975 0.77 0.341 0.277 0.833 0.878 0.904 0.837 0.887 1.139 0.806 0.998 0.048 0.814
1860 0.803 0.911 0.962 0.153 0.848 0.889 0.969 0.588 0.377 0.224 0.816 0.853 0.864 0.79 0.84 1.118 0.748 0.957 0.066 0.86
1861 0.775 0.81 0.865 0.136 0.823 0.833 0.939 0.296 0.439 0.242 0.835 0.78 0.84 0.549 0.794 1.091 0.725 1.007 0.07 0.922
1862 0.76 0.63 0.761 0.138 0.835 0.777 0.832 0.156 0.55 0.273 0.845 0.521 0.808 0.282 0.741 1.09 0.704 1.058 0.064 0.993
1863 0.718 0.468 0.672 0.122 0.896 0.758 0.735 0.125 0.658 0.374 0.747 0.397 0.695 0.186 0.715 1.118 0.687 1.097 0.053 1.062
1864 0.704 0.456 0.574 0.111 0.95 0.744 0.579 0.149 0.631 0.332 0.654 0.351 0.57 0.188 0.693 1.149 0.646 1.109 0.065 1.129
1865 0.763 0.513 0.471 0.093 0.994 0.692 0.439 0.16 0.506 0.28 0.575 0.335 0.467 0.219 0.664 1.117 0.625 1.137 0.091 1.175
1866 0.812 0.593 0.389 0.083 1.033 0.641 0.344 0.191 0.39 0.274 0.484 0.305 0.351 0.259 0.651 1.086 0.609 1.149 0.134 1.177
1867 0.865 0.723 0.319 0.076 1.056 0.586 0.227 0.209 0.309 0.263 0.367 0.229 0.245 0.268 0.626 1.056 0.589 1.149 0.184 1.183
1868 0.886 0.841 0.236 0.048 1.059 0.513 0.125 0.21 0.247 0.293 0.265 0.179 0.191 0.241 0.623 1.024 0.561 1.142 0.219 1.181
1869 0.814 0.813 0.184 0.015 1.089 0.418 0.059 0.282 0.202 0.34 0.162 0.187 0.159 0.313 0.602 0.987 0.534 1.144 0.248 1.179
1870 0.695 0.939 0.121 0.029 1.142 0.379 0.087 0.425 0.193 0.442 0.128 0.274 0.141 0.435 0.586 0.938 0.506 1.153 0.284 1.167
1871 0.559 0.934 0.128 0.099 1.143 0.435 0.14 0.56 0.293 0.524 0.184 0.376 0.273 0.647 0.556 0.916 0.477 1.149 0.322 1.155
1872 0.523 0.882 0.152 0.191 1.12 0.493 0.261 0.697 0.408 0.601 0.269 0.482 0.399 0.802 0.468 0.875 0.445 1.142 0.352 1.153
1873 0.558 0.846 0.15 0.254 1.101 0.577 0.366 0.82 0.469 0.694 0.325 0.619 0.43 0.778 0.455 0.84 0.415 1.139 0.395 1.141
1874 0.605 0.794 0.151 0.361 1.058 0.725 0.475 0.81 0.48 0.69 0.427 0.697 0.494 0.75 0.584 0.735 0.396 1.116 0.39 1.13
