time X0 Y0 X1 Y1 X2 Y2 X3 Y3 X4 Y4 X5 Y5 X6 Y6 X7 Y7 X8 Y8 X9 Y9
1305 0.089 0.389 0.6005 0.6439999999999999 0.126 0.342 0.164 0.409 0.47850000000000004 0.615 0.161 0.496 0.118 0.541 0.554 0.825 0.712 0.822 0.099 0.439
1306 0.1 0.336 0.337 0.471 0.099 0.326 0.163 0.381 0.23 0.415 0.172 0.391 0.196 0.461 0.415 0.794 0.523 0.679 0.108 0.357
1307 0.091 0.261 0.309 0.303 0.096 0.187 0.148 0.291 0.276 0.308 0.187 0.268 0.216 0.333 0.289 0.764 0.38 0.512 0.113 0.3
1308 0.098 0.214 0.309 0.197 0.205 0.097 0.158 0.189 0.244 0.143 0.226 0.132 0.242 0.258 0.217 0.676 0.304 0.318 0.088 0.238
1309 0.132 0.149 0.343 0.176 0.19 0.113 0.13 0.132 0.363 0.084 0.283 0.101 0.301 0.222 0.209 0.573 0.299 0.247 0.057 0.129
1310 0.097 0.274 0.367 0.176 0.124 0.07 0.118 0.089 0.496 0.076 0.255 0.187 0.379 0.189 0.195 0.474 0.34 0.26 0.101 0.129
1311 0.17 0.371 0.359 0.104 0.154 0.197 0.089 0.221 0.684 0.067 0.208 0.381 0.281 0.23 0.159 0.412 0.283 0.337 0.13 0.297
1312 0.105 0.495 0.243 0.094 0.125 0.305 0.107 0.371 0.834 0.056 0.169 0.503 0.218 0.324 0.131 0.529 0.264 0.439 0.153 0.358
1313 0.084 0.654 0.15 0.198 0.091 0.411 0.094 0.55 0.843 0.125 0.157 0.626 0.216 0.419 0.1 0.712 0.306 0.542 0.146 0.459
