time X0 Y0 X1 Y1 X2 Y2 X3 Y3 X4 Y4 X5 Y5 X6 Y6 X7 Y7 X8 Y8 X9 Y9
73 0.516 0.621 0.885 0.735 0.169 0.136 0.928 0.693 0.627 0.79 0.837 0.757 0.184 0.147 0.732 0.72 0.526 0.675 0.5559375 0.6379375
74 0.665 0.677 1.053 0.496 0.144 0.122 1.095 0.436 0.922 0.722 0.985 0.647 0.177 0.133 1.01 0.569 0.778 0.831 0.696 0.704
75 0.798 0.604 1.138 0.53 0.125 0.131 1.121 0.469 1.049 0.58 1.106 0.546 0.2 0.127 1.09 0.539 0.96 0.749 0.899 0.607
76 0.948 0.563 1.11 0.58 0.146 0.199 1.085 0.531 1.111 0.699 1.126 0.653 0.346 0.191 1.107 0.673 1.119 0.715 1.076 0.646
77 1.025 0.663 1.078 0.707 0.221 0.235 1.109 0.653 1.132 0.82 1.121 0.77 0.539 0.281 1.11 0.783 1.124 0.83 1.072 0.774
78 0.995 0.764 1.014 0.881 0.307 0.287 1.057 0.778 1.119 0.942 1.132 0.913 0.702 0.414 1.062 0.965 1.033 1.005 1.019 0.95
79 0.927 0.869 0.925 1.081 0.379 0.36 1.032 0.943 1.128 1.075 1.052 1.029 0.754 0.437 1.057 1.088 0.999 1.128 0.947 1.117
80 0.953 1.011 0.901 1.096 0.464 0.453 1.066 1.074 1.14 1.153 1.028 1.126 0.869 0.524 1.051 1.139 1.041 1.149 1.012 1.153
81 0.929 1.036 0.941 1.1 0.653 0.606 0.953 1.071 1.07 1.16 0.953 1.122 0.933 0.717 1.051 1.127 1.032 1.144 0.964 1.13
82 0.945 1.039 0.998 1.095 0.813 0.754 1.045 1.017 1.024 1.125 0.962 1.138 0.968 0.867 1.027 1.106 1.0 1.156 0.983 1.168
83 0.994 1.018 0.991 1.057 0.89 0.848 1.093 1.032 1.083 1.137 0.873 1.097 0.989 0.938 1.095 1.045 0.966 1.115 0.951 1.146
84 0.927 0.959 0.95 1.016 0.872 0.932 1.005 1.013 1.038 1.089 0.859 0.938 0.893 0.932 1.015 1.046 0.884 1.085 0.847 1.124
85 0.911 0.926 0.875 0.955 0.87 0.922 0.932 0.965 0.941 1.08 0.841 0.926 0.883 0.924 0.963 1.024 0.89 1.003 0.92 1.06
86 0.929 0.88 0.877 0.926 0.867 0.88 0.96 0.919 0.918 1.048 0.807 0.986 0.927 0.853 0.966 1.02 0.849 0.982 0.862 1.071
87 0.981 0.876 0.95 1.009 0.784 0.952 0.994 0.953 0.981 1.016 0.73 1.025 0.906 0.869 1.13 1.105 0.774 1.013 0.79 1.06
88 0.984 0.932 0.986 1.011 0.705 1.061 1.123 1.031 1.004 1.072 0.732 1.082 0.893 0.961 1.163 1.027 0.825 1.128 0.818 1.136
89 1.076 0.905 0.933 1.109 0.747 1.095 1.09 0.937 0.977 1.154 0.752 1.148 0.879 1.049 1.125 0.931 0.951 1.151 0.928 1.139
90 1.077 0.883 0.999 1.106 0.821 1.091 1.088 0.9 1.059 1.145 0.822 1.164 0.907 1.103 1.106 0.923 1.033 1.143 0.979 1.164
91 1.109 0.887 1.034 1.005 0.767 1.141 1.069 1.017 1.132 1.041 0.878 1.145 0.991 1.033 1.118 1.0 1.013 1.127 1.022 1.158
92 1.145 0.931 1.073 1.023 0.683 1.073 1.103 1.033 1.117 1.06 0.914 1.155 1.08 1.058 1.131 0.953 0.982 1.083 0.974 1.109
93 1.126 0.746 1.043 1.029 0.645 1.136 1.126 1.101 1.106 1.134 0.914 1.112 1.004 1.06 1.097 0.789 0.976 1.121 0.954 1.159
94 1.127 0.569 1.082 1.077 0.57 1.115 1.078 1.131 1.032 1.132 0.881 1.17 0.916 1.109 1.061 0.598 0.997 1.157 0.902 1.154
95 1.111 0.363 0.987 1.039 0.522 1.111 1.093 1.127 1.018 1.115 0.775 1.123 0.789 1.061 1.065 0.389 1.013 1.151 0.797 1.074
96 1.102 0.162 0.945 1.016 0.602 1.056 1.059 1.073 0.923 1.091 0.684 1.137 0.647 1.075 1.002 0.207 1.026 1.155 0.64 1.111
97 0.999 0.09 0.948 1.016 0.606 0.997 1.115 1.067 0.818 1.026 0.693 1.014 0.645 1.011 0.886 0.165 0.958 1.135 0.597 1.119
98 0.786 0.158 0.96 1.001 0.686 0.891 1.12 0.963 0.828 0.919 0.748 0.968 0.74 0.883 0.718 0.28 0.97 1.07 0.648 1.015
99 0.605 0.266 0.992 0.982 0.761 0.846 1.064 0.951 0.927 0.896 0.779 0.899 0.815 0.874 0.56 0.302 0.919 1.013 0.786 0.968
100 0.426 0.222 1.016 0.934 0.839 0.828 1.036 0.928 0.992 0.909 0.846 0.828 0.958 0.938 0.405 0.256 0.948 1.013 0.901 1.011
101 0.325 0.096 1.032 0.917 0.888 0.88 1.057 0.983 1.038 0.867 0.948 0.967 1.036 1.0 0.332 0.174 0.989 0.999 0.967 1.039
102 0.223 0.117 1.106 0.944 0.95 0.919 1.132 1.011 0.979 0.815 0.924 1.018 1.124 1.038 0.262 0.121 0.997 1.034 1.075 1.096
103 0.06 0.308 1.13 1.001 0.997 0.976 1.152 1.087 0.932 0.813 0.99 1.061 1.087 1.13 0.124 0.23 0.978 1.13 1.03 1.143
104 0.096 0.448 1.128 1.062 0.993 1.029 1.101 1.149 0.88 0.838 0.919 1.124 1.008 1.067 0.077 0.422 0.915 1.143 0.927 1.159
105 0.128 0.675 1.116 1.122 1.01 1.026 1.007 1.137 0.807 0.832 0.808 1.09 0.933 1.13 0.087 0.645 0.795 1.115 0.867 1.167
106 0.12 0.887 1.138 1.149 0.997 1.032 0.94 1.107 0.721 0.814 0.502 1.019 0.916 1.099 0.098 0.888 0.622 1.082 0.851 1.145
107 0.154 1.048 1.124 1.127 1.013 1.032 0.926 1.049 0.595 0.777 0.251 1.036 0.835 1.068 0.122 1.088 0.343 1.051 0.746 1.127
108 0.267 1.09 1.124 1.038 1.032 1.07 0.839 1.022 0.55 0.718 0.272 0.976 0.709 1.039 0.183 1.032 0.298 1.004 0.668 1.131
109 0.437 0.961 1.097 0.943 1.019 1.034 0.672 1.009 0.593 0.661 0.478 0.899 0.643 0.908 0.4 0.913 0.529 0.953 0.527 1.021
110 0.594 0.919 1.03 0.924 0.979 0.963 0.743 0.936 0.55 0.62 0.598 0.865 0.631 0.839 0.555 0.89 0.645 0.939 0.615 1.008
111 0.57 0.83 0.932 0.899 0.906 0.896 0.888 0.899 0.537 0.533 0.561 0.748 0.771 0.848 0.525 0.786 0.77 0.881 0.852 0.922
112 0.5 0.812 0.893 0.871 0.868 0.768 0.864 0.755 0.585 0.505 0.492 0.735 0.822 0.791 0.429 0.854 0.765 0.85 0.867 0.815
113 0.61 0.838 0.93 0.74 0.897 0.608 0.771 0.596 0.641 0.665 0.378 0.671 0.752 0.642 0.238 0.731 0.689 0.696 0.802 0.666
114 0.696 0.739 0.756 0.714 0.869 0.577 0.69 0.485 0.645 0.531 0.328 0.55 0.7 0.55 0.101 0.724 0.636 0.581 0.741 0.496
115 0.542 0.755 0.615 0.562 0.83 0.447 0.564 0.348 0.515 0.4 0.363 0.476 0.52 0.467 0.122 0.842 0.497 0.501 0.602 0.427
116 0.46 0.715 0.429 0.479 0.784 0.425 0.401 0.278 0.397 0.349 0.355 0.439 0.385 0.444 0.215 0.963 0.389 0.493 0.476 0.407
117 0.38 0.647 0.411 0.618 0.703 0.442 0.382 0.393 0.326 0.445 0.322 0.495 0.352 0.466 0.159 1.034 0.338 0.583 0.373 0.494
118 0.265 0.801 0.34 0.69 0.514 0.397 0.34 0.364 0.305 0.522 0.28 0.657 0.359 0.56 0.091 1.096 0.255 0.703 0.315 0.613
119 0.146 1.005 0.316 0.816 0.38 0.46 0.279 0.424 0.197 0.63 0.19 0.852 0.238 0.713 0.137 1.162 0.136 0.915 0.276 0.747
120 0.198 1.12 0.253 0.94 0.234 0.546 0.212 0.544 0.135 0.843 0.211 1.051 0.188 0.935 0.221 1.151 0.143 1.102 0.35 0.874
121 0.352 1.146 0.309 1.041 0.159 0.75 0.118 0.564 0.176 1.015 0.414 1.115 0.27 1.071 0.41 1.155 0.254 1.145 0.36 0.958
122 0.512 1.113 0.483 1.087 0.218 0.961 0.133 0.767 0.338 1.049 0.597 1.112 0.431 1.059 0.597 1.144 0.477 1.136 0.438 0.976
123 0.701 1.132 0.678 1.07 0.389 1.05 0.175 0.943 0.512 1.065 0.758 1.084 0.558 1.094 0.759 1.129 0.668 1.135 0.498 0.962
124 0.842 1.111 0.818 1.016 0.492 0.886 0.357 1.01 0.735 1.005 0.839 1.013 0.733 1.071 0.931 1.071 0.834 1.062 0.64 0.943
125 0.965 1.071 0.958 0.99 0.629 0.887 0.576 0.993 0.883 0.926 0.973 0.986 0.857 0.976 0.968 1.001 0.955 1.001 0.802 0.934
126 0.992 1.02 1.005 0.974 0.76 0.92 0.732 0.988 0.937 1.009 1.061 0.928 0.937 1.011 1.092 0.971 0.95 1.026 0.877 0.924
127 1.098 1.063 1.129 1.011 0.857 0.94 0.857 0.974 0.958 1.047 1.129 0.957 0.945 1.051 1.137 0.999 1.072 1.023 0.958 0.928
128 1.113 0.996 1.152 1.011 0.922 0.963 0.938 1.033 1.046 1.025 1.158 0.938 1.002 1.05 1.14 0.945 1.079 0.986 1.046 0.967
129 1.111 0.942 1.141 0.876 1.036 0.903 0.968 0.993 1.073 1.067 1.145 0.861 0.963 1.061 1.104 0.763 1.085 0.884 1.097 0.843
130 1.127 0.922 1.147 0.681 1.099 0.884 1.012 0.869 1.047 1.065 1.111 0.671 0.983 1.057 1.041 0.599 1.089 0.72 1.089 0.668
131 1.07 0.811 1.14 0.466 1.056 0.758 1.001 0.736 1.155 1.032 1.094 0.476 0.987 1.076 0.882 0.484 1.021 0.641 1.074 0.506
132 0.995 0.721 1.109 0.337 1.093 0.627 1.039 0.601 1.119 0.848 1.09 0.276 0.994 1.001 0.854 0.27 1.034 0.593 0.955 0.316
133 1.065 0.576 1.054 0.154 1.087 0.542 1.067 0.547 1.123 0.68 0.931 0.108 1.021 0.866 0.8 0.105 1.045 0.326 0.883 0.133
134 1.021 0.567 0.853 0.084 0.994 0.362 0.937 0.477 1.081 0.57 0.717 0.078 1.018 0.713 0.616 0.106 0.949 0.172 0.681 0.122
135 0.903 0.469 0.623 0.091 0.809 0.289 0.779 0.352 1.008 0.533 0.488 0.095 0.99 0.608 0.405 0.124 0.739 0.169 0.499 0.125
136 0.782 0.422 0.386 0.133 0.627 0.287 0.584 0.3 0.93 0.343 0.265 0.147 0.906 0.481 0.22 0.173 0.514 0.243 0.317 0.182
137 0.705 0.391 0.255 0.295 0.468 0.282 0.434 0.318 0.877 0.193 0.237 0.255 0.818 0.424 0.167 0.336 0.39 0.27 0.2 0.333
138 0.496 0.333 0.212 0.48 0.327 0.249 0.32 0.345 0.958 0.119 0.169 0.369 0.726 0.409 0.145 0.547 0.288 0.306 0.154 0.429
139 0.314 0.316 0.245 0.685 0.229 0.318 0.2 0.393 1.1 0.129 0.142 0.541 0.476 0.341 0.124 0.784 0.18 0.377 0.136 0.62
140 0.2 0.395 0.216 0.887 0.153 0.342 0.149 0.605 1.132 0.184 0.128 0.734 0.343 0.337 0.174 0.964 0.138 0.584 0.154 0.844
141 0.084 0.511 0.388 1.066 0.075 0.477 0.206 0.835 1.126 0.245 0.177 0.933 0.25 0.408 0.26 1.055 0.159 0.721 0.259 1.014
142 0.14 0.719 0.647 1.022 0.139 0.68 0.413 0.975 0.998 0.32 0.336 1.064 0.189 0.581 0.489 1.07 0.253 0.917 0.479 1.048
143 0.256 0.902 0.82 0.94 0.176 0.834 0.652 0.996 0.854 0.418 0.565 1.073 0.204 0.727 0.718 1.032 0.433 1.006 0.68 1.017
144 0.433 1.008 0.979 0.848 0.311 0.938 0.844 0.905 0.738 0.487 0.78 0.984 0.232 0.888 0.906 0.913 0.672 0.977 0.859 0.919
145 0.703 1.019 1.095 0.717 0.52 0.977 0.997 0.834 0.638 0.605 0.966 0.907 0.379 0.98 1.103 0.834 0.867 0.924 1.032 0.874
146 0.875 0.945 1.071 0.511 0.715 0.965 1.069 0.678 0.637 0.658 1.063 0.771 0.605 1.011 1.106 0.587 1.026 0.85 1.115 0.714
147 1.026 0.826 1.08 0.322 0.844 1.046 1.083 0.539 0.567 0.695 1.024 0.572 0.756 0.986 1.151 0.374 1.094 0.669 1.128 0.597
148 1.089 0.662 1.036 0.14 0.99 1.09 1.066 0.307 0.535 0.79 1.086 0.395 0.85 1.029 1.094 0.158 1.119 0.484 1.124 0.366
149 1.129 0.476 1.08 0.104 1.023 1.123 1.104 0.122 0.683 0.82 1.112 0.211 0.909 1.06 1.148 0.126 1.116 0.274 1.131 0.147
150 1.15 0.299 1.124 0.085 1.073 1.116 1.093 0.141 0.788 0.902 1.16 0.183 0.976 1.105 1.143 0.136 1.088 0.205 1.162 0.153
151 1.087 0.307 1.028 0.063 1.077 1.142 1.075 0.237 0.753 1.016 1.128 0.274 1.061 1.115 1.077 0.212 1.039 0.239 1.12 0.188
152 1.008 0.461 0.92 0.124 1.069 1.139 1.041 0.379 0.666 1.039 1.102 0.534 1.005 1.143 1.044 0.327 1.013 0.353 1.043 0.275
153 1.067 0.755 0.91 0.238 1.014 1.119 1.064 0.663 0.599 1.063 1.073 0.766 0.927 1.114 1.062 0.466 1.07 0.572 1.062 0.432
154 1.016 0.939 0.891 0.345 1.018 1.119 0.992 0.861 0.528 1.103 0.994 1.003 0.966 1.1 1.012 0.724 1.023 0.813 1.053 0.639
155 1.082 1.0 0.778 0.42 1.095 1.103 0.948 1.007 0.488 1.139 1.113 1.053 0.803 1.047 0.981 0.901 1.046 0.984 0.96 0.828
156 1.164 0.916 0.615 0.466 1.108 1.067 0.84 1.061 0.443 1.084 1.153 1.029 0.772 1.006 1.096 0.932 1.026 0.997 1.133 0.884
157 1.137 0.739 0.44 0.409 1.067 1.098 0.771 1.004 0.424 0.89 1.169 0.924 0.676 0.925 1.142 0.798 0.967 1.056 1.106 0.638
158 1.077 0.581 0.26 0.322 0.854 1.007 0.651 0.877 0.366 0.741 1.164 0.882 0.557 0.807 1.121 0.644 0.782 0.951 1.001 0.557
159 0.793 0.64 0.118 0.38 0.665 0.846 0.537 0.697 0.315 0.602 1.066 0.748 0.443 0.666 0.976 0.591 0.59 0.763 0.787 0.63
160 0.491 0.694 0.126 0.563 0.426 0.641 0.396 0.501 0.274 0.538 0.957 0.584 0.333 0.533 0.714 0.551 0.378 0.537 0.461 0.547
161 0.167 0.746 0.203 0.534 0.218 0.58 0.254 0.487 0.204 0.517 0.765 0.477 0.211 0.463 0.467 0.517 0.265 0.552 0.345 0.563
162 0.191 0.931 0.115 0.66 0.138 0.704 0.19 0.568 0.143 0.502 0.737 0.435 0.139 0.462 0.314 0.506 0.161 0.736 0.186 0.694
163 0.232 1.109 0.162 0.823 0.173 0.96 0.13 0.774 0.095 0.652 0.695 0.449 0.062 0.529 0.191 0.655 0.242 0.926 0.281 0.886
164 0.39 1.133 0.213 0.997 0.328 1.095 0.2 0.986 0.144 0.843 0.557 0.445 0.088 0.674 0.201 0.858 0.39 1.084 0.397 1.032
165 0.557 1.095 0.376 1.122 0.52 1.105 0.413 1.078 0.289 0.958 0.426 0.465 0.111 0.814 0.31 1.008 0.627 1.086 0.576 1.055
166 0.75 1.057 0.554 1.134 0.749 1.119 0.67 1.095 0.489 1.005 0.395 0.433 0.251 0.958 0.5 1.076 0.803 1.031 0.779 1.009
167 0.919 0.978 0.751 1.113 0.922 1.011 0.823 0.99 0.671 0.997 0.268 0.51 0.483 1.046 0.683 1.088 0.903 0.915 0.877 0.905
168 1.014 0.888 0.921 1.048 1.108 0.931 0.994 0.955 0.841 0.942 0.18 0.391 0.652 1.062 0.847 1.042 1.007 0.838 0.989 0.807
169 1.124 0.813 1.082 1.014 1.133 0.856 1.124 0.923 0.979 0.936 0.231 0.293 0.81 1.072 1.026 1.019 1.129 0.734 1.127 0.717
170 1.094 0.658 1.134 0.84 1.116 0.722 1.147 0.77 1.055 0.863 0.281 0.295 0.966 1.022 1.118 0.862 1.127 0.617 1.134 0.519
171 1.093 0.463 1.105 0.659 1.102 0.513 1.133 0.595 1.049 0.708 0.48 0.306 1.093 0.903 1.137 0.706 1.121 0.437 1.133 0.311
172 1.062 0.264 1.132 0.476 1.11 0.314 1.119 0.412 1.016 0.558 0.632 0.334 1.131 0.657 1.141 0.471 1.127 0.222 1.034 0.146
173 0.867 0.204 1.127 0.287 1.027 0.155 1.115 0.199 1.013 0.412 0.712 0.34 1.124 0.475 1.149 0.236 1.021 0.079 0.959 0.148
174 0.829 0.157 0.982 0.285 0.935 0.112 1.041 0.115 0.87 0.298 0.73 0.243 1.082 0.303 1.087 0.118 0.842 0.065 0.85 0.127
175 0.664 0.127 0.846 0.256 0.835 0.101 0.94 0.211 0.626 0.157 0.572 0.186 0.972 0.252 0.963 0.114 0.646 0.107 0.709 0.109
176 0.52 0.143 0.731 0.301 0.665 0.097 0.877 0.215 0.414 0.144 0.38 0.169 0.906 0.324 0.908 0.19 0.455 0.081 0.567 0.095
177 0.343 0.216 0.563 0.294 0.481 0.123 0.775 0.309 0.258 0.16 0.286 0.258 0.85 0.364 0.874 0.211 0.318 0.148 0.381 0.119
178 0.234 0.318 0.401 0.312 0.361 0.207 0.644 0.402 0.198 0.326 0.242 0.393 0.766 0.358 0.802 0.286 0.203 0.214 0.27 0.287
179 0.184 0.414 0.322 0.354 0.255 0.249 0.552 0.463 0.18 0.416 0.168 0.533 0.599 0.379 0.683 0.308 0.162 0.348 0.219 0.436
180 0.178 0.476 0.302 0.469 0.159 0.345 0.442 0.531 0.115 0.611 0.127 0.746 0.516 0.446 0.588 0.382 0.084 0.464 0.157 0.65
181 0.14 0.669 0.283 0.611 0.177 0.517 0.27 0.656 0.107 0.828 0.143 0.966 0.376 0.573 0.432 0.457 0.081 0.653 0.145 0.883
182 0.107 0.865 0.296 0.777 0.148 0.7 0.185 0.784 0.22 0.979 0.289 1.069 0.277 0.7 0.335 0.515 0.08 0.841 0.312 1.01
183 0.188 0.96 0.396 0.873 0.247 0.718 0.198 0.865 0.151 1.047 0.402 0.943 0.295 0.801 0.439 0.734 0.113 1.002 0.452 0.914
184 0.281 1.045 0.453 0.812 0.323 0.87 0.309 0.955 0.286 1.11 0.519 0.869 0.312 0.891 0.574 0.738 0.152 1.09 0.593 0.743
185 0.431 1.034 0.605 0.836 0.486 0.982 0.482 1.02 0.423 1.036 0.715 0.864 0.318 0.96 0.765 0.789 0.356 1.083 0.756 0.861
186 0.553 0.938 0.764 0.887 0.661 0.955 0.723 0.991 0.568 1.005 0.888 0.899 0.411 1.01 0.906 0.846 0.563 1.034 0.916 0.886
187 0.714 0.945 0.867 0.903 0.807 0.945 0.846 0.967 0.757 0.985 1.007 0.896 0.554 1.01 0.994 0.805 0.713 0.994 1.074 0.886
188 0.883 0.84 1.069 0.679 0.976 0.834 0.999 0.884 0.909 0.901 1.086 0.683 0.727 0.972 1.077 0.669 0.836 0.976 1.105 0.788
189 0.964 0.655 1.105 0.502 1.02 0.672 1.019 0.775 0.935 0.742 1.124 0.551 0.849 0.894 1.089 0.477 0.911 0.826 1.103 0.727
190 1.016 0.461 1.109 0.299 1.053 0.517 1.061 0.62 0.985 0.548 1.095 0.342 0.906 0.796 1.103 0.297 0.922 0.678 1.131 0.508
191 1.072 0.283 1.03 0.143 1.1 0.417 1.112 0.532 1.037 0.364 1.042 0.194 0.962 0.641 1.003 0.143 0.998 0.503 1.127 0.295
192 1.05 0.117 0.852 0.082 1.169 0.384 1.142 0.546 1.008 0.17 0.935 0.124 1.07 0.507 0.81 0.101 1.083 0.39 1.057 0.151
193 0.867 0.097 0.656 0.097 1.15 0.413 1.105 0.58 0.781 0.091 0.736 0.127 1.111 0.542 0.568 0.114 1.136 0.434 0.874 0.12
194 0.739 0.071 0.444 0.099 1.036 0.473 1.138 0.645 0.529 0.098 0.538 0.142 1.094 0.58 0.397 0.128 1.009 0.502 0.692 0.141
195 0.556 0.137 0.281 0.178 0.915 0.443 1.11 0.578 0.348 0.184 0.377 0.201 1.127 0.565 0.291 0.226 0.776 0.346 0.494 0.174
196 0.397 0.221 0.244 0.283 0.693 0.346 0.92 0.438 0.242 0.356 0.288 0.358 0.998 0.403 0.252 0.372 0.524 0.261 0.348 0.226
197 0.291 0.276 0.198 0.408 0.476 0.293 0.671 0.324 0.202 0.535 0.266 0.458 0.819 0.307 0.22 0.566 0.353 0.314 0.239 0.326
198 0.208 0.418 0.132 0.535 0.288 0.356 0.403 0.328 0.119 0.693 0.191 0.607 0.558 0.302 0.151 0.741 0.287 0.408 0.194 0.47
199 0.196 0.59 0.077 0.716 0.187 0.447 0.278 0.368 0.1 0.818 0.153 0.798 0.33 0.349 0.114 0.898 0.226 0.495 0.131 0.662
200 0.187 0.779 0.123 0.903 0.16 0.636 0.199 0.513 0.22 1.001 0.241 0.972 0.197 0.417 0.212 1.056 0.215 0.628 0.155 0.875
201 0.269 0.946 0.238 1.033 0.172 0.856 0.162 0.696 0.436 1.094 0.405 1.051 0.177 0.624 0.435 1.103 0.252 0.759 0.265 1.04
202 0.491 1.023 0.346 1.111 0.272 0.995 0.198 0.868 0.677 1.089 0.551 1.108 0.166 0.798 0.613 1.112 0.348 0.863 0.428 1.121
203 0.739 1.019 0.552 1.114 0.431 1.08 0.349 1.01 0.861 1.074 0.777 1.13 0.265 0.958 0.81 1.054 0.496 0.964 0.622 1.142
204 0.885 0.953 0.791 1.04 0.644 1.118 0.529 1.092 0.955 0.919 0.929 1.009 0.42 1.049 0.935 0.932 0.692 0.986 0.845 1.08
205 0.942 0.821 0.903 0.88 0.84 1.048 0.705 1.089 1.005 0.744 1.038 0.862 0.608 1.068 1.018 0.822 0.805 0.917 0.963 0.934
206 1.064 0.751 1.049 0.829 0.999 0.961 0.924 1.044 1.109 0.683 1.138 0.87 0.839 1.103 1.127 0.719 0.935 0.903 1.094 0.909
207 1.133 0.814 1.123 0.992 1.091 1.032 1.023 1.001 1.021 0.628 1.136 0.966 0.979 0.972 1.17 0.737 1.035 0.988 1.112 1.01
208 1.079 1.007 1.095 1.133 1.023 1.127 0.968 1.113 1.086 0.812 1.14 1.006 0.968 1.106 1.172 0.855 1.043 1.053 1.079 1.131
209 0.98 1.094 1.055 1.131 0.939 1.149 0.867 1.13 1.114 0.991 1.019 1.081 0.805 1.09 1.147 0.955 0.859 1.073 0.983 1.127
210 0.811 1.059 0.9 1.145 0.731 1.149 0.668 1.118 0.969 1.11 0.87 1.067 0.636 1.091 1.073 1.047 0.737 1.075 0.883 1.13
211 0.637 1.065 0.69 1.134 0.532 1.129 0.513 1.128 0.764 1.134 0.723 1.057 0.498 1.095 0.961 1.123 0.568 1.048 0.659 1.096
212 0.505 1.117 0.532 1.147 0.455 1.123 0.433 1.147 0.561 1.131 0.636 1.085 0.467 1.095 0.784 1.152 0.509 1.078 0.538 1.121
213 0.358 1.067 0.369 1.137 0.319 1.079 0.29 1.133 0.381 1.143 0.543 1.114 0.323 1.064 0.611 1.157 0.405 1.037 0.377 1.128
214 0.21 1.062 0.193 1.163 0.178 1.116 0.193 1.13 0.229 1.134 0.408 1.109 0.172 1.073 0.43 1.164 0.283 1.072 0.211 1.126
215 0.1 1.061 0.091 1.128 0.062 1.075 0.068 1.101 0.079 1.094 0.289 1.112 0.074 1.066 0.286 1.135 0.18 1.071 0.076 1.097
216 0.101 0.885 0.087 1.019 0.068 0.909 0.069 0.956 0.115 0.913 0.262 1.012 0.073 0.85 0.172 1.099 0.143 0.939 0.092 0.963
217 0.092 0.676 0.099 0.886 0.081 0.751 0.065 0.812 0.119 0.727 0.248 0.878 0.075 0.689 0.093 1.0 0.155 0.748 0.116 0.773
218 0.116 0.531 0.147 0.782 0.086 0.548 0.1 0.754 0.127 0.546 0.246 0.689 0.076 0.514 0.098 0.86 0.169 0.599 0.096 0.677
219 0.13 0.377 0.098 0.722 0.103 0.35 0.065 0.564 0.14 0.423 0.27 0.537 0.099 0.347 0.075 0.848 0.156 0.428 0.102 0.524
220 0.095 0.257 0.108 0.564 0.1 0.205 0.086 0.43 0.115 0.286 0.203 0.506 0.056 0.199 0.096 1.016 0.139 0.258 0.111 0.362
221 0.2 0.123 0.108 0.412 0.218 0.065 0.092 0.308 0.201 0.131 0.211 0.377 0.142 0.108 0.23 1.119 0.203 0.096 0.165 0.226
222 0.415 0.118 0.116 0.258 0.448 0.076 0.192 0.181 0.389 0.138 0.307 0.312 0.325 0.118 0.432 1.117 0.477 0.103 0.222 0.14
223 0.576 0.137 0.203 0.154 0.605 0.078 0.231 0.11 0.518 0.339 0.461 0.454 0.455 0.285 0.614 1.129 0.648 0.131 0.316 0.113
224 0.713 0.197 0.235 0.138 0.78 0.123 0.376 0.153 0.59 0.586 0.633 0.64 0.571 0.502 0.817 1.104 0.833 0.199 0.482 0.226
225 0.841 0.263 0.394 0.17 0.939 0.108 0.561 0.251 0.723 0.716 0.802 0.888 0.675 0.702 1.006 1.085 0.992 0.15 0.622 0.245
226 0.98 0.196 0.571 0.208 1.123 0.032 0.733 0.396 0.865 0.788 1.017 0.89 0.814 0.786 1.126 1.014 1.066 0.168 0.761 0.223
227 1.082 0.331 0.778 0.241 1.023 0.133 0.889 0.345 1.066 0.684 0.958 0.846 0.958 0.819 1.071 0.814 1.164 0.198 0.979 0.216
228 1.125 0.375 0.954 0.253 1.107 0.299 1.038 0.372 1.052 0.376 0.979 0.726 1.015 0.506 1.082 0.589 1.147 0.296 1.029 0.318
229 1.113 0.414 1.052 0.234 1.035 0.291 1.063 0.403 1.065 0.457 0.98 0.578 1.043 0.452 1.046 0.51 1.078 0.389 1.015 0.335
230 1.135 0.356 1.057 0.294 0.948 0.262 1.08 0.308 1.115 0.35 1.035 0.595 1.087 0.408 1.136 0.522 1.107 0.306 0.963 0.303
231 1.149 0.237 0.963 0.192 0.76 0.186 1.079 0.168 1.089 0.23 1.034 0.549 0.983 0.312 1.123 0.424 1.132 0.188 0.877 0.232
232 1.125 0.129 0.716 0.119 0.588 0.112 0.934 0.112 1.019 0.161 0.903 0.495 0.868 0.195 1.069 0.353 1.047 0.114 0.677 0.151
233 0.951 0.103 0.487 0.112 0.427 0.152 0.729 0.093 0.833 0.111 0.778 0.44 0.652 0.168 1.005 0.223 0.915 0.121 0.468 0.156
234 0.779 0.071 0.301 0.18 0.255 0.262 0.52 0.131 0.58 0.156 0.635 0.367 0.453 0.19 0.875 0.084 0.707 0.092 0.278 0.218
235 0.614 0.102 0.224 0.308 0.125 0.432 0.346 0.184 0.382 0.222 0.462 0.345 0.301 0.26 0.79 0.057 0.49 0.132 0.187 0.352
236 0.41 0.161 0.173 0.471 0.141 0.653 0.229 0.299 0.265 0.31 0.333 0.343 0.224 0.374 0.594 0.138 0.351 0.203 0.12 0.534
237 0.247 0.268 0.17 0.671 0.217 0.872 0.155 0.427 0.208 0.447 0.267 0.424 0.17 0.555 0.352 0.173 0.221 0.27 0.186 0.749
238 0.221 0.422 0.186 0.861 0.283 1.076 0.156 0.609 0.189 0.633 0.271 0.561 0.175 0.768 0.216 0.291 0.162 0.448 0.263 0.96
239 0.185 0.586 0.216 1.024 0.143 1.152 0.132 0.801 0.18 0.843 0.255 0.729 0.172 0.948 0.198 0.446 0.157 0.634 0.251 1.106
240 0.147 0.752 0.13 1.116 0.143 1.148 0.094 0.983 0.137 1.0 0.225 0.883 0.08 1.05 0.171 0.674 0.113 0.82 0.222 1.151
241 0.088 0.883 0.195 1.142 0.379 1.145 0.239 1.098 0.326 1.114 0.279 1.019 0.154 1.099 0.142 0.849 0.087 0.99 0.467 1.142
242 0.085 1.041 0.341 1.138 0.591 1.138 0.454 1.105 0.569 1.106 0.434 1.035 0.293 1.112 0.074 0.997 0.101 1.103 0.639 1.138
243 0.135 1.136 0.508 1.105 0.81 1.151 0.673 1.094 0.792 1.079 0.619 1.028 0.447 1.096 0.148 1.101 0.259 1.154 0.848 1.113
244 0.147 1.14 0.697 1.058 0.951 1.036 0.854 0.97 0.914 0.949 0.763 0.972 0.61 1.087 0.301 1.141 0.432 1.142 0.966 0.932
245 0.265 1.137 0.833 0.982 1.044 0.868 0.973 0.865 1.01 0.828 0.877 0.917 0.785 1.069 0.497 1.125 0.627 1.123 1.05 0.777
246 0.511 1.108 0.953 0.915 1.136 0.738 1.051 0.706 1.109 0.681 0.981 0.857 0.935 0.953 0.679 1.107 0.82 1.135 1.101 0.628
247 0.706 1.132 1.087 0.782 1.133 0.52 1.06 0.533 1.125 0.466 1.063 0.752 1.053 0.864 0.88 1.118 1.049 1.155 1.121 0.418
248 0.906 1.134 1.138 0.55 1.117 0.324 1.075 0.355 1.071 0.265 1.107 0.566 1.111 0.703 0.988 1.136 1.166 1.092 1.045 0.2
249 0.963 1.13 1.093 0.322 1.022 0.173 0.984 0.212 0.939 0.114 1.093 0.409 1.119 0.49 0.973 1.098 1.112 0.907 0.851 0.084
250 1.042 1.077 0.935 0.224 0.844 0.127 0.781 0.175 0.71 0.118 1.043 0.267 1.132 0.301 1.104 1.047 1.061 0.735 0.62 0.147
251 1.11 1.01 0.727 0.201 0.662 0.149 0.558 0.191 0.512 0.136 0.874 0.228 0.988 0.202 1.106 0.899 1.106 0.563 0.447 0.163
252 1.11 0.838 0.611 0.228 0.494 0.184 0.395 0.226 0.327 0.195 0.687 0.23 0.818 0.162 1.13 0.697 1.127 0.389 0.245 0.119
253 1.101 0.679 0.629 0.234 0.301 0.289 0.263 0.283 0.229 0.31 0.666 0.31 0.656 0.138 1.11 0.521 1.152 0.19 0.211 0.276
254 1.092 0.543 0.552 0.272 0.263 0.397 0.222 0.449 0.185 0.468 0.502 0.337 0.575 0.221 1.106 0.31 1.092 0.035 0.213 0.413
255 1.066 0.347 0.398 0.345 0.299 0.578 0.252 0.616 0.21 0.63 0.379 0.391 0.503 0.283 1.069 0.11 0.914 0.059 0.268 0.558
256 0.99 0.188 0.316 0.487 0.355 0.767 0.335 0.764 0.299 0.737 0.358 0.518 0.343 0.364 0.865 0.074 0.742 0.055 0.343 0.666
257 0.867 0.111 0.305 0.668 0.42 0.95 0.33 0.922 0.319 0.855 0.407 0.697 0.293 0.533 0.739 0.07 0.562 0.05 0.372 0.784
258 0.693 0.101 0.382 0.804 0.523 1.07 0.466 1.033 0.469 0.967 0.478 0.873 0.304 0.752 0.532 0.099 0.419 0.053 0.469 0.922
259 0.545 0.128 0.529 0.887 0.656 1.061 0.673 1.015 0.709 0.982 0.635 0.923 0.412 0.889 0.462 0.117 0.25 0.082 0.668 0.956
260 0.435 0.102 0.676 0.88 0.828 0.957 0.82 0.932 0.841 0.846 0.769 0.876 0.613 0.914 0.35 0.145 0.1 0.091 0.921 0.719
261 0.296 0.139 0.82 0.832 0.994 0.782 0.952 0.774 0.98 0.68 0.922 0.786 0.767 0.882 0.143 0.149 0.076 0.202 1.054 0.442
262 0.198 0.161 0.97 0.759 1.088 0.534 1.036 0.564 1.083 0.441 1.014 0.658 0.911 0.819 0.089 0.245 0.104 0.272 1.111 0.124
263 0.122 0.213 1.043 0.589 1.093 0.288 0.999 0.348 1.089 0.18 1.101 0.513 1.027 0.696 0.081 0.287 0.106 0.387 0.915 0.111
264 0.118 0.38 1.068 0.419 0.881 0.186 0.815 0.203 0.872 0.142 1.078 0.335 1.087 0.508 0.086 0.382 0.105 0.506 0.686 0.201
265 0.091 0.485 0.963 0.265 0.635 0.193 0.562 0.221 0.634 0.147 0.917 0.226 1.059 0.335 0.069 0.475 0.083 0.565 0.445 0.288
266 0.104 0.608 0.782 0.197 0.392 0.247 0.33 0.312 0.415 0.226 0.704 0.193 0.921 0.214 0.121 0.523 0.166 0.624 0.23 0.481
267 0.105 0.686 0.591 0.209 0.221 0.411 0.221 0.518 0.244 0.337 0.483 0.239 0.713 0.169 0.129 0.551 0.098 0.72 0.203 0.531
268 0.133 0.853 0.413 0.269 0.159 0.5 0.224 0.524 0.175 0.458 0.307 0.324 0.523 0.191 0.12 0.632 0.072 0.847 0.148 0.574
269 0.187 0.985 0.255 0.324 0.124 0.58 0.119 0.679 0.211 0.393 0.195 0.358 0.317 0.255 0.11 0.817 0.07 0.997 0.107 0.791
270 0.339 1.045 0.171 0.441 0.13 0.781 0.114 0.886 0.15 0.512 0.136 0.399 0.172 0.295 0.153 0.992 0.074 1.101 0.122 0.959
271 0.487 1.082 0.175 0.642 0.24 0.965 0.21 1.039 0.19 0.739 0.121 0.64 0.137 0.417 0.357 1.079 0.161 1.142 0.191 1.044
272 0.631 1.014 0.21 0.844 0.424 1.029 0.37 1.098 0.288 0.89 0.207 0.9 0.131 0.619 0.546 1.067 0.316 1.141 0.362 1.125
273 0.782 1.01 0.359 0.962 0.641 1.042 0.571 1.116 0.457 0.987 0.424 1.039 0.172 0.87 0.731 1.048 0.474 1.151 0.515 1.103
274 0.906 0.938 0.548 0.992 0.8 0.976 0.737 1.054 0.632 0.996 0.646 1.011 0.258 1.047 0.875 0.984 0.623 1.138 0.669 1.1
275 1.094 0.945 0.71 0.985 0.963 1.009 0.935 1.038 0.773 0.963 0.852 0.957 0.458 1.071 1.03 0.971 0.746 1.134 0.807 1.094
276 1.116 0.755 0.857 0.972 1.103 0.961 1.066 0.995 0.888 0.957 0.986 0.899 0.666 1.106 1.111 0.85 0.905 1.133 0.936 1.098
277 1.116 0.57 0.979 0.959 1.128 0.758 1.095 0.794 1.005 0.896 1.046 0.689 0.775 1.125 1.126 0.666 0.964 1.13 1.047 1.132
278 1.079 0.385 1.074 0.848 1.146 0.59 1.104 0.607 1.106 0.781 1.055 0.455 0.766 1.131 1.148 0.473 1.075 1.118 1.133 1.045
279 0.967 0.198 1.136 0.675 1.128 0.379 1.095 0.408 1.148 0.575 0.989 0.296 0.765 1.132 1.082 0.281 1.129 1.028 1.13 0.872
280 0.79 0.125 1.128 0.489 1.074 0.243 1.027 0.208 1.129 0.41 0.859 0.176 0.82 1.087 0.948 0.139 1.124 0.874 1.144 0.71
281 0.596 0.107 1.085 0.324 0.927 0.15 0.836 0.118 0.967 0.244 0.706 0.127 0.773 1.068 0.775 0.093 1.143 0.717 1.155 0.546
282 0.426 0.251 0.902 0.227 0.832 0.057 0.622 0.166 0.805 0.194 0.506 0.15 0.815 1.007 0.593 0.118 1.153 0.586 1.168 0.474
283 0.295 0.476 0.736 0.18 0.603 0.151 0.43 0.27 0.668 0.253 0.353 0.312 0.898 1.007 0.399 0.215 1.144 0.473 1.137 0.397
284 0.215 0.686 0.646 0.325 0.419 0.274 0.278 0.397 0.509 0.24 0.271 0.487 0.973 1.062 0.255 0.387 1.143 0.355 1.112 0.241
285 0.382 0.85 0.496 0.383 0.283 0.428 0.235 0.6 0.338 0.337 0.254 0.702 0.944 1.111 0.217 0.636 1.124 0.213 1.044 0.098
286 0.659 0.968 0.401 0.515 0.257 0.651 0.383 0.76 0.283 0.493 0.445 0.847 0.935 1.137 0.346 0.818 1.046 0.1 0.882 0.086
287 0.874 1.053 0.466 0.679 0.419 0.813 0.606 0.886 0.394 0.703 0.693 0.968 0.9 1.113 0.561 0.945 0.881 0.087 0.707 0.094
288 1.093 1.063 0.618 0.791 0.612 0.928 0.826 0.97 0.599 0.849 0.929 1.062 0.951 1.127 0.809 1.03 0.722 0.095 0.534 0.06
289 1.023 1.044 0.774 0.84 0.823 0.99 1.005 0.819 0.82 0.919 0.981 1.003 1.03 1.106 0.973 0.972 0.55 0.094 0.375 0.075
290 1.07 0.977 0.846 0.581 0.922 0.903 0.958 0.826 0.906 0.851 0.958 0.955 1.051 1.003 1.02 0.885 0.436 0.082 0.236 0.072
291 1.02 0.844 0.622 0.328 0.94 0.84 0.928 0.731 0.831 0.599 0.94 0.888 0.966 0.882 0.988 0.861 0.281 0.088 0.119 0.078
292 1.002 0.681 0.34 0.18 0.902 0.669 0.788 0.505 0.599 0.358 0.928 0.78 0.966 0.794 0.966 0.666 0.168 0.087 0.069 0.06
293 0.952 0.499 0.087 0.092 0.78 0.495 0.564 0.329 0.343 0.197 0.892 0.598 0.934 0.649 0.893 0.484 0.091 0.065 0.078 0.059
294 0.849 0.353 0.05 0.298 0.633 0.363 0.356 0.274 0.164 0.207 0.755 0.465 0.758 0.509 0.738 0.354 0.114 0.166 0.05 0.129
295 0.758 0.372 0.055 0.285 0.43 0.287 0.19 0.322 0.119 0.338 0.515 0.387 0.729 0.42 0.551 0.261 0.036 0.25 0.047 0.191
296 0.728 0.395 0.091 0.382 0.263 0.262 0.185 0.352 0.132 0.35 0.288 0.308 0.676 0.453 0.384 0.245 0.081 0.329 0.101 0.282
297 0.68 0.485 0.185 0.383 0.216 0.308 0.208 0.381 0.195 0.352 0.27 0.385 0.611 0.471 0.286 0.23 0.203 0.308 0.192 0.291
298 0.564 0.317 0.283 0.383 0.296 0.324 0.335 0.391 0.281 0.372 0.396 0.406 0.542 0.424 0.361 0.312 0.244 0.347 0.255 0.293
299 0.563 0.18 0.288 0.354 0.384 0.27 0.502 0.29 0.419 0.287 0.49 0.362 0.51 0.328 0.54 0.247 0.325 0.266 0.309 0.247
300 0.637 0.117 0.396 0.367 0.504 0.163 0.607 0.182 0.537 0.219 0.591 0.333 0.621 0.226 0.601 0.109 0.434 0.145 0.318 0.165
301 0.756 0.073 0.506 0.25 0.621 0.091 0.736 0.159 0.665 0.212 0.6 0.244 0.747 0.173 0.703 0.057 0.311 0.141 0.273 0.146
302 0.834 0.087 0.496 0.209 0.766 0.078 0.844 0.163 0.777 0.155 0.603 0.196 0.824 0.187 0.818 0.039 0.348 0.237 0.252 0.239
303 0.904 0.091 0.467 0.27 0.832 0.042 0.921 0.155 0.898 0.137 0.758 0.149 0.917 0.193 0.893 0.084 0.429 0.192 0.429 0.227
304 1.02 0.083 0.592 0.272 0.826 0.084 1.036 0.126 0.807 0.119 0.761 0.145 0.902 0.142 0.981 0.088 0.638 0.18 0.359 0.195
305 1.077 0.096 0.675 0.284 0.847 0.082 1.078 0.122 0.819 0.147 0.745 0.176 0.879 0.172 0.9 0.091 0.691 0.232 0.331 0.152
306 1.121 0.189 0.71 0.239 0.87 0.176 1.033 0.211 0.871 0.222 0.818 0.167 0.905 0.186 1.001 0.172 0.702 0.206 0.387 0.154
307 1.101 0.359 0.784 0.322 0.95 0.291 1.052 0.352 0.945 0.314 0.931 0.199 0.951 0.306 1.024 0.35 0.816 0.178 0.416 0.201
308 1.063 0.519 0.843 0.466 0.978 0.457 1.034 0.535 0.985 0.523 1.002 0.312 0.954 0.479 1.006 0.509 0.816 0.281 0.417 0.263
309 1.057 0.644 0.864 0.631 0.997 0.584 1.027 0.723 0.959 0.703 1.029 0.455 0.933 0.654 0.97 0.698 0.842 0.457 0.372 0.301
310 1.037 0.809 0.86 0.782 1.006 0.749 0.968 0.901 0.929 0.869 1.06 0.581 0.903 0.811 0.932 0.863 0.887 0.634 0.314 0.337
311 0.997 1.003 0.857 0.899 0.966 0.832 0.944 1.051 0.928 1.031 1.038 0.755 0.893 0.938 0.939 1.034 0.877 0.8 0.252 0.347
312 0.992 1.018 0.808 1.123 0.955 0.999 0.93 1.13 0.841 1.11 0.973 0.799 0.927 1.022 0.875 1.144 0.971 0.878 0.244 0.459
313 0.961 1.127 0.593 1.083 0.974 1.091 0.763 1.142 0.654 1.084 0.94 0.884 0.947 1.112 0.706 1.139 0.935 0.999 0.348 0.515
314 0.779 1.123 0.415 1.145 0.899 1.165 0.582 1.149 0.488 1.092 0.906 1.005 0.718 1.122 0.492 1.146 0.74 1.065 0.438 0.583
315 0.602 1.12 0.217 1.108 0.786 1.161 0.402 1.14 0.343 1.081 0.754 1.113 0.541 1.121 0.273 1.106 0.526 1.103 0.541 0.703
316 0.415 1.046 0.094 1.063 0.665 1.16 0.219 1.138 0.168 1.088 0.563 1.116 0.372 1.11 0.1 1.043 0.315 1.071 0.627 0.855
317 0.253 0.994 0.06 0.858 0.608 1.164 0.09 1.006 0.11 0.906 0.398 1.108 0.226 1.042 0.089 0.84 0.167 0.936 0.66 1.005
318 0.192 0.828 0.06 0.645 0.427 1.108 0.077 0.793 0.085 0.686 0.268 1.008 0.131 0.934 0.097 0.62 0.159 0.691 0.595 1.115
319 0.153 0.633 0.043 0.432 0.254 0.988 0.077 0.592 0.066 0.496 0.157 0.889 0.1 0.771 0.088 0.418 0.121 0.492 0.482 1.141
320 0.157 0.499 0.059 0.212 0.139 0.865 0.052 0.452 0.067 0.303 0.094 0.75 0.099 0.636 0.149 0.225 0.122 0.32 0.378 1.165
321 0.14 0.28 0.16 0.067 0.144 0.716 0.119 0.237 0.105 0.107 0.113 0.645 0.09 0.511 0.2 0.075 0.13 0.141 0.302 1.157
322 0.255 0.168 0.34 0.074 0.216 0.573 0.252 0.14 0.295 0.066 0.139 0.476 0.11 0.33 0.396 0.099 0.305 0.119 0.207 1.16
323 0.39 0.182 0.513 0.103 0.319 0.433 0.374 0.178 0.496 0.142 0.207 0.419 0.231 0.26 0.497 0.158 0.473 0.188 0.127 1.12
324 0.552 0.179 0.603 0.084 0.379 0.324 0.536 0.172 0.545 0.153 0.257 0.383 0.364 0.274 0.597 0.179 0.565 0.189 0.156 0.98
325 0.639 0.26 0.693 0.22 0.538 0.289 0.605 0.276 0.634 0.257 0.387 0.243 0.435 0.244 0.701 0.245 0.672 0.243 0.266 0.83
326 0.808 0.385 0.748 0.285 0.641 0.356 0.74 0.405 0.735 0.329 0.51 0.216 0.574 0.248 0.831 0.366 0.82 0.381 0.307 0.628
327 0.887 0.583 0.928 0.47 0.724 0.473 0.846 0.584 0.82 0.516 0.648 0.228 0.671 0.2 0.93 0.552 0.928 0.579 0.311 0.414
328 0.932 0.78 0.998 0.709 0.793 0.639 0.87 0.757 0.872 0.746 0.8 0.367 0.825 0.318 0.992 0.726 0.939 0.775 0.33 0.274
329 0.94 0.93 1.03 0.91 0.854 0.807 0.922 0.922 0.92 0.92 0.911 0.596 0.882 0.461 0.973 0.903 0.973 0.938 0.299 0.232
330 0.953 1.078 1.002 0.98 0.927 0.945 0.933 1.119 0.911 1.076 0.999 0.828 0.947 0.665 0.989 1.028 0.977 1.05 0.25 0.262
331 0.852 1.108 0.994 0.963 0.821 1.033 0.739 1.149 0.749 1.101 0.929 0.963 0.942 0.832 0.905 1.056 0.907 1.104 0.257 0.306
332 0.654 1.102 0.911 0.999 0.663 1.049 0.547 1.121 0.559 1.087 0.831 0.986 0.831 0.922 0.705 1.118 0.764 1.124 0.281 0.297
333 0.474 1.106 0.806 1.06 0.507 1.052 0.388 1.077 0.403 1.053 0.714 1.071 0.681 0.957 0.556 1.068 0.608 1.114 0.278 0.247
334 0.341 1.1 0.646 1.09 0.333 1.041 0.196 1.113 0.272 1.116 0.532 1.097 0.53 0.956 0.4 1.053 0.436 1.104 0.257 0.237
335 0.185 1.109 0.522 1.1 0.201 1.052 0.076 1.049 0.113 1.123 0.472 1.139 0.391 0.937 0.241 1.051 0.23 1.136 0.242 0.274
336 0.138 0.973 0.388 1.107 0.135 0.922 0.103 0.942 0.1 1.061 0.276 1.1 0.269 0.866 0.143 0.927 0.139 1.019 0.234 0.285
337 0.156 0.862 0.257 1.085 0.113 0.784 0.096 0.809 0.114 0.948 0.206 0.993 0.183 0.765 0.142 0.837 0.187 0.871 0.188 0.283
338 0.135 0.717 0.157 0.985 0.101 0.582 0.114 0.658 0.111 0.854 0.159 0.81 0.171 0.634 0.098 0.697 0.136 0.739 0.211 0.241
339 0.135 0.518 0.115 0.81 0.121 0.396 0.107 0.499 0.114 0.647 0.157 0.663 0.195 0.523 0.089 0.518 0.166 0.563 0.247 0.239
340 0.112 0.329 0.108 0.648 0.084 0.225 0.112 0.305 0.103 0.466 0.139 0.454 0.161 0.386 0.043 0.435 0.215 0.454 0.255 0.235
341 0.257 0.203 0.076 0.506 0.14 0.153 0.207 0.175 0.045 0.461 0.106 0.355 0.226 0.247 0.112 0.284 0.27 0.318 0.244 0.131
342 0.401 0.158 0.119 0.347 0.262 0.181 0.292 0.15 0.079 0.373 0.19 0.272 0.356 0.193 0.288 0.197 0.364 0.272 0.459 0.121
343 0.601 0.19 0.152 0.229 0.26 0.207 0.486 0.148 0.114 0.257 0.314 0.266 0.464 0.223 0.356 0.243 0.356 0.303 0.615 0.167
344 0.771 0.222 0.118 0.115 0.257 0.247 0.606 0.176 0.143 0.174 0.301 0.272 0.65 0.254 0.438 0.24 0.307 0.303 0.775 0.177
345 0.9 0.132 0.293 0.125 0.291 0.184 0.763 0.133 0.291 0.167 0.276 0.23 0.846 0.146 0.545 0.156 0.237 0.268 0.889 0.075
346 1.037 0.135 0.392 0.076 0.514 0.129 0.9 0.138 0.424 0.111 0.432 0.21 0.971 0.114 0.687 0.097 0.281 0.216 1.07 0.121
347 1.101 0.292 0.58 0.067 0.784 0.124 1.034 0.286 0.618 0.094 0.594 0.218 1.06 0.272 0.827 0.084 0.397 0.217 1.135 0.328
348 1.106 0.522 0.77 0.102 0.999 0.212 1.068 0.478 0.783 0.122 0.725 0.262 1.096 0.435 1.01 0.166 0.506 0.177 1.13 0.521
349 1.131 0.728 0.897 0.13 1.082 0.4 1.087 0.665 0.99 0.236 0.772 0.382 1.151 0.562 1.046 0.34 0.621 0.169 1.136 0.703
350 1.15 0.952 1.015 0.243 1.084 0.652 1.108 0.875 1.041 0.376 0.737 0.467 1.111 0.753 1.06 0.529 0.737 0.188 1.122 0.896
351 1.13 1.142 1.056 0.372 1.111 0.878 1.154 1.039 1.078 0.572 0.764 0.588 1.137 0.951 1.096 0.75 0.84 0.294 1.153 1.088
352 0.927 1.153 1.023 0.6 1.033 1.039 1.082 1.142 1.075 0.775 0.813 0.717 1.034 1.092 1.091 0.93 0.94 0.415 0.995 1.15
353 0.727 1.15 1.014 0.785 0.862 1.073 0.942 1.134 1.033 0.947 0.846 0.842 0.885 1.152 0.958 1.02 0.994 0.573 0.795 1.152
354 0.514 1.167 0.986 0.896 0.674 1.093 0.948 1.129 0.919 1.022 0.813 0.957 0.697 1.162 0.787 1.075 1.012 0.768 0.578 1.154
355 0.334 1.148 0.862 1.013 0.465 1.105 0.929 1.128 0.729 1.106 0.647 0.999 0.54 1.155 0.575 1.113 0.981 0.915 0.393 1.137
356 0.202 1.159 0.715 1.093 0.31 1.108 0.919 1.121 0.521 1.095 0.47 1.028 0.376 1.143 0.365 1.118 0.918 1.042 0.244 1.166
357 0.067 1.08 0.544 1.135 0.187 1.093 0.754 1.111 0.339 1.111 0.302 1.002 0.26 1.11 0.192 1.078 0.906 1.107 0.115 1.131
358 0.123 0.94 0.431 1.145 0.177 0.99 0.549 1.143 0.261 0.942 0.228 0.931 0.25 1.018 0.174 0.965 0.933 1.087 0.128 0.982
359 0.158 0.853 0.376 1.144 0.273 0.913 0.404 1.169 0.309 0.878 0.308 0.881 0.328 0.885 0.289 0.891 0.776 1.054 0.215 0.877
360 0.174 0.774 0.303 1.098 0.378 0.979 0.339 1.14 0.309 0.705 0.378 0.792 0.397 0.77 0.275 0.747 0.58 1.069 0.276 0.725
361 0.137 0.651 0.237 0.939 0.393 0.952 0.265 1.029 0.265 0.552 0.226 0.672 0.238 0.633 0.175 0.614 0.422 1.012 0.178 0.604
362 0.094 0.596 0.177 0.823 0.288 0.793 0.201 0.877 0.207 0.443 0.094 0.61 0.174 0.566 0.092 0.543 0.587 0.877 0.085 0.518
363 0.098 0.396 0.12 0.738 0.233 0.649 0.138 0.765 0.192 0.393 0.136 0.476 0.219 0.416 0.133 0.374 0.653 0.726 0.15 0.337
364 0.06 0.246 0.125 0.563 0.223 0.559 0.127 0.664 0.229 0.23 0.129 0.305 0.263 0.272 0.09 0.16 0.573 0.575 0.127 0.155
365 0.114 0.132 0.107 0.388 0.226 0.444 0.104 0.487 0.222 0.136 0.187 0.187 0.2 0.166 0.187 0.153 0.493 0.45 0.25 0.086
366 0.173 0.082 0.099 0.294 0.252 0.36 0.104 0.343 0.442 0.12 0.356 0.184 0.412 0.122 0.295 0.093 0.397 0.337 0.396 0.08
367 0.335 0.084 0.177 0.203 0.286 0.245 0.174 0.247 0.594 0.093 0.509 0.147 0.586 0.178 0.472 0.084 0.364 0.245 0.589 0.083
368 0.523 0.122 0.309 0.144 0.415 0.196 0.309 0.212 0.77 0.124 0.692 0.163 0.8 0.135 0.61 0.084 0.516 0.194 0.768 0.102
369 0.62 0.089 0.447 0.146 0.58 0.204 0.442 0.174 0.959 0.211 0.868 0.154 0.983 0.179 0.671 0.142 0.648 0.205 0.949 0.149
370 0.774 0.097 0.583 0.104 0.73 0.223 0.634 0.143 1.036 0.352 0.975 0.3 1.077 0.348 0.834 0.197 0.787 0.282 1.004 0.339
371 0.872 0.111 0.755 0.153 0.774 0.264 0.779 0.16 1.056 0.572 1.045 0.459 1.104 0.564 0.918 0.244 0.874 0.335 1.027 0.539
372 0.992 0.221 0.863 0.199 0.831 0.362 0.875 0.23 1.065 0.826 1.055 0.683 1.093 0.774 1.027 0.342 0.987 0.48 1.043 0.773
373 1.056 0.373 0.865 0.347 0.915 0.485 0.909 0.336 1.053 1.049 1.023 0.881 1.103 0.993 1.071 0.504 1.03 0.663 1.044 0.981
374 1.087 0.544 0.908 0.535 0.915 0.623 0.947 0.506 1.144 1.146 1.087 1.058 1.165 1.142 1.053 0.714 1.047 0.841 1.121 1.121
375 1.1 0.773 0.97 0.686 0.962 0.759 0.986 0.654 1.171 1.048 1.085 0.983 1.163 0.985 1.06 0.859 1.156 0.894 1.135 0.987
376 1.152 0.736 0.986 0.791 1.031 0.818 1.148 0.646 1.097 0.899 1.021 0.88 1.163 0.817 1.129 0.786 1.128 0.819 1.1 0.856
377 1.14 0.5 1.081 0.615 1.044 0.779 1.151 0.38 1.092 0.953 1.039 0.893 1.132 0.668 1.139 0.524 1.068 0.882 1.07 0.91
378 1.149 0.256 1.067 0.413 1.053 0.537 1.144 0.135 1.067 1.021 0.994 0.813 1.132 0.456 1.15 0.31 1.136 0.884 1.079 0.959
379 1.075 0.117 1.069 0.246 1.04 0.328 0.967 0.066 1.104 1.071 1.01 0.613 1.13 0.226 1.134 0.164 1.102 0.702 1.053 0.917
380 0.824 0.075 0.963 0.148 0.893 0.195 0.725 0.06 1.121 1.11 0.987 0.382 1.038 0.118 0.957 0.1 1.041 0.507 1.022 0.667
381 0.544 0.067 0.868 0.135 0.697 0.159 0.463 0.05 1.126 1.127 0.823 0.227 0.856 0.098 0.716 0.095 0.925 0.308 0.993 0.492
382 0.34 0.112 0.761 0.134 0.502 0.159 0.312 0.216 1.091 1.002 0.643 0.172 0.62 0.128 0.461 0.129 0.797 0.144 0.923 0.316
383 0.19 0.247 0.602 0.143 0.34 0.251 0.132 0.247 0.999 0.826 0.491 0.215 0.403 0.219 0.263 0.262 0.63 0.095 0.761 0.197
384 0.121 0.293 0.402 0.153 0.221 0.283 0.091 0.494 0.969 0.601 0.34 0.239 0.276 0.258 0.106 0.392 0.417 0.154 0.565 0.178
385 0.104 0.524 0.231 0.176 0.164 0.368 0.134 0.727 0.818 0.396 0.195 0.262 0.185 0.276 0.119 0.64 0.242 0.262 0.429 0.182
386 0.143 0.741 0.142 0.232 0.151 0.561 0.129 0.94 0.693 0.403 0.163 0.389 0.151 0.458 0.132 0.848 0.167 0.434 0.288 0.23
387 0.116 0.964 0.091 0.388 0.134 0.741 0.106 1.129 0.465 0.384 0.14 0.524 0.144 0.665 0.094 1.037 0.176 0.615 0.168 0.37
388 0.245 1.054 0.046 0.442 0.155 0.905 0.31 1.11 0.299 0.424 0.165 0.689 0.138 0.841 0.259 1.095 0.219 0.836 0.147 0.569
389 0.401 1.077 0.093 0.604 0.309 1.01 0.515 1.091 0.178 0.572 0.282 0.847 0.266 0.976 0.469 1.059 0.332 1.005 0.167 0.725
390 0.628 1.065 0.209 0.881 0.517 1.04 0.715 1.049 0.241 0.794 0.464 0.913 0.495 0.965 0.709 1.027 0.529 1.007 0.291 0.908
391 0.826 0.988 0.371 0.999 0.724 1.035 0.906 1.018 0.374 0.925 0.617 0.908 0.725 0.936 0.867 0.963 0.736 0.973 0.497 0.98
392 0.942 0.884 0.584 1.052 0.87 0.976 0.986 0.867 0.565 0.981 0.762 0.909 0.901 0.894 0.973 0.84 0.898 0.934 0.704 1.006
393 1.057 0.736 0.784 1.075 0.937 1.024 1.085 0.706 0.752 1.001 0.872 0.932 0.997 0.815 1.057 0.683 1.024 0.82 0.871 1.033
394 1.097 0.574 0.911 1.123 0.927 1.016 1.087 0.512 0.864 1.071 0.89 0.796 1.029 0.765 1.069 0.476 1.105 0.639 0.928 1.095
395 1.082 0.401 0.951 1.138 0.926 1.091 1.097 0.342 0.93 1.11 0.964 1.083 1.07 0.6 1.035 0.289 1.092 0.466 0.997 1.122
396 0.987 0.248 0.924 1.118 0.91 1.057 0.979 0.191 0.922 1.09 0.926 1.055 1.049 0.408 0.929 0.182 1.055 0.287 1.053 1.087
397 0.837 0.194 0.904 1.089 0.898 1.055 0.784 0.184 0.903 1.055 0.99 1.057 0.925 0.283 0.785 0.123 0.919 0.173 1.035 1.056
398 0.647 0.18 0.897 1.067 0.893 1.032 0.571 0.184 0.925 1.054 1.015 1.051 0.75 0.252 0.576 0.139 0.75 0.131 1.021 1.055
399 0.439 0.229 0.928 1.044 0.923 1.029 0.384 0.23 0.951 1.065 0.976 1.024 0.541 0.259 0.379 0.195 0.554 0.161 1.069 1.052
400 0.288 0.337 0.933 1.03 0.907 1.037 0.27 0.341 0.914 1.062 0.945 0.967 0.351 0.289 0.309 0.255 0.377 0.195 1.027 1.032
401 0.325 0.523 0.937 1.011 0.895 1.051 0.246 0.407 0.943 1.054 0.922 0.942 0.328 0.495 0.283 0.381 0.257 0.276 0.939 1.034
402 0.41 0.679 0.916 0.997 0.901 1.036 0.304 0.619 0.946 1.058 0.89 0.928 0.374 0.654 0.338 0.527 0.261 0.431 0.989 1.032
403 0.47 0.667 0.979 0.924 0.914 0.993 0.39 0.698 0.946 1.03 0.87 0.957 0.455 0.605 0.444 0.6 0.321 0.56 1.056 0.926
404 0.619 0.749 1.034 0.9 0.95 0.955 0.597 0.785 0.968 0.961 0.875 0.978 0.584 0.695 0.571 0.614 0.476 0.622 1.046 0.87
405 0.774 0.851 1.002 0.811 0.968 0.83 0.778 0.885 1.021 0.902 0.929 0.932 0.699 0.869 0.763 0.776 0.614 0.726 1.028 0.75
406 0.922 0.821 0.975 0.77 0.932 0.767 0.885 0.878 0.945 0.857 0.896 0.899 0.885 0.834 0.876 0.727 0.759 0.817 1.02 0.769
407 0.896 0.809 0.929 0.721 0.917 0.756 0.867 0.84 0.945 0.848 0.914 0.848 0.883 0.832 0.885 0.692 0.866 0.723 0.929 0.715
408 0.935 0.842 1.045 0.73 0.815 0.731 0.794 0.815 1.005 0.851 0.973 0.869 0.903 0.844 0.724 0.516 0.775 0.767 0.829 0.632
409 0.968 0.78 0.951 0.565 0.682 0.622 0.794 0.861 1.026 0.68 0.963 0.844 0.934 0.682 0.518 0.402 0.649 0.593 0.669 0.46
410 0.916 0.743 0.75 0.494 0.546 0.514 0.797 0.636 0.837 0.555 0.859 0.758 0.744 0.581 0.376 0.431 0.453 0.439 0.476 0.371
411 0.725 0.57 0.539 0.448 0.435 0.458 0.563 0.51 0.626 0.465 0.669 0.626 0.547 0.475 0.294 0.404 0.324 0.457 0.335 0.391
412 0.518 0.494 0.395 0.391 0.34 0.356 0.395 0.443 0.454 0.411 0.49 0.574 0.367 0.409 0.25 0.339 0.255 0.368 0.273 0.27
413 0.374 0.416 0.364 0.218 0.338 0.243 0.296 0.362 0.366 0.291 0.334 0.46 0.34 0.274 0.263 0.264 0.322 0.283 0.286 0.22
414 0.557 0.366 0.474 0.208 0.374 0.162 0.317 0.318 0.47 0.244 0.374 0.326 0.438 0.255 0.288 0.232 0.335 0.22 0.309 0.216
415 0.721 0.476 0.631 0.327 0.488 0.12 0.417 0.28 0.614 0.422 0.541 0.432 0.563 0.441 0.351 0.274 0.462 0.134 0.404 0.133
416 0.745 0.406 0.657 0.254 0.605 0.114 0.603 0.335 0.727 0.416 0.704 0.384 0.686 0.456 0.473 0.283 0.476 0.071 0.405 0.048
417 0.756 0.29 0.716 0.095 0.542 0.092 0.662 0.168 0.658 0.239 0.659 0.21 0.671 0.258 0.546 0.198 0.458 0.057 0.296 0.081
418 0.724 0.139 0.803 0.048 0.315 0.117 0.484 0.106 0.464 0.169 0.426 0.105 0.587 0.136 0.412 0.127 0.265 0.108 0.254 0.146
419 0.799 0.097 0.823 0.092 0.252 0.228 0.336 0.16 0.316 0.164 0.318 0.131 0.405 0.12 0.283 0.17 0.252 0.191 0.224 0.214
420 0.696 0.108 0.798 0.192 0.133 0.268 0.255 0.255 0.226 0.205 0.245 0.14 0.257 0.184 0.192 0.226 0.163 0.191 0.1 0.289
421 0.468 0.203 0.568 0.223 0.102 0.316 0.278 0.289 0.124 0.256 0.14 0.165 0.208 0.264 0.112 0.258 0.123 0.191 0.067 0.296
422 0.338 0.237 0.374 0.22 0.105 0.491 0.283 0.356 0.25 0.32 0.164 0.263 0.27 0.343 0.237 0.345 0.242 0.32 0.083 0.503
423 0.268 0.293 0.364 0.459 0.13 0.725 0.402 0.566 0.252 0.366 0.221 0.354 0.307 0.423 0.213 0.492 0.174 0.435 0.105 0.703
424 0.229 0.406 0.455 0.63 0.158 0.914 0.21 0.802 0.181 0.481 0.174 0.41 0.277 0.627 0.185 0.674 0.149 0.624 0.13 0.865
425 0.199 0.542 0.426 0.814 0.289 1.059 0.304 0.974 0.157 0.657 0.116 0.539 0.274 0.851 0.22 0.776 0.127 0.802 0.222 0.996
426 0.194 0.697 0.447 0.991 0.499 1.061 0.468 1.026 0.25 0.812 0.163 0.731 0.395 0.958 0.365 0.85 0.228 0.956 0.388 1.043
427 0.274 0.832 0.624 1.035 0.725 1.061 0.658 1.064 0.424 0.885 0.285 0.866 0.524 1.027 0.567 0.947 0.415 1.062 0.557 1.082
428 0.418 0.902 0.831 0.993 0.883 0.953 0.857 1.033 0.593 0.912 0.461 0.954 0.711 1.027 0.783 0.951 0.603 1.086 0.732 1.068
429 0.558 0.981 0.927 0.909 1.025 0.832 0.979 0.924 0.743 0.906 0.66 0.984 0.867 0.957 0.958 0.857 0.835 1.055 0.89 0.982
430 0.743 1.013 0.992 0.813 1.074 0.636 1.071 0.774 0.862 0.894 0.826 0.97 0.96 0.803 1.037 0.714 0.966 0.976 1.007 0.89
431 0.911 0.959 1.042 0.639 1.016 0.435 1.092 0.62 0.986 0.851 0.95 0.901 0.993 0.691 1.036 0.511 1.071 0.848 1.037 0.754
432 0.971 0.878 1.01 0.461 1.029 0.255 1.066 0.411 0.984 0.725 0.991 0.737 0.963 0.514 0.973 0.309 1.084 0.663 0.949 0.582
433 1.006 0.739 0.941 0.268 0.929 0.115 0.997 0.224 0.946 0.561 0.999 0.584 0.921 0.343 0.893 0.143 1.042 0.438 0.955 0.381
434 0.992 0.553 0.789 0.167 0.745 0.091 0.866 0.135 0.846 0.42 0.904 0.438 0.889 0.236 0.691 0.134 0.979 0.413 1.009 0.242
435 0.911 0.362 0.589 0.15 0.488 0.101 0.648 0.123 0.627 0.354 0.758 0.374 0.683 0.155 0.47 0.152 0.894 0.266 0.835 0.114
436 0.819 0.224 0.386 0.172 0.293 0.11 0.442 0.152 0.44 0.27 0.651 0.316 0.515 0.175 0.282 0.167 0.803 0.135 0.83 0.037
437 0.778 0.114 0.213 0.226 0.171 0.224 0.263 0.184 0.301 0.245 0.507 0.272 0.33 0.199 0.131 0.259 0.684 0.112 0.799 0.062
438 0.688 0.11 0.15 0.293 0.116 0.444 0.216 0.26 0.156 0.382 0.359 0.255 0.252 0.27 0.101 0.473 0.474 0.162 0.865 0.154
439 0.448 0.153 0.124 0.474 0.167 0.628 0.195 0.412 0.104 0.564 0.265 0.268 0.213 0.421 0.111 0.681 0.307 0.201 0.683 0.26
440 0.304 0.191 0.128 0.685 0.137 0.803 0.19 0.591 0.106 0.758 0.182 0.306 0.214 0.547 0.165 0.859 0.192 0.235 0.473 0.247
441 0.203 0.268 0.163 0.883 0.269 0.935 0.215 0.812 0.15 0.955 0.195 0.505 0.261 0.752 0.345 0.986 0.159 0.387 0.314 0.314
442 0.153 0.439 0.345 1.043 0.386 1.052 0.37 0.969 0.318 1.055 0.231 0.697 0.39 0.94 0.473 1.104 0.182 0.563 0.253 0.478
443 0.157 0.604 0.543 1.066 0.58 1.111 0.552 1.065 0.474 1.093 0.334 0.851 0.584 1.017 0.667 1.114 0.22 0.769 0.246 0.661
444 0.201 0.771 0.721 1.031 0.799 1.131 0.734 1.051 0.651 1.081 0.517 0.929 0.793 1.039 0.89 1.087 0.383 0.923 0.364 0.834
445 0.379 0.911 0.862 0.945 0.958 1.029 0.888 0.963 0.824 1.043 0.672 0.942 0.945 0.988 0.976 0.936 0.575 0.954 0.533 0.92
446 0.58 0.997 1.002 0.826 1.086 0.889 0.997 0.903 0.905 1.037 0.836 0.915 1.039 0.896 1.079 0.799 0.762 0.952 0.696 0.963
447 0.798 1.083 1.012 0.67 1.099 0.776 0.979 0.832 0.904 1.043 0.948 0.909 0.986 0.787 1.059 0.61 0.914 0.949 0.862 0.98
448 0.896 1.041 0.905 0.52 1.032 0.604 0.956 0.751 0.917 1.085 1.033 0.873 0.979 0.605 1.01 0.488 0.979 0.83 0.935 0.974
449 0.955 1.018 0.796 0.435 0.952 0.454 0.917 0.772 0.939 1.034 1.034 0.794 0.839 0.453 0.927 0.346 1.023 0.782 0.999 0.942
450 1.005 0.915 0.662 0.33 0.753 0.369 0.911 0.688 1.034 0.96 1.042 0.848 0.691 0.371 0.715 0.29 0.93 0.77 0.919 0.844
451 0.979 0.8 0.489 0.295 0.566 0.341 0.767 0.587 1.02 0.81 0.956 0.676 0.498 0.336 0.518 0.277 0.81 0.716 0.856 0.723
