time X0 Y0 X1 Y1 X2 Y2 X3 Y3 X4 Y4 X5 Y5 X6 Y6 X7 Y7 X8 Y8 X9 Y9
1950 0.902 0.081 1.147 0.923 0.917 0.115 1.118 0.836 0.712 1.089 0.721 1.043 0.966 0.997 0.993 0.109 1.1480000000000001 0.8945000000000001 0.914 1.15
1951 0.851 0.089 1.145 0.803 0.88 0.109 1.135 0.798 0.72 1.115 0.803 1.103 0.991 0.931 0.977 0.145 1.14 0.725 0.973 1.156
1952 0.847 0.119 1.172 0.682 0.868 0.155 1.151 0.685 0.636 1.109 0.847 1.116 1.01 0.866 0.952 0.12 1.14 0.615 1.05 1.108
1953 0.818 0.14 1.184 0.57 0.859 0.126 1.113 0.591 0.558 1.11 0.824 1.141 1.014 0.817 0.902 0.096 1.162 0.533 1.063 0.996
1954 0.799 0.137 1.167 0.464 0.845 0.091 1.09 0.526 0.483 1.136 0.772 1.137 1.002 0.776 0.938 0.09 1.09 0.37 1.08 0.883
1955 0.794 0.113 1.18 0.338 0.808 0.079 1.098 0.401 0.381 1.138 0.763 1.09 0.973 0.768 0.994 0.087 1.112 0.227 1.088 0.783
1956 0.764 0.085 1.178 0.2 0.803 0.086 1.105 0.265 0.277 1.143 0.809 1.037 0.941 0.724 1.067 0.065 1.118 0.125 1.095 0.677
1957 0.727 0.092 1.175 0.084 0.781 0.068 1.105 0.166 0.179 1.146 0.851 0.983 0.908 0.716 1.089 0.061 1.141 0.04 1.079 0.543
1958 0.735 0.062 1.18 0.061 0.756 0.094 1.041 0.114 0.086 1.118 0.889 0.927 0.92 0.666 1.024 0.038 1.157 0.027 1.114 0.425
1959 0.795 0.041 1.117 0.045 0.773 0.133 0.955 0.12 0.075 1.005 0.954 0.916 0.917 0.648 0.957 0.047 1.055 0.061 1.067 0.32
1960 0.846 0.081 1.13 0.113 0.763 0.163 0.846 0.097 0.085 0.91 0.983 0.961 0.935 0.631 0.877 0.057 1.093 0.098 1.019 0.219
1961 0.771 0.063 1.184 0.195 0.735 0.176 0.775 0.076 0.104 0.816 1.02 0.957 0.937 0.605 0.823 0.066 1.061 0.163 1.003 0.141
1962 0.66 0.079 1.182 0.312 0.699 0.179 0.731 0.082 0.08 0.718 1.056 0.907 0.902 0.58 0.748 0.092 1.014 0.137 0.894 0.092
1963 0.563 0.069 1.139 0.357 0.676 0.201 0.621 0.1 0.072 0.628 1.098 0.858 0.888 0.539 0.694 0.085 0.962 0.126 0.788 0.066
1964 0.477 0.069 1.168 0.319 0.637 0.199 0.56 0.091 0.088 0.53 1.11 0.802 0.87 0.501 0.649 0.064 0.903 0.144 0.698 0.061
1965 0.359 0.076 1.158 0.206 0.602 0.21 0.511 0.043 0.071 0.392 1.109 0.741 0.816 0.49 0.57 0.056 0.871 0.173 0.592 0.07
1966 0.247 0.064 1.156 0.139 0.566 0.254 0.4 0.063 0.051 0.24 1.119 0.666 0.764 0.438 0.451 0.055 0.866 0.228 0.486 0.099
1967 0.152 0.083 1.065 0.159 0.539 0.287 0.244 0.074 0.056 0.086 1.113 0.604 0.786 0.332 0.353 0.056 0.884 0.267 0.369 0.072
1968 0.131 0.078 1.0 0.246 0.497 0.289 0.142 0.073 0.099 0.088 1.13 0.535 0.814 0.255 0.236 0.019 0.922 0.288 0.262 0.042
1969 0.122 0.025 0.964 0.283 0.466 0.253 0.195 0.129 0.127 0.133 1.114 0.473 0.874 0.286 0.179 0.056 0.936 0.266 0.189 0.059
1970 0.104 0.058 1.002 0.289 0.448 0.223 0.21 0.115 0.195 0.105 1.056 0.447 0.908 0.28 0.2 0.094 1.014 0.265 0.232 0.085
1971 0.06 0.056 1.085 0.29 0.448 0.189 0.247 0.146 0.163 0.109 1.012 0.4 0.955 0.304 0.073 0.041 1.088 0.275 0.237 0.084
1972 0.041 0.07 1.171 0.329 0.401 0.178 0.193 0.205 0.104 0.209 0.985 0.333 1.021 0.291 0.122 0.064 1.148 0.319 0.275 0.069
1973 0.046 0.154 1.184 0.424 0.342 0.172 0.11 0.294 0.09 0.314 0.999 0.288 1.038 0.321 0.126 0.142 1.178 0.381 0.335 0.106
1974 0.045 0.27 1.171 0.528 0.286 0.218 0.085 0.402 0.062 0.423 0.997 0.312 1.05 0.253 0.079 0.255 1.187 0.447 0.282 0.18
1975 0.058 0.405 1.182 0.643 0.206 0.314 0.109 0.45 0.103 0.524 0.959 0.323 1.102 0.222 0.057 0.368 1.18 0.492 0.231 0.225
1976 0.058 0.536 1.158 0.796 0.182 0.413 0.095 0.526 0.141 0.625 0.918 0.333 1.147 0.206 0.047 0.452 1.183 0.529 0.23 0.314
1977 0.074 0.677 1.178 0.929 0.197 0.512 0.138 0.621 0.11 0.746 0.872 0.314 1.172 0.269 0.078 0.512 1.177 0.476 0.27 0.363
1978 0.074 0.779 1.177 1.071 0.236 0.592 0.131 0.743 0.075 0.811 0.834 0.312 1.148 0.348 0.151 0.604 1.162 0.419 0.223 0.383
1979 0.068 0.892 1.103 1.154 0.221 0.696 0.152 0.809 0.121 0.905 0.791 0.288 1.151 0.389 0.124 0.723 1.184 0.385 0.201 0.446
1980 0.054 1.018 0.947 1.162 0.207 0.787 0.242 0.863 0.092 1.03 0.759 0.316 1.13 0.438 0.093 0.838 1.178 0.462 0.227 0.519
1981 0.065 1.081 0.798 1.16 0.234 0.892 0.332 0.86 0.148 1.04 0.745 0.357 1.094 0.463 0.171 0.945 1.157 0.517 0.209 0.564
1982 0.085 1.12 0.653 1.168 0.286 0.969 0.376 0.824 0.223 1.012 0.722 0.381 1.037 0.499 0.238 1.015 1.153 0.546 0.192 0.616
1983 0.079 1.173 0.512 1.163 0.355 1.017 0.382 0.776 0.205 1.114 0.692 0.412 0.994 0.53 0.233 1.107 1.155 0.616 0.195 0.697
1984 0.107 1.155 0.372 1.15 0.417 1.034 0.317 0.727 0.104 1.134 0.684 0.41 0.965 0.524 0.155 1.144 1.159 0.681 0.078 0.809
1985 0.076 1.172 0.236 1.091 0.452 1.083 0.341 0.671 0.071 1.118 0.679 0.418 0.971 0.493 0.078 1.162 1.163 0.759 0.063 0.887
1986 0.068 1.181 0.13 1.15 0.527 1.092 0.387 0.651 0.114 1.087 0.721 0.434 0.972 0.5 0.087 1.139 1.153 0.838 0.077 0.952
1987 0.064 1.154 0.119 1.145 0.561 1.061 0.448 0.672 0.102 1.101 0.698 0.488 0.952 0.478 0.069 1.136 1.164 0.893 0.076 1.041
1988 0.082 1.153 0.108 1.137 0.613 1.041 0.517 0.741 0.112 1.126 0.635 0.514 0.985 0.463 0.088 1.114 1.15 0.909 0.071 1.093
1989 0.063 1.133 0.088 1.135 0.657 1.031 0.584 0.694 0.124 1.115 0.599 0.54 1.016 0.427 0.091 1.108 1.16 0.927 0.101 1.09
1990 0.096 1.131 0.132 1.101 0.686 0.997 0.61 0.622 0.209 1.101 0.582 0.574 0.955 0.41 0.14 1.089 1.181 0.907 0.119 1.057
1991 0.155 1.136 0.215 1.117 0.72 0.99 0.6 0.603 0.264 1.12 0.64 0.579 0.933 0.459 0.186 1.071 1.133 0.889 0.125 1.083
1992 0.256 1.139 0.317 1.136 0.749 0.994 0.632 0.602 0.358 1.114 0.701 0.613 0.936 0.517 0.227 1.106 1.069 0.935 0.178 1.115
1993 0.378 1.116 0.426 1.132 0.785 1.018 0.682 0.611 0.474 1.105 0.802 0.56 0.961 0.542 0.273 1.072 1.053 0.999 0.259 1.114
1994 0.507 1.13 0.542 1.137 0.828 1.024 0.775 0.647 0.602 1.109 0.845 0.476 0.988 0.532 0.285 1.047 1.051 1.069 0.349 1.094
1995 0.636 1.122 0.685 1.148 0.878 1.04 0.688 0.712 0.717 1.097 0.891 0.403 1.01 0.528 0.327 1.063 0.972 1.078 0.491 1.13
1996 0.767 1.101 0.796 1.127 0.888 1.075 0.458 0.777 0.793 1.088 0.87 0.319 1.022 0.528 0.363 1.101 0.94 1.067 0.678 1.122
1997 0.816 1.089 0.853 1.088 0.875 1.078 0.254 0.814 0.826 1.052 0.789 0.278 1.041 0.572 0.34 1.138 0.881 1.103 0.796 1.119
1998 0.849 1.09 0.888 1.101 0.951 1.057 0.111 0.821 0.882 1.085 0.728 0.238 1.074 0.573 0.283 1.147 0.901 1.099 0.871 1.108
1999 0.85 1.075 0.997 1.114 1.01 0.965 0.122 0.697 0.882 1.051 0.71 0.196 1.082 0.547 0.305 1.148 1.005 1.101 0.961 1.103
2000 0.802 1.05 1.019 1.09 1.068 0.886 0.197 0.578 0.98 1.05 0.68 0.141 1.041 0.494 0.305 1.117 1.066 1.088 0.979 1.072
2001 0.785 0.982 1.09 1.048 1.12 0.906 0.316 0.448 0.979 0.931 0.698 0.086 1.011 0.496 0.261 1.119 1.096 0.982 1.026 1.103
2002 0.732 0.871 1.141 1.003 1.024 0.863 0.409 0.342 0.864 0.792 0.819 0.08 0.971 0.534 0.225 1.12 1.124 0.941 0.924 1.001
2003 0.677 0.779 1.137 0.926 0.946 0.754 0.524 0.287 0.743 0.634 0.887 0.179 0.94 0.582 0.183 1.105 1.069 0.881 0.805 0.891
2004 0.62 0.67 1.124 0.863 0.89 0.664 0.691 0.284 0.679 0.461 0.939 0.297 0.844 0.563 0.141 1.071 1.072 0.736 0.7 0.753
2005 0.673 0.509 1.112 0.819 0.839 0.542 0.833 0.352 0.706 0.364 0.925 0.418 0.809 0.495 0.135 1.032 1.063 0.597 0.669 0.619
2006 0.766 0.449 1.092 0.736 0.835 0.506 0.809 0.331 0.784 0.44 0.886 0.453 0.808 0.452 0.166 0.983 0.964 0.458 0.73 0.501
2007 0.787 0.457 1.071 0.663 0.82 0.554 0.743 0.404 0.827 0.503 0.863 0.47 0.839 0.535 0.249 0.911 0.894 0.412 0.736 0.553
2008 0.71 0.558 1.047 0.579 0.786 0.631 0.709 0.396 0.817 0.561 0.841 0.498 0.822 0.588 0.244 0.888 0.915 0.495 0.626 0.58
2009 0.623 0.589 1.063 0.522 0.692 0.676 0.662 0.452 0.726 0.624 0.831 0.592 0.743 0.665 0.309 0.844 0.956 0.578 0.551 0.702
2010 0.524 0.651 1.082 0.493 0.568 0.702 0.628 0.477 0.634 0.665 0.745 0.655 0.636 0.717 0.37 0.86 1.022 0.597 0.451 0.809
2011 0.412 0.683 1.096 0.444 0.425 0.751 0.577 0.474 0.557 0.739 0.641 0.696 0.525 0.766 0.39 0.894 1.069 0.558 0.359 0.844
2012 0.297 0.698 1.13 0.398 0.301 0.753 0.523 0.465 0.516 0.789 0.527 0.728 0.424 0.827 0.42 0.928 1.117 0.487 0.348 0.825
2013 0.195 0.662 1.151 0.336 0.218 0.691 0.447 0.485 0.402 0.805 0.395 0.748 0.348 0.806 0.463 0.943 1.136 0.384 0.264 0.77
2014 0.228 0.562 1.146 0.272 0.178 0.607 0.369 0.523 0.276 0.763 0.273 0.703 0.268 0.836 0.501 0.942 1.141 0.316 0.175 0.678
2015 0.186 0.533 1.147 0.185 0.174 0.537 0.292 0.509 0.161 0.727 0.312 0.563 0.366 0.794 0.548 0.936 1.12 0.25 0.177 0.635
2016 0.263 0.525 1.16 0.124 0.208 0.45 0.269 0.451 0.107 0.582 0.394 0.452 0.363 0.762 0.587 0.939 1.113 0.187 0.138 0.533
2017 0.318 0.428 1.158 0.075 0.302 0.418 0.371 0.369 0.083 0.436 0.471 0.408 0.28 0.702 0.621 0.924 1.134 0.292 0.18 0.439
2018 0.413 0.379 1.104 0.046 0.404 0.344 0.492 0.303 0.198 0.338 0.542 0.365 0.229 0.588 0.644 0.945 1.145 0.408 0.263 0.359
2019 0.506 0.36 1.05 0.058 0.52 0.277 0.563 0.206 0.313 0.249 0.523 0.293 0.313 0.415 0.639 0.982 1.133 0.531 0.364 0.271
2020 0.577 0.292 1.037 0.059 0.575 0.185 0.583 0.118 0.379 0.16 0.491 0.222 0.443 0.308 0.616 1.008 1.134 0.645 0.478 0.206
2021 0.601 0.22 1.008 0.064 0.579 0.089 0.651 0.068 0.465 0.106 0.525 0.174 0.408 0.175 0.588 1.03 1.148 0.748 0.555 0.117
2022 0.696 0.163 0.96 0.079 0.7 0.062 0.738 0.081 0.607 0.05 0.641 0.123 0.453 0.109 0.559 1.052 1.149 0.865 0.678 0.083
2023 0.81 0.177 0.894 0.08 0.842 0.1 0.844 0.115 0.706 0.058 0.748 0.187 0.579 0.11 0.532 1.07 1.156 0.971 0.817 0.077
2024 0.904 0.205 0.959 0.133 0.92 0.088 0.913 0.119 0.82 0.085 0.884 0.222 0.692 0.148 0.515 1.105 1.119 1.061 0.858 0.056
2025 1.0 0.232 1.008 0.218 0.993 0.116 0.98 0.173 0.82 0.069 1.014 0.251 0.81 0.173 0.489 1.119 1.062 1.135 0.959 0.071
2026 1.044 0.235 1.102 0.208 1.108 0.113 1.111 0.158 0.802 0.101 1.035 0.268 0.913 0.2 0.451 1.099 0.953 1.138 1.11 0.087
2027 1.131 0.239 1.171 0.188 1.163 0.151 1.165 0.167 0.8 0.095 1.095 0.282 1.004 0.213 0.449 1.067 0.858 1.146 1.155 0.128
2028 1.15 0.274 1.138 0.23 1.17 0.178 1.154 0.187 0.801 0.116 1.141 0.275 1.077 0.197 0.454 1.042 0.779 1.133 1.133 0.172
2029 1.155 0.286 1.146 0.241 1.17 0.182 1.132 0.22 0.865 0.153 1.131 0.31 1.126 0.228 0.441 1.018 0.72 1.089 1.13 0.112
2030 1.138 0.303 1.104 0.291 1.149 0.208 1.141 0.243 0.965 0.135 1.11 0.322 1.088 0.306 0.386 1.015 0.684 1.033 1.124 0.221
2031 1.112 0.356 1.005 0.277 1.162 0.134 1.101 0.303 1.043 0.112 1.023 0.314 0.977 0.282 0.345 1.007 0.726 0.952 1.111 0.186
2032 1.078 0.41 1.047 0.16 1.127 0.079 1.052 0.199 1.107 0.091 1.012 0.271 0.981 0.22 0.344 0.949 0.819 0.924 1.077 0.16
2033 1.07 0.383 1.037 0.119 1.166 0.068 1.118 0.163 1.072 0.07 1.054 0.178 1.02 0.15 0.351 0.866 0.905 0.939 1.09 0.082
2034 1.115 0.301 0.978 0.097 1.175 0.115 1.102 0.19 1.003 0.065 1.051 0.116 0.966 0.114 0.343 0.79 1.016 0.941 1.035 0.07
2035 1.109 0.244 0.943 0.11 1.159 0.159 1.107 0.225 0.979 0.069 0.97 0.171 0.949 0.168 0.407 0.705 1.082 0.858 0.99 0.125
2036 1.033 0.308 0.883 0.196 1.128 0.172 1.059 0.259 0.915 0.063 1.035 0.251 0.937 0.24 0.494 0.643 1.118 0.76 0.941 0.174
2037 0.969 0.385 0.845 0.296 1.091 0.195 1.1 0.309 0.831 0.121 1.047 0.325 0.973 0.345 0.528 0.555 1.1 0.664 0.897 0.202
2038 0.98 0.474 0.812 0.385 1.056 0.219 1.094 0.416 0.84 0.187 1.057 0.427 1.013 0.425 0.494 0.483 1.069 0.557 0.878 0.244
2039 1.016 0.551 0.86 0.496 1.035 0.266 1.106 0.516 0.775 0.304 1.07 0.505 1.032 0.521 0.551 0.422 1.085 0.524 0.883 0.285
2040 1.036 0.605 0.957 0.59 1.049 0.291 1.129 0.562 0.69 0.386 1.098 0.601 1.034 0.562 0.671 0.418 1.136 0.615 0.922 0.318
2041 1.055 0.704 1.009 0.697 1.066 0.331 1.142 0.681 0.728 0.446 1.089 0.701 1.057 0.618 0.744 0.476 1.118 0.708 0.975 0.433
2042 1.061 0.807 1.044 0.814 1.051 0.401 1.114 0.788 0.787 0.51 1.089 0.815 1.087 0.692 0.837 0.54 1.111 0.837 0.959 0.557
2043 1.057 0.892 1.074 0.947 1.033 0.481 1.124 0.919 0.843 0.553 1.118 0.934 1.103 0.815 0.9 0.665 1.138 0.936 0.922 0.61
2044 1.044 0.944 1.114 1.055 1.032 0.559 1.161 1.03 0.912 0.616 1.137 1.066 1.122 0.922 0.916 0.758 1.162 1.05 0.893 0.717
2045 1.053 1.012 1.097 1.152 1.028 0.64 1.159 1.103 0.908 0.701 1.124 1.141 1.139 1.01 0.966 0.872 1.122 1.125 0.93 0.812
2046 1.008 1.059 0.972 1.151 0.966 0.649 1.1 1.111 0.958 0.776 1.002 1.126 1.15 1.045 1.007 0.96 0.966 1.124 0.975 0.9
2047 0.942 1.039 0.854 1.122 0.905 0.657 1.034 1.088 1.021 0.814 0.909 1.128 1.159 1.067 0.985 1.029 0.863 1.071 1.012 1.013
2048 0.916 1.093 0.757 1.096 0.852 0.716 1.014 1.066 1.065 0.828 0.854 1.1 1.062 1.123 0.905 1.034 0.736 1.074 0.957 1.064
2049 0.879 1.074 0.656 1.11 0.836 0.803 0.948 1.109 1.047 0.769 0.811 1.107 0.956 1.137 0.878 1.041 0.601 1.096 0.924 1.099
2050 0.88 1.054 0.544 1.107 0.838 0.888 0.904 1.105 1.057 0.729 0.667 1.122 0.89 1.134 0.804 1.04 0.477 1.08 0.864 1.119
2051 0.751 1.105 0.429 1.082 0.854 0.934 0.902 1.067 1.059 0.685 0.537 1.108 0.802 1.121 0.757 1.009 0.356 1.04 0.764 1.136
2052 0.651 1.074 0.261 0.965 0.894 0.986 0.969 1.073 1.015 0.648 0.407 1.04 0.692 1.136 0.691 0.969 0.263 0.893 0.617 1.106
2053 0.58 1.034 0.212 0.902 0.929 1.017 1.025 1.06 1.038 0.583 0.274 0.941 0.569 1.128 0.61 0.939 0.143 0.793 0.486 1.069
2054 0.508 1.01 0.207 0.979 0.962 1.045 1.06 1.018 1.091 0.511 0.381 0.881 0.443 1.095 0.523 0.903 0.068 0.681 0.414 1.002
2055 0.464 1.018 0.307 1.037 1.012 1.042 1.055 0.972 1.103 0.432 0.374 0.949 0.3 1.087 0.467 0.897 0.111 0.637 0.429 0.939
2056 0.421 1.011 0.397 0.932 1.04 1.043 1.011 0.931 1.095 0.376 0.407 0.895 0.192 1.09 0.443 0.895 0.151 0.758 0.418 0.915
2057 0.387 1.018 0.382 0.859 0.987 1.045 0.933 0.925 1.071 0.331 0.413 0.842 0.123 1.007 0.519 0.901 0.219 0.903 0.457 0.852
2058 0.346 0.993 0.325 0.831 0.922 1.037 0.885 0.944 1.033 0.284 0.426 0.776 0.159 0.866 0.59 0.952 0.336 0.978 0.556 0.857
2059 0.483 1.062 0.233 0.873 0.857 1.06 0.883 1.005 1.001 0.236 0.424 0.731 0.147 0.799 0.669 1.01 0.293 0.925 0.606 0.913
2060 0.667 1.086 0.201 0.913 0.785 1.079 0.863 1.061 0.983 0.192 0.522 0.757 0.168 0.73 0.724 1.054 0.241 0.875 0.67 0.955
2061 0.754 1.135 0.186 0.835 0.772 1.128 0.832 1.101 0.958 0.151 0.656 0.928 0.177 0.623 0.738 1.099 0.375 0.923 0.78 0.963
2062 0.739 1.163 0.157 0.758 0.78 1.114 0.834 1.148 0.912 0.128 0.669 1.04 0.296 0.511 0.748 1.15 0.543 0.975 0.833 1.029
2063 0.754 1.134 0.189 0.683 0.81 1.145 0.907 1.139 0.884 0.095 0.562 1.065 0.307 0.37 0.791 1.147 0.469 1.1 0.884 1.013
2064 0.645 1.132 0.218 0.591 0.891 1.121 0.985 1.141 0.836 0.121 0.411 1.11 0.282 0.285 0.855 1.155 0.248 1.134 0.959 1.029
2065 0.495 1.113 0.219 0.499 0.935 1.121 1.088 1.148 0.808 0.135 0.221 1.142 0.215 0.231 0.947 1.171 0.124 1.126 0.989 1.095
2066 0.362 1.084 0.197 0.428 0.963 1.129 1.129 1.071 0.759 0.125 0.092 1.094 0.143 0.184 0.988 1.149 0.084 0.991 0.974 1.134
2067 0.232 1.031 0.167 0.385 0.983 1.102 1.087 0.973 0.724 0.114 0.068 0.984 0.07 0.136 1.097 1.008 0.145 0.898 1.029 1.033
2068 0.203 0.958 0.158 0.319 0.96 1.054 1.15 0.902 0.678 0.093 0.105 0.894 0.075 0.049 1.17 0.909 0.259 0.897 1.089 0.944
2069 0.238 0.901 0.12 0.295 0.912 1.016 1.156 0.786 0.622 0.097 0.186 0.901 0.144 0.083 1.15 0.809 0.298 0.846 1.082 0.849
2070 0.277 0.874 0.103 0.288 0.864 1.003 1.124 0.673 0.59 0.131 0.269 0.901 0.194 0.192 1.161 0.722 0.444 0.84 1.105 0.781
2071 0.337 0.833 0.123 0.262 0.819 0.961 1.129 0.6 0.571 0.169 0.399 0.894 0.185 0.292 1.17 0.628 0.586 0.858 1.06 0.688
2072 0.4 0.793 0.124 0.22 0.793 0.907 1.126 0.526 0.593 0.21 0.55 0.932 0.271 0.352 1.163 0.564 0.678 0.876 0.958 0.627
2073 0.463 0.802 0.182 0.218 0.784 0.858 1.078 0.465 0.607 0.258 0.691 0.942 0.362 0.447 1.164 0.492 0.748 0.829 0.941 0.506
2074 0.505 0.854 0.226 0.211 0.833 0.815 1.024 0.362 0.592 0.302 0.764 0.862 0.469 0.479 1.163 0.441 0.794 0.785 0.971 0.397
2075 0.541 0.903 0.274 0.22 0.897 0.76 1.031 0.245 0.606 0.371 0.822 0.798 0.572 0.539 1.155 0.353 0.816 0.74 0.981 0.259
2076 0.544 0.935 0.351 0.224 0.959 0.674 1.09 0.187 0.659 0.409 0.892 0.721 0.644 0.622 1.161 0.287 0.858 0.706 1.054 0.168
2077 0.544 0.963 0.404 0.266 1.01 0.594 1.174 0.149 0.689 0.432 0.959 0.624 0.744 0.673 1.179 0.24 0.91 0.626 1.153 0.154
2078 0.538 0.99 0.491 0.334 1.087 0.537 1.152 0.114 0.688 0.49 1.014 0.522 0.857 0.636 1.17 0.197 0.969 0.549 1.124 0.074
2079 0.502 1.021 0.59 0.363 1.155 0.45 1.052 0.097 0.648 0.512 1.089 0.461 0.89 0.583 1.152 0.142 1.025 0.5 1.025 0.073
2080 0.469 1.077 0.679 0.4 1.15 0.366 0.951 0.063 0.633 0.478 1.149 0.395 0.929 0.505 1.141 0.076 1.111 0.463 0.928 0.074
2081 0.379 1.108 0.788 0.384 1.154 0.273 0.814 0.066 0.678 0.436 1.116 0.286 1.027 0.451 1.165 0.06 1.116 0.497 0.823 0.085
2082 0.297 1.09 0.899 0.385 1.137 0.191 0.695 0.08 0.732 0.447 1.118 0.163 1.093 0.499 1.145 0.042 1.084 0.529 0.717 0.103
2083 0.219 1.068 0.987 0.392 1.139 0.132 0.571 0.064 0.754 0.488 1.076 0.086 1.108 0.549 1.107 0.049 1.061 0.619 0.618 0.098
2084 0.166 1.01 1.06 0.384 1.106 0.095 0.452 0.097 0.761 0.521 1.052 0.066 1.138 0.625 1.087 0.061 1.096 0.674 0.667 0.083
2085 0.222 0.927 1.125 0.429 1.043 0.112 0.429 0.151 0.744 0.546 1.0 0.068 1.155 0.7 1.071 0.068 1.136 0.713 0.627 0.119
2086 0.286 0.872 1.106 0.527 0.996 0.138 0.528 0.084 0.701 0.548 0.954 0.052 1.127 0.75 1.038 0.088 1.13 0.784 0.551 0.174
2087 0.378 0.87 1.083 0.605 1.015 0.189 0.448 0.097 0.671 0.588 0.894 0.047 1.131 0.819 1.0 0.125 1.135 0.854 0.702 0.119
2088 0.468 0.894 1.055 0.683 1.073 0.191 0.427 0.195 0.669 0.628 0.845 0.057 1.147 0.871 0.982 0.183 1.159 0.951 0.838 0.094
2089 0.524 0.928 1.069 0.751 1.124 0.19 0.378 0.256 0.653 0.676 0.809 0.056 1.15 0.966 1.055 0.161 1.139 1.037 0.964 0.122
2090 0.551 0.986 1.093 0.818 1.155 0.265 0.288 0.188 0.62 0.73 0.822 0.088 1.125 1.046 1.151 0.175 1.13 1.12 1.091 0.11
2091 0.571 1.016 1.096 0.875 1.131 0.345 0.273 0.09 0.594 0.746 0.817 0.123 1.146 1.113 1.18 0.225 1.096 1.139 1.157 0.163
2092 0.599 1.003 1.122 0.881 1.084 0.43 0.356 0.05 0.564 0.751 0.799 0.153 1.092 1.141 1.152 0.296 1.029 1.116 1.173 0.229
2093 0.629 0.991 1.127 0.834 1.079 0.509 0.48 0.047 0.544 0.789 0.789 0.111 1.033 1.106 1.114 0.383 0.937 1.115 1.156 0.346
2094 0.666 0.995 1.073 0.833 1.107 0.59 0.604 0.046 0.513 0.804 0.831 0.106 0.994 1.106 1.146 0.471 0.881 1.094 1.086 0.334
2095 0.683 1.02 1.041 0.868 1.132 0.668 0.73 0.046 0.466 0.798 0.882 0.103 0.898 1.101 1.155 0.593 0.811 1.048 1.028 0.351
2096 0.69 1.046 1.04 0.937 1.1 0.755 0.849 0.047 0.425 0.81 0.883 0.138 0.81 1.092 1.105 0.679 0.743 1.052 0.947 0.46
2097 0.664 1.058 1.001 0.976 1.103 0.829 0.959 0.06 0.388 0.85 0.861 0.187 0.713 1.071 1.148 0.786 0.684 1.052 0.922 0.604
2098 0.607 0.986 0.953 1.003 1.146 0.884 1.082 0.06 0.378 0.871 0.832 0.136 0.635 1.046 1.134 0.868 0.619 1.023 0.883 0.746
2099 0.58 0.963 0.909 1.015 1.123 0.945 1.169 0.107 0.389 0.937 0.859 0.086 0.58 1.041 1.038 0.97 0.55 1.014 0.782 0.862
2100 0.572 0.978 0.845 1.023 1.111 1.014 1.153 0.21 0.436 0.983 0.904 0.087 0.504 1.039 0.963 1.055 0.52 1.012 0.663 0.932
2101 0.575 0.968 0.773 1.045 1.132 1.083 1.15 0.296 0.433 1.028 0.923 0.129 0.461 1.02 0.834 1.089 0.474 0.942 0.595 0.993
2102 0.473 0.939 0.684 1.011 1.053 1.131 1.161 0.395 0.401 0.96 0.918 0.151 0.429 1.022 0.708 1.109 0.422 0.89 0.599 1.013
2103 0.413 0.867 0.634 0.967 0.951 1.12 1.158 0.509 0.337 0.868 0.933 0.167 0.41 0.983 0.573 1.117 0.324 0.812 0.575 1.023
2104 0.385 0.82 0.589 0.937 0.852 1.109 1.143 0.601 0.354 0.873 0.936 0.2 0.386 0.956 0.432 1.074 0.265 0.84 0.554 1.025
2105 0.418 0.862 0.536 0.88 0.764 1.095 1.122 0.698 0.308 0.887 0.976 0.178 0.337 0.955 0.3 1.005 0.245 0.896 0.519 1.049
2106 0.424 0.923 0.502 0.869 0.685 1.115 1.149 0.78 0.293 0.89 0.998 0.157 0.281 0.971 0.23 0.991 0.218 0.946 0.475 1.089
2107 0.358 0.961 0.415 0.841 0.58 1.112 1.147 0.727 0.272 0.902 0.986 0.135 0.265 1.019 0.174 1.046 0.123 0.958 0.421 1.118
2108 0.267 0.974 0.327 0.827 0.48 1.126 1.147 0.624 0.191 0.96 0.948 0.152 0.268 1.049 0.107 1.089 0.085 1.052 0.388 1.15
2109 0.179 1.045 0.271 0.861 0.407 1.147 1.087 0.543 0.137 1.053 0.935 0.185 0.271 1.101 0.088 1.173 0.064 1.159 0.329 1.168
2110 0.166 1.132 0.257 0.956 0.336 1.149 1.105 0.453 0.092 1.135 0.929 0.23 0.291 1.142 0.144 1.175 0.116 1.172 0.272 1.161
2111 0.219 1.149 0.225 1.024 0.279 1.162 1.077 0.414 0.074 1.108 0.886 0.247 0.256 1.153 0.205 1.156 0.121 1.146 0.249 1.148
2112 0.202 1.138 0.183 1.041 0.299 1.124 1.052 0.347 0.096 1.033 0.841 0.263 0.247 1.13 0.201 1.163 0.086 1.073 0.243 1.132
2113 0.21 1.105 0.159 1.055 0.294 1.112 1.044 0.252 0.08 0.951 0.83 0.305 0.284 1.143 0.182 1.156 0.108 1.007 0.22 1.14
2114 0.207 1.115 0.122 1.045 0.27 1.061 1.135 0.224 0.122 0.881 0.816 0.35 0.212 1.152 0.147 1.14 0.132 0.918 0.171 1.129
2115 0.134 1.084 0.13 0.999 0.256 1.017 1.119 0.136 0.128 0.813 0.786 0.409 0.229 1.118 0.085 1.102 0.172 0.968 0.126 1.135
2116 0.195 1.089 0.091 1.042 0.279 0.967 1.028 0.076 0.118 0.726 0.745 0.427 0.21 1.058 0.069 1.037 0.115 0.951 0.121 1.107
2117 0.209 1.157 0.092 0.946 0.264 0.903 0.916 0.066 0.091 0.638 0.693 0.455 0.255 1.153 0.062 0.982 0.108 0.906 0.107 1.075
2118 0.167 1.159 0.083 0.879 0.209 0.866 0.814 0.08 0.083 0.57 0.638 0.472 0.353 1.151 0.087 0.931 0.114 0.852 0.102 1.033
2119 0.133 1.1 0.092 0.818 0.19 0.865 0.798 0.062 0.071 0.514 0.529 0.517 0.466 1.118 0.076 0.882 0.15 0.873 0.109 1.011
2120 0.133 1.059 0.163 0.751 0.194 0.909 0.876 0.066 0.066 0.456 0.468 0.62 0.552 1.114 0.094 0.831 0.111 0.839 0.129 0.966
2121 0.143 1.006 0.263 0.722 0.206 0.951 0.947 0.091 0.077 0.375 0.393 0.73 0.621 1.13 0.099 0.757 0.124 0.781 0.144 0.933
2122 0.144 0.969 0.301 0.798 0.196 0.981 1.018 0.099 0.055 0.28 0.32 0.823 0.701 1.109 0.077 0.691 0.148 0.734 0.175 0.909
2123 0.135 0.927 0.273 0.868 0.176 1.017 1.121 0.096 0.082 0.21 0.256 0.893 0.785 1.115 0.073 0.649 0.139 0.689 0.19 0.943
2124 0.127 0.894 0.215 0.895 0.189 1.053 1.107 0.14 0.131 0.127 0.235 0.972 0.847 1.128 0.098 0.603 0.218 0.675 0.176 1.013
2125 0.1 0.872 0.245 0.964 0.266 1.077 1.074 0.137 0.203 0.056 0.239 1.044 0.91 1.142 0.121 0.556 0.245 0.612 0.191 1.048
2126 0.071 0.884 0.302 1.003 0.3 1.086 1.008 0.077 0.325 0.079 0.28 1.01 1.001 1.136 0.154 0.485 0.206 0.497 0.23 1.014
2127 0.074 0.921 0.359 1.0 0.371 1.089 0.89 0.092 0.418 0.1 0.284 1.048 1.051 1.131 0.126 0.416 0.165 0.408 0.242 0.936
2128 0.076 0.953 0.435 1.05 0.409 1.083 0.761 0.118 0.499 0.102 0.342 1.088 1.132 1.124 0.062 0.328 0.132 0.348 0.286 0.878
2129 0.068 0.979 0.442 1.09 0.45 1.105 0.66 0.107 0.556 0.086 0.405 1.081 1.132 1.025 0.051 0.198 0.086 0.291 0.3 0.827
2130 0.065 0.99 0.441 1.04 0.497 1.091 0.612 0.1 0.577 0.109 0.42 1.112 1.1 0.902 0.037 0.109 0.074 0.24 0.32 0.749
2131 0.09 1.005 0.441 0.965 0.547 1.079 0.571 0.075 0.508 0.088 0.387 1.099 1.069 0.793 0.062 0.048 0.059 0.182 0.322 0.679
2132 0.097 1.04 0.405 0.912 0.545 1.009 0.473 0.074 0.388 0.094 0.354 1.096 1.082 0.739 0.097 0.04 0.063 0.127 0.26 0.631
2133 0.12 1.055 0.337 0.896 0.518 0.95 0.346 0.069 0.311 0.124 0.388 1.116 1.054 0.686 0.153 0.053 0.081 0.071 0.236 0.615
2134 0.147 1.067 0.289 0.869 0.475 0.908 0.229 0.067 0.248 0.086 0.453 1.143 1.057 0.672 0.214 0.076 0.044 0.036 0.196 0.616
2135 0.168 1.09 0.225 0.847 0.37 0.866 0.138 0.086 0.171 0.07 0.53 1.158 0.994 0.748 0.131 0.085 0.045 0.08 0.143 0.567
2136 0.204 1.099 0.173 0.799 0.286 0.857 0.087 0.094 0.106 0.043 0.581 1.154 1.001 0.904 0.075 0.128 0.057 0.106 0.111 0.489
2137 0.231 1.111 0.126 0.733 0.163 0.885 0.061 0.176 0.046 0.125 0.633 1.148 0.908 0.988 0.084 0.24 0.055 0.24 0.083 0.455
2138 0.288 1.126 0.094 0.663 0.109 0.901 0.062 0.298 0.044 0.246 0.672 1.149 0.865 1.036 0.08 0.404 0.071 0.343 0.071 0.458
2139 0.323 1.128 0.068 0.66 0.083 0.823 0.065 0.403 0.042 0.359 0.747 1.146 0.725 1.065 0.059 0.49 0.065 0.438 0.073 0.622
2140 0.363 1.113 0.084 0.765 0.078 0.776 0.045 0.493 0.087 0.45 0.817 1.118 0.549 1.057 0.072 0.611 0.088 0.579 0.053 0.644
2141 0.37 1.07 0.076 0.728 0.153 0.867 0.062 0.594 0.13 0.47 0.898 1.131 0.418 1.013 0.082 0.718 0.097 0.71 0.059 0.707
2142 0.323 1.037 0.051 0.759 0.276 0.864 0.065 0.618 0.157 0.486 0.934 1.142 0.285 0.932 0.126 0.763 0.146 0.74 0.077 0.701
2143 0.3 1.039 0.066 0.833 0.34 0.798 0.071 0.543 0.135 0.511 0.967 1.139 0.244 0.849 0.121 0.826 0.18 0.812 0.099 0.79
2144 0.27 1.03 0.08 0.92 0.414 0.81 0.133 0.578 0.072 0.455 1.006 1.145 0.145 0.896 0.114 0.932 0.153 0.784 0.09 0.888
2145 0.231 1.023 0.064 1.001 0.415 0.921 0.129 0.65 0.056 0.383 1.048 1.147 0.082 0.985 0.09 1.023 0.062 0.853 0.075 0.883
2146 0.203 1.043 0.072 1.045 0.338 1.005 0.119 0.721 0.069 0.348 1.106 1.137 0.102 1.07 0.104 1.108 0.144 0.932 0.099 0.999
2147 0.196 1.085 0.093 1.1 0.209 1.053 0.119 0.757 0.092 0.313 1.146 1.139 0.109 1.136 0.086 1.151 0.178 1.059 0.177 1.094
2148 0.248 1.149 0.057 1.158 0.199 1.12 0.167 0.824 0.132 0.286 1.157 1.103 0.15 1.146 0.092 1.17 0.163 1.115 0.176 1.141
2149 0.321 1.13 0.125 1.171 0.28 1.16 0.226 0.879 0.142 0.22 1.153 1.053 0.187 1.15 0.181 1.166 0.239 1.137 0.273 1.153
2150 0.415 1.097 0.22 1.145 0.429 1.144 0.31 0.878 0.134 0.166 1.156 1.005 0.293 1.132 0.247 1.156 0.307 1.148 0.362 1.158
2151 0.5 1.074 0.294 1.157 0.511 1.151 0.38 0.857 0.171 0.159 1.138 0.956 0.351 1.12 0.327 1.144 0.417 1.146 0.466 1.143
2152 0.591 1.117 0.344 1.158 0.608 1.137 0.462 0.876 0.23 0.134 1.154 0.906 0.46 1.14 0.37 1.139 0.518 1.167 0.552 1.144
2153 0.683 1.16 0.381 1.141 0.705 1.142 0.544 0.861 0.294 0.126 1.15 0.841 0.56 1.15 0.436 1.147 0.619 1.155 0.617 1.125
2154 0.77 1.15 0.43 1.129 0.753 1.09 0.605 0.871 0.345 0.109 1.148 0.769 0.667 1.143 0.523 1.15 0.704 1.152 0.695 1.119
2155 0.864 1.133 0.477 1.136 0.815 1.035 0.63 0.895 0.388 0.098 1.15 0.692 0.754 1.115 0.574 1.16 0.782 1.145 0.783 1.13
2156 0.952 1.135 0.555 1.149 0.893 1.001 0.681 0.895 0.447 0.135 1.148 0.619 0.864 1.099 0.649 1.141 0.909 1.137 0.895 1.106
2157 1.032 1.127 0.631 1.154 0.96 0.985 0.7 0.911 0.475 0.196 1.166 0.59 0.954 1.109 0.687 1.118 0.985 1.151 0.997 1.108
2158 1.138 1.111 0.707 1.15 1.05 1.009 0.746 0.958 0.543 0.201 1.167 0.536 1.052 1.107 0.738 1.096 1.079 1.142 1.09 1.107
2159 1.16 1.066 0.809 1.155 1.151 1.002 0.793 0.965 0.604 0.189 1.144 0.48 1.119 1.056 0.79 1.119 1.144 1.104 1.147 1.051
2160 1.156 0.997 0.907 1.154 1.15 0.892 0.831 0.974 0.664 0.217 1.143 0.414 1.136 0.991 0.812 1.156 1.136 1.034 1.147 0.951
2161 1.163 0.918 0.987 1.14 1.146 0.803 0.835 0.986 0.68 0.293 1.158 0.374 1.112 0.89 0.798 1.157 1.131 0.948 1.145 0.838
2162 1.133 0.824 1.064 1.15 1.144 0.711 1.067 0.797 0.671 0.387 1.15 0.304 1.124 0.819 0.836 1.119 1.123 0.835 1.132 0.713
2163 1.15 0.741 1.117 1.133 1.151 0.626 0.821 0.988 0.572 0.274 1.163 0.247 1.102 0.685 0.871 1.113 1.037 0.722 1.107 0.615
2164 1.142 0.621 1.154 1.085 1.113 0.522 0.847 0.981 0.495 0.147 1.164 0.189 1.075 0.615 0.919 1.125 0.998 0.637 0.971 0.477
2165 1.096 0.489 1.148 0.986 1.064 0.398 0.861 1.003 0.427 0.069 1.111 0.177 0.972 0.554 0.969 1.132 0.938 0.577 0.892 0.33
2166 1.051 0.357 1.139 0.896 1.075 0.277 0.879 1.01 0.347 0.082 1.059 0.221 0.893 0.5 1.022 1.121 0.852 0.564 0.902 0.233
2167 1.09 0.245 1.111 0.758 1.134 0.195 0.92 1.01 0.327 0.134 1.022 0.214 0.844 0.495 1.065 1.133 0.862 0.635 1.004 0.237
2168 1.165 0.229 1.086 0.617 1.165 0.097 0.895 1.057 0.294 0.187 1.116 0.199 0.779 0.444 1.108 1.139 0.911 0.676 0.929 0.278
2169 1.109 0.406 1.029 0.497 1.057 0.07 0.831 1.051 0.284 0.271 1.145 0.286 0.856 0.329 1.138 1.155 0.961 0.681 0.848 0.279
2170 1.002 0.373 0.987 0.377 0.932 0.079 0.791 1.032 0.285 0.291 1.087 0.361 0.89 0.249 1.161 1.121 1.022 0.663 0.792 0.215
2171 0.887 0.245 0.885 0.305 0.794 0.088 0.76 1.05 0.204 0.252 0.996 0.26 0.858 0.152 1.154 1.071 1.107 0.679 0.772 0.149
2172 0.797 0.163 0.769 0.296 0.752 0.074 0.748 1.084 0.173 0.202 0.918 0.144 0.833 0.065 1.159 1.032 1.136 0.765 0.678 0.058
2173 0.758 0.113 0.684 0.281 0.639 0.065 0.727 1.095 0.196 0.146 0.81 0.073 0.726 0.048 1.154 1.0 1.091 0.855 0.55 0.065
2174 0.645 0.094 0.583 0.224 0.499 0.068 0.714 1.091 0.186 0.218 0.665 0.046 0.59 0.061 1.114 0.991 1.088 0.914 0.391 0.064
2175 0.551 0.078 0.486 0.177 0.399 0.064 0.727 1.097 0.107 0.308 0.535 0.032 0.532 0.046 1.135 0.955 1.104 0.959 0.267 0.073
2176 0.51 0.08 0.411 0.106 0.327 0.05 0.726 1.11 0.172 0.4 0.533 0.046 0.445 0.041 1.137 0.956 1.142 1.04 0.149 0.081
2177 0.47 0.144 0.379 0.068 0.282 0.042 0.712 1.088 0.273 0.32 0.519 0.096 0.438 0.084 1.124 0.912 1.106 1.103 0.078 0.134
2178 0.364 0.173 0.33 0.094 0.237 0.046 0.733 1.088 0.336 0.217 0.493 0.09 0.449 0.098 1.09 0.856 1.031 1.134 0.093 0.292
2179 0.363 0.15 0.26 0.065 0.188 0.053 0.734 1.113 0.286 0.177 0.51 0.093 0.476 0.066 1.078 0.825 0.957 1.141 0.094 0.452
2180 0.399 0.089 0.164 0.054 0.136 0.046 0.757 1.128 0.234 0.22 0.534 0.076 0.527 0.083 1.042 0.79 0.913 1.147 0.119 0.531
2181 0.427 0.104 0.115 0.062 0.093 0.064 0.782 1.143 0.203 0.356 0.588 0.133 0.536 0.104 1.026 0.748 0.853 1.142 0.081 0.653
2182 0.434 0.145 0.061 0.052 0.061 0.071 0.773 1.142 0.197 0.461 0.657 0.177 0.539 0.125 1.014 0.7 0.804 1.143 0.091 0.795
2183 0.426 0.2 0.084 0.054 0.136 0.076 0.745 1.132 0.153 0.577 0.703 0.208 0.466 0.213 0.992 0.656 0.784 1.122 0.077 0.924
2184 0.396 0.272 0.056 0.057 0.222 0.079 0.729 1.16 0.12 0.658 0.741 0.267 0.48 0.171 0.981 0.629 0.755 1.123 0.069 1.028
2185 0.368 0.371 0.045 0.097 0.334 0.046 0.685 1.145 0.117 0.775 0.698 0.345 0.505 0.138 1.003 0.587 0.728 1.128 0.116 1.083
2186 0.31 0.481 0.067 0.172 0.451 0.041 0.615 1.152 0.087 0.891 0.596 0.285 0.533 0.095 1.051 0.574 0.704 1.131 0.206 1.101
2187 0.307 0.574 0.069 0.228 0.512 0.053 0.549 1.164 0.121 0.919 0.554 0.201 0.596 0.107 1.091 0.591 0.722 1.138 0.296 1.089
2188 0.365 0.602 0.085 0.291 0.566 0.088 0.487 1.154 0.143 0.94 0.579 0.127 0.657 0.119 1.118 0.627 0.716 1.134 0.338 1.142
2189 0.404 0.696 0.062 0.362 0.656 0.067 0.45 1.136 0.113 0.936 0.673 0.073 0.737 0.095 1.137 0.658 0.701 1.131 0.43 1.148
2190 0.444 0.818 0.082 0.449 0.736 0.072 0.529 1.147 0.16 0.925 0.772 0.052 0.824 0.102 1.12 0.691 0.672 1.119 0.489 1.108
2191 0.493 0.924 0.09 0.535 0.817 0.072 0.633 1.142 0.23 0.897 0.891 0.079 0.914 0.074 1.084 0.714 0.689 1.117 0.56 1.111
2192 0.558 1.0 0.092 0.612 0.947 0.073 0.689 1.142 0.284 0.831 1.008 0.072 1.019 0.105 1.088 0.766 0.744 1.155 0.623 1.095
2193 0.599 1.066 0.089 0.693 1.058 0.049 0.692 1.154 0.256 0.783 1.104 0.056 1.111 0.079 1.102 0.8 0.823 1.142 0.713 1.092
2194 0.669 1.089 0.091 0.767 1.159 0.081 0.679 1.148 0.183 0.75 1.169 0.036 1.138 0.157 1.117 0.846 0.913 1.132 0.76 1.147
2195 0.729 1.089 0.145 0.847 1.109 0.199 0.685 1.162 0.149 0.681 1.167 0.149 1.135 0.274 1.115 0.906 0.98 1.147 0.725 1.162
2196 0.774 1.122 0.172 0.901 1.082 0.309 0.701 1.125 0.109 0.655 1.131 0.261 1.129 0.403 1.1 0.978 1.04 1.145 0.703 1.144
2197 0.755 1.153 0.232 0.924 1.081 0.425 0.715 1.116 0.127 0.587 1.128 0.393 1.11 0.502 1.108 1.029 1.126 1.118 0.683 1.14
2198 0.811 1.14 0.261 0.904 1.086 0.537 0.682 1.106 0.195 0.564 1.148 0.522 1.118 0.576 1.124 1.075 1.148 1.127 0.672 1.127
2199 0.875 1.112 0.333 0.913 1.118 0.625 0.688 1.114 0.282 0.593 1.174 0.628 1.141 0.654 1.138 1.107 1.139 1.153 0.662 1.134
2200 0.924 1.084 0.392 0.97 1.143 0.673 0.67 1.099 0.357 0.562 1.179 0.7 1.162 0.704 1.125 1.117 1.147 1.138 0.648 1.16
2201 0.996 1.091 0.424 1.056 1.144 0.762 0.708 1.106 0.443 0.527 1.158 0.785 1.123 0.817 1.129 1.157 1.158 1.129 0.7 1.16
2202 1.045 1.112 0.395 1.112 1.124 0.844 0.755 1.064 0.477 0.523 1.161 0.898 1.121 0.937 1.117 1.163 1.145 1.153 0.738 1.148
2203 1.108 1.136 0.364 1.108 1.145 0.925 0.737 1.075 0.537 0.497 1.166 1.009 1.138 1.046 1.112 1.143 1.148 1.112 0.731 1.116
2204 1.151 1.099 0.326 1.105 1.15 1.006 0.739 1.062 0.519 0.429 1.153 1.013 1.139 1.057 1.135 1.113 1.145 1.077 0.704 1.113
2205 1.11 1.102 0.293 1.146 1.134 1.036 0.746 1.063 0.476 0.339 1.11 1.07 1.117 1.089 1.055 1.166 1.141 1.092 0.685 1.106
2206 1.035 1.11 0.241 1.154 1.063 1.021 0.75 1.017 0.425 0.295 1.029 1.056 1.095 1.043 0.932 1.155 1.088 1.1 0.674 1.083
2207 0.945 1.118 0.185 1.156 1.074 1.025 0.739 1.03 0.407 0.238 0.969 1.088 1.118 1.0 0.82 1.112 0.995 1.105 0.662 1.068
2208 0.882 1.103 0.136 1.16 1.058 0.969 0.761 1.031 0.445 0.174 0.931 1.104 1.132 0.905 0.734 1.086 0.934 1.12 0.642 1.066
2209 0.846 1.061 0.093 1.163 1.04 0.943 0.741 1.054 0.444 0.128 0.901 1.028 1.108 0.868 0.694 1.047 0.883 1.109 0.661 1.08
2210 0.891 1.001 0.097 1.12 1.033 0.953 0.773 1.067 0.473 0.098 0.954 0.959 1.033 0.899 0.722 1.035 0.906 1.019 0.668 1.049
2211 0.985 1.013 0.096 1.081 1.017 0.978 0.854 1.027 0.358 0.142 0.98 0.928 1.04 0.914 0.704 1.032 1.004 1.026 0.659 1.028
2212 1.078 1.016 0.072 1.071 1.098 0.975 0.9 1.011 0.242 0.108 0.971 0.969 1.077 0.895 0.669 1.057 1.076 1.036 0.635 1.012
2213 1.155 0.948 0.094 1.028 1.163 0.909 0.975 1.035 0.121 0.064 1.05 1.0 1.123 0.87 0.615 1.052 1.141 0.978 0.594 1.021
2214 1.154 0.849 0.135 1.025 1.149 0.837 0.993 0.967 0.05 0.089 1.151 1.008 1.151 0.788 0.607 1.004 1.141 0.929 0.555 1.03
2215 1.162 0.771 0.157 1.055 1.122 0.783 0.888 0.976 0.055 0.16 1.161 0.939 1.13 0.664 0.642 0.951 1.131 0.869 0.558 1.062
2216 1.126 0.685 0.198 1.109 1.082 0.784 0.804 0.995 0.055 0.24 1.158 0.865 1.066 0.585 0.746 0.971 1.099 0.825 0.604 1.082
2217 1.039 0.613 0.178 1.147 1.034 0.817 0.76 1.018 0.034 0.291 1.123 0.804 0.989 0.543 0.728 1.058 1.057 0.809 0.631 1.086
2218 0.94 0.567 0.135 1.159 0.976 0.815 0.695 0.958 0.025 0.348 1.072 0.725 0.893 0.517 0.662 1.086 0.985 0.781 0.662 1.114
2219 0.872 0.518 0.093 1.162 0.906 0.858 0.705 0.891 0.045 0.405 0.978 0.707 0.818 0.481 0.692 1.087 0.917 0.747 0.65 1.161
2220 0.898 0.479 0.077 1.132 0.867 0.873 0.634 0.92 0.049 0.456 0.918 0.657 0.746 0.433 0.709 1.102 0.868 0.716 0.661 1.148
2221 0.964 0.461 0.093 1.097 0.844 0.912 0.633 0.98 0.073 0.511 0.846 0.582 0.636 0.399 0.727 1.113 0.825 0.688 0.614 1.131
2222 0.978 0.638 0.101 1.062 0.83 0.945 0.587 1.029 0.079 0.586 0.769 0.672 0.544 0.396 0.745 1.116 0.767 0.694 0.52 1.156
2223 0.914 0.774 0.095 1.03 0.791 0.927 0.514 1.054 0.056 0.675 0.732 0.704 0.439 0.434 0.786 1.095 0.764 0.827 0.404 1.157
2224 0.846 0.889 0.09 0.994 0.731 0.937 0.443 1.08 0.065 0.77 0.698 0.735 0.397 0.526 0.81 1.077 0.772 0.9 0.281 1.128
2225 0.781 0.934 0.116 0.959 0.698 1.01 0.392 1.107 0.058 0.84 0.669 0.763 0.376 0.626 0.846 1.056 0.752 0.851 0.193 1.056
2226 0.707 0.958 0.149 0.911 0.707 1.096 0.319 1.11 0.064 0.899 0.631 0.784 0.293 0.7 0.863 1.086 0.762 0.803 0.156 0.987
2227 0.609 0.925 0.114 0.899 0.751 1.151 0.281 1.145 0.069 0.982 0.598 0.772 0.201 0.754 0.89 1.08 0.737 0.769 0.119 0.955
2228 0.499 0.895 0.078 0.914 0.768 1.117 0.224 1.1 0.061 1.047 0.575 0.739 0.151 0.854 0.904 1.113 0.71 0.724 0.069 0.974
2229 0.413 0.893 0.065 0.889 0.633 1.118 0.22 1.035 0.061 1.111 0.526 0.729 0.114 0.899 0.904 1.133 0.709 0.644 0.068 1.055
2230 0.34 0.868 0.101 0.83 0.467 1.131 0.277 0.96 0.08 1.161 0.488 0.729 0.112 0.93 0.934 1.138 0.767 0.573 0.087 1.106
2231 0.399 0.828 0.16 0.81 0.343 1.108 0.325 0.819 0.153 1.164 0.452 0.71 0.19 0.995 0.944 1.113 0.816 0.545 0.168 1.132
2232 0.478 0.749 0.201 0.801 0.242 1.122 0.36 0.775 0.25 1.164 0.434 0.676 0.263 0.975 0.958 1.063 0.868 0.547 0.223 1.082
2233 0.552 0.7 0.229 0.729 0.202 1.063 0.442 0.748 0.318 1.146 0.452 0.651 0.29 0.924 1.027 1.057 0.909 0.544 0.156 1.019
2234 0.6 0.662 0.165 0.663 0.146 0.961 0.508 0.724 0.378 1.113 0.497 0.662 0.352 0.863 1.06 1.039 0.959 0.525 0.144 0.894
2235 0.637 0.643 0.098 0.615 0.123 0.858 0.54 0.707 0.458 1.098 0.514 0.681 0.442 0.865 1.072 1.015 0.976 0.487 0.107 0.81
2236 0.678 0.64 0.049 0.522 0.109 0.82 0.57 0.694 0.522 1.123 0.477 0.703 0.522 0.83 1.09 0.977 0.984 0.448 0.185 0.675
2237 0.664 0.618 0.065 0.448 0.179 0.701 0.611 0.663 0.596 1.149 0.368 0.762 0.583 0.816 1.084 0.898 0.923 0.407 0.156 0.574
2238 0.627 0.623 0.064 0.371 0.177 0.629 0.634 0.633 0.705 1.137 0.319 0.804 0.671 0.851 1.11 0.863 0.851 0.387 0.184 0.546
2239 0.656 0.588 0.063 0.308 0.394 0.634 0.609 0.623 0.793 1.127 0.323 0.801 0.713 0.934 1.134 0.851 0.763 0.392 0.223 0.558
2240 0.706 0.604 0.113 0.27 0.6 0.711 0.645 0.598 0.888 1.151 0.361 0.773 0.712 1.036 1.124 0.811 0.66 0.472 0.34 0.532
2241 0.739 0.735 0.151 0.216 0.771 0.81 0.708 0.59 0.989 1.149 0.388 0.746 0.688 1.118 1.136 0.767 0.604 0.525 0.467 0.525
2242 0.788 0.82 0.194 0.153 0.898 0.944 0.721 0.683 1.077 1.159 0.356 0.723 0.601 1.139 1.125 0.735 0.561 0.578 0.524 0.506
2243 0.863 0.885 0.217 0.077 0.985 1.069 0.633 0.671 1.131 1.121 0.344 0.75 0.521 1.102 1.1 0.71 0.604 0.67 0.46 0.472
2244 0.9 0.907 0.227 0.037 1.081 1.127 0.595 0.729 1.134 1.034 0.314 0.801 0.462 1.099 1.092 0.681 0.585 0.717 0.378 0.453
2245 0.943 0.907 0.268 0.048 1.146 1.096 0.555 0.794 1.129 0.976 0.352 0.822 0.392 1.081 1.097 0.659 0.594 0.746 0.291 0.418
2246 0.971 0.922 0.301 0.07 1.131 1.053 0.476 0.746 1.119 0.918 0.395 0.85 0.352 1.093 1.086 0.626 0.595 0.763 0.21 0.383
2247 1.027 0.905 0.328 0.075 1.12 1.009 0.411 0.816 1.101 0.833 0.348 0.804 0.299 1.127 1.099 0.569 0.654 0.791 0.209 0.324
2248 1.077 0.913 0.339 0.109 1.103 0.896 0.387 0.816 1.017 0.789 0.296 0.865 0.232 1.159 1.097 0.507 0.723 0.823 0.189 0.348
2249 1.046 0.793 0.373 0.098 1.114 0.795 0.404 0.863 0.961 0.724 0.239 0.812 0.152 1.156 1.107 0.462 0.796 0.845 0.157 0.475
2250 1.048 0.67 0.388 0.049 1.119 0.683 0.379 0.896 1.015 0.659 0.16 0.751 0.082 1.145 1.138 0.452 0.854 0.851 0.106 0.521
2251 1.097 0.673 0.429 0.054 1.124 0.582 0.348 0.935 1.106 0.591 0.16 0.676 0.072 1.048 1.143 0.413 0.871 0.793 0.108 0.682
2252 1.14 0.614 0.481 0.064 1.154 0.475 0.257 0.952 1.1 0.484 0.175 0.826 0.08 0.945 1.114 0.382 0.827 0.759 0.117 0.564
2253 1.154 0.509 0.53 0.086 1.16 0.388 0.174 0.919 1.088 0.399 0.145 0.908 0.064 0.887 1.119 0.353 0.795 0.718 0.149 0.484
2254 1.151 0.423 0.563 0.135 1.149 0.321 0.107 0.965 1.116 0.333 0.12 0.897 0.083 0.825 1.167 0.295 0.733 0.678 0.122 0.383
2255 1.1 0.35 0.514 0.047 1.172 0.244 0.089 1.044 1.098 0.252 0.089 0.884 0.084 0.747 1.179 0.223 0.656 0.683 0.144 0.277
2256 1.099 0.273 0.376 0.045 1.158 0.161 0.079 1.127 1.082 0.203 0.082 0.855 0.1 0.674 1.164 0.139 0.589 0.653 0.217 0.182
2257 1.14 0.222 0.286 0.045 1.142 0.122 0.131 1.142 1.114 0.154 0.11 0.843 0.092 0.601 1.168 0.063 0.485 0.619 0.243 0.115
2258 1.175 0.18 0.247 0.072 1.084 0.073 0.179 1.132 1.05 0.05 0.127 0.86 0.051 0.577 1.122 0.052 0.366 0.605 0.211 0.109
